0.607516306930292
0.6221383682528363
0.6216763434893955
0.5917101645041383
0.6288301179270599
0.6288387114157901
0.5978464791164548
0.6322148806107534
0.6320113812534356
0.6320894064349818
0.6323090301340569
0.6317837462051894
0.6317449738624882
0.6195484108735835
0.630635665351142
0.606756152790086
0.6169966159765411
0.6170824122591865
0.5961960303034873
0.5986180357997717
0.6049508086528338
0.6053176304975781
0.5910294955145315
0.6179923425916809
0.6040605047397618
0.6041663062945586
0.6042031012108207
0.603581098952341
0.6198910877870891
0.6069702692641253
0.6099351707210192
0.6034366359385686
0.602418621694593
0.5933912541865999
0.6067001103071302
0.5909999357613616
0.6033862670062371
0.6036633746767002
0.60454685000034
0.6068824123922469
0.6044836739977072
0.6028352672933519
0.6056367908209564
0.5837312950243367
0.6072342372131105
0.6036978964765883
0.6019963672273835
0.606196208456673
0.6051386087226757
0.6054140716178764
0.6055797596247814
0.605671959442577
0.6059158759178586
0.6018480140429063
0.6101238763412865
0.6026284876258197
0.6070707761210271
0.603726633842127
0.6072160060805678
0.6051187143342498
0.6054858780704812
0.6152845804943403
0.5921038202104663
0.5991999905527067
0.6034631925908382
0.5892330128350131
0.6035061415538684
0.6076032212905033
0.5927843690760369
0.6048005427240909
0.6040366647387683
0.6070393867863856
0.6002775770782345
0.6045742567611722
0.5943751994058998
0.6050451522226569
0.6071479511940108
0.6144458097927183
0.6270475603954084
0.6062779297624042
0.6026242925248697
0.6141632318584614
0.6048208991280399
0.6019686000944434
0.6059824246338102
0.6052134275164914
0.6050225781441967
0.6056973795366598
0.6017600093260606
0.6049541351646003
0.6067758900932342
0.6055936016098543
0.6044609243533483
0.6019536769930462
0.6005089914134599
0.6054006731677056
0.6057229936772621
0.5945644040029321
0.6190454145735516
0.600790294184873
0.6086264470695797
0.6068032506525138
0.6072005655217849
0.6054437976966346
0.6072318994145636
0.6053114949314309
0.6037068503374265
0.6071672264816357
0.5914933313788229
0.6163472069572292
0.6035998013407173
0.6177675997606094
0.6056091068508105
0.6043961405366951
0.6011208478110517
0.6067141278581019
0.5945645795688308
0.6185971578727002
0.6038157566365387
0.6059408617173494
0.6017627167370261
0.6059339592054338
0.6100016547547976
0.6043465200695107
0.6046600900050593
0.6038213100631268
0.6059740067109789
0.6055424749720647
0.6190560409305835
0.6071308288987235
0.6035359785163522
0.6020568358190507
0.6033881612698818
0.6059535024620621
0.6034852769328438
0.6064207664815353
0.6077762091426736
0.6038051487601278
0.6048773112234141
0.6048314792835197
0.6072223449335452
0.6038482086068836
0.614874717283461
0.6072230287165193
0.6063210820122646
0.6034667870716081
0.6019770642188271
0.6088393068613962
0.6045959530101382
0.6071852912885902
0.6054752517134492
0.6165010581264316
0.5974660370540885
0.6050972121318033
0.6062927327397654
0.6062009394956299
0.6063369476253291
0.606876341508273
0.6178546434851672
0.6020223787013357
0.6155277854657162
0.6038335257535585
0.6058047427039248
0.6058718365981938
0.605843357961348
0.6045240171931869
0.6170105318840978
0.604053953359644
0.6306745485775687
0.5849065701120754
0.6024680296346366
0.6067727206667454
0.6092432655138899
0.6067526045108682
0.6049786681888785
0.6065146480358352
0.6045852527306228
0.6068435568867517
0.6080623076352167
0.6081391315764029
0.601994020188526
0.6168371744195089
0.60521180122185
0.5897476704068485
0.5946071311985112
0.5998677231076658
0.6051334156681956
0.6141860739059251
0.606948369728329
0.604226497676912
0.5907773551629385
0.6018596475937787
0.6048253159964412
0.6054880957449924
0.6072949368125394
0.6045779436450467
0.6072642589818035
0.6171670997045762
0.606259430660858
0.6039050642371598
