0.7348218566984432
0.7783354331260752
0.798725470131589
0.811604564380769
0.8310380502071502
0.8441811089195456
0.8583168965914237
0.8703903374499797
0.8822213427357399
0.884344133997805
0.9074127667493525
0.9113448114734087
0.9189851942389471
0.9284556215790665
0.9331028841317606
0.9418582003099165
0.9437756137795992
0.9508944142858251
0.9540570011773868
0.9596746993546453
0.9615093661517773
0.9662648420454999
0.9671927710003747
0.9716787802082688
0.9737966292477603
0.9743586826210618
0.9715246024195272
0.9785096340273517
0.9808453853045607
0.9821771187325951
0.9830830032414579
0.9832654388099868
0.9852124078373267
0.9849727278202828
0.9871205146396811
0.9869559635168685
0.9888535636518091
0.9888221147606835
0.9900430392919493
0.9899340970619803
0.9918486571981268
0.992591866139866
0.9915024260623948
0.9920639016578774
0.9927352883722873
0.9938084084485981
0.9936476795482795
0.9936019906561415
0.9946459551748235
0.9943659907104705
0.9954531374544454
0.995228497438471
0.9960783286100146
0.9955061774582169
0.9965280353086603
0.9957983285901034
0.9958890663743338
0.9961819552840501
0.9970414931229508
0.9973354753660783
0.997146666463763
0.9971344886851192
0.9974428087070442
0.9977877509537956
0.9975062042671079
0.9977513776178757
0.9978103109553998
0.9979518931876902
0.9983952354414389
0.9981504176462519
0.9985080532272393
0.9983007287680519
0.9984110932203445
0.9987109332416665
0.9984071821089552
0.9988525154739567
0.9987491554666066
0.9987762132463086
0.9985419198963142
0.9988239554719258
0.9987568532449318
0.9991083021588126
0.9988501688071231
0.9987792532465247
0.9990409243762436
0.9985847110104682
0.9992243732781777
0.9992567821693711
0.9991401421610768
0.9992197155000687
0.9992005688320404
0.9993955555125728
0.9993441066200253
0.9993078577285589
0.9993204266183415
0.9991782043860057
0.9993641066214476
0.9994106844025376
0.9994338488486292
0.9995183999657529
0.9994540088500629
0.9995055644092845
0.999426542181443
0.9995279110775405
0.9995368355226194
0.9995097777429175
0.9994685866288774
0.9996279466402095
0.9996393777521335
0.9995320266333886
0.9996288355291616
0.9995501688569008
0.9995805155257256
0.9995881244151554
0.9996847999775859
0.999604017749619
0.999550204412459
0.9997447288707363
0.9997110755350098
0.9996028088606441
0.9996132266391629
0.9997074488680852
0.9996266488623394
0.9995172621878942
0.9996889066445444
0.9997371910924225
0.9997279644250997
0.9997120888684152
0.9997611910941291
0.9996858310887703
0.9997390399814429
0.9996644088650246
0.9997587022050632
0.9997696444280636
0.9997081066459098
0.9998118577643988
0.9997711999837298
0.999688337755615
0.9997300266474686
0.9997848888735921
0.9997944533187166
0.9997940444297987
0.9998176888759246
0.9998087822086246
0.9998328533214473
0.9997689955391286
0.9998234488763341
0.9997939733186826
0.9998243733208444
0.9997886755405281
0.9998304533212766
0.9997613333163615
0.9997581333161338
0.9998387555440892
0.9998346666549096
0.9998434488777564
0.9997808533177496
0.9998567644342587
0.9997963733188532
0.9998330310992378
0.9998063822084539
0.9998697599907385
0.9997985777634544
0.9998449599889749
0.9998297777656732
0.9998581866565821
0.9998385066551827
0.9998706311019115
0.999851839989464
0.9998229422096314
0.9998658666571283
0.9998566044342474
0.9998535999895894
0.9998113955421437
0.9998422044332235
0.9998122666533167
0.9998367999883946
0.9998214577650814
0.9998269688765844
0.9998830222139038
0.9998654933237685
0.9998694399907158
0.9998711822130618
0.9998427199888157
0.9998550933230288
0.9998598933233702
0.99986360887919
0.9998589688788599
0.9998934577702014
0.9998415288776199
0.9998513599894301
0.9998859199918877
0.9998449244334169
0.999879768880339
0.9998540266562863
0.9998849066584822
0.9998859377696666
0.9998816711026965
0.9998932977701901
0.9999055999932871
