0.6763548881730258
0.7550951562289108
0.7765634729102169
0.790413308809593
0.8037856702663563
0.8141446368543579
0.8263196735997018
0.8333696645976929
0.846587195883623
0.8571898987799469
0.8628377166332674
0.871057174416676
0.875961931628231
0.886355403330084
0.8955570835565574
0.8956937891835972
0.9004299379187352
0.9038920362288537
0.9091414428258117
0.9130973413640857
0.9159359279754552
0.9203020986176425
0.9211875533452805
0.925118954074488
0.9289633113397244
0.9313838281845112
0.933046026900037
0.9251723872383563
0.935209330445751
0.9423450774716048
0.9423193104879348
0.9479583902110736
0.948304637478171
0.9463113941985279
0.9498096320272029
0.9523340111821404
0.951368507146978
0.9567960547260055
0.9519523365951852
0.956050711396105
0.9614084087181959
0.9584109196203601
0.9637519715805694
0.9626960365722432
0.9612864949102721
0.9637272363719364
0.9651652842433397
0.9670097875640941
0.9677119241729717
0.9691086553891282
0.9703143803928849
0.969764024283492
0.9719749173114486
0.9696355637259965
0.9725780674320318
0.9726795740080273
0.9734465754829542
0.9756222603291136
0.9747976620671597
0.9773069115651372
0.978203880171729
0.9784063911323301
0.9790483286897066
0.9796750635441028
0.9795094956082816
0.9784578794459071
0.9777091577375668
0.9821496344439304
0.9823200142863406
0.9830103448321831
0.9826655584854923
0.9823043093919706
0.9838478996319923
0.9834428503185326
0.9853414076943283
0.9870330256945402
0.9845449230194472
0.9861164259699857
0.9851566103936562
0.9875495249735122
0.9871440008609204
0.9883293916787691
0.9893491232532711
0.9882884676458814
0.989002337271774
0.9885615958466325
0.9892204526884669
0.9902470597196322
0.9904055147992242
0.9892895907467054
0.9906573500850502
0.9915552956821639
0.9909951057522846
0.9913722971397424
0.990804355200956
0.9890247624000139
0.9919995067932708
0.9912499267941915
0.9924616324408626
0.9929876916177446
0.9927537069531357
0.991983418407294
0.993520763212578
0.9924939370433516
0.9918710644972802
0.9938771182227377
0.9934726989312034
0.9930471602090425
0.9943366142135976
0.9942309348836913
0.9933645360366058
0.9929471875994739
0.9943515612555069
0.9950082449782368
0.994595507571138
0.9948520725867799
0.9936062635793693
0.9951373446884104
0.9944019721402843
0.9954578341025903
0.9954582906402172
0.9954525930506316
0.9956168187658294
0.9956143352011384
0.9948939005641692
0.9947847332867922
0.9962835554471066
0.9941964206390874
0.9959852263693431
0.9957477172342534
0.9950114407416261
0.9965409970149925
0.9959669100797462
0.9959808253466185
0.996379117903198
0.9964452336823455
0.9960167639886187
0.996656537557643
0.9959579436807513
0.9965809714496161
0.9972409422432605
0.9968668553116666
0.9962040539847343
0.9965512782423536
0.9965932614425359
0.9970500638613965
0.9973380569272836
0.9972384678093219
0.9970140613041282
0.9972051496933007
0.9968886504179811
0.9972009495471321
0.9971410335489598
0.997317731872128
0.9975618334105522
0.9966947771492838
0.9979140065360483
0.9973245981980386
0.9970805514441299
0.9979820854269921
0.9975336741697166
0.9976430971081648
0.9974142987109988
0.9973235207692388
0.9977427136183841
0.9978026844010717
0.9980685353920478
0.9979014060975421
0.9979511686988891
0.9980349159611928
0.9982033966070745
0.9981055697243529
0.998137180389649
0.9976890430549495
0.9984456902564954
0.9980604090222864
0.9980695215133222
0.997835463802693
0.9984174944926496
0.9983540175009865
0.9985155587749371
0.9985185719232755
0.9979256938993005
0.99840639149756
0.9982114681923204
0.9985571036989978
0.9984495799570777
0.9982323776156389
0.9982981190339321
0.9983865412415366
0.99824837469409
0.998300328676047
0.9981124177887585
0.9982596237812202
0.9982874360534593
0.9984801314550792
0.9989455259120804
0.9986347881416142
0.9983971329144838
0.9985535244440015
