0.5185600742402969
0.5418831675326701
0.559065736262945
0.5706452825811302
0.5810153240612963
0.5931303725214901
0.5984213936855748
0.6028474113896456
0.6126714506858028
0.619126476505906
0.6324505298021192
0.6400475601902408
0.6542966171864688
0.6593021372085488
0.6682861731446926
0.668811675246701
0.6817947271789087
0.6887187548750195
0.6953477813911257
0.7067308269233077
0.7181488725954903
0.7157688630754524
0.7093983375933504
0.726189904759619
0.7219518878075513
0.7370269481077925
0.7179888719554879
0.7429849719398878
0.7554270217080868
0.755494021976088
0.7671140684562738
0.7673470693882776
0.768874075496302
0.7745450981803927
0.7822441289765159
0.7783491133964535
0.7826671306685227
0.7862761451045805
0.7890891563566255
0.7882101528406114
0.7886031544126177
0.7928641714566859
0.7970951883807535
0.803867215468862
0.801994207976832
0.8008912035648144
0.8072242288969156
0.8101272405089621
0.8076277305109221
0.8110412441649766
0.8106482425929703
0.813312253249013
0.8140442561770247
0.8198342793371174
0.8204492817971272
0.8221577886311544
0.8268803075212301
0.8294123176492705
0.8291483165932663
0.826558306233225
0.8322903291613166
0.8327873311493246
0.8351968407873631
0.8389813559254238
0.8375873503494015
0.841820367281469
0.8366103464413857
0.8400223600894403
0.8446923787695151
0.8427863711454846
0.8480423921695686
0.8486503946015784
0.8500824003296014
0.8524324097296389
0.8535974143896575
0.8540244160976644
0.8584774339097356
0.8573814295257182
0.8611164444657778
0.8622764491057964
0.8609644438577755
0.8636234544938179
0.8632754531018124
0.8668644674578698
0.8687304749218996
0.8683464733858934
0.8658464633858536
0.8656664626658507
0.8672314689258758
0.8704984819939281
0.8714004856019425
0.8727169908679635
0.8718044872179487
0.8758395033580135
0.8761895047580189
0.8780105120420482
0.8754055016220065
0.8801735206940827
0.8798365193460774
0.8780805123220492
0.8820935283741134
0.8833405333621336
0.8832995331981328
0.8809725238900955
0.8857895431581726
0.8844485377941512
0.8834015336061345
0.8868885475541903
0.8824085296341186
0.8897695590782364
0.8874275497101989
0.887682550730203
0.889870559482238
0.8908255633022533
0.8901365605462421
0.8882405529622119
0.8923735694942779
0.8937855751423007
0.8944785779143116
0.8954645818583274
0.8934555738222953
0.8975995903983616
0.8957965831863328
0.8974025896103585
0.9002776011104044
0.9006406025624101
0.8986245944983782
0.9017706070824284
0.8978465913863656
0.9023396093584373
0.9015116060464241
0.9031406125624503
0.9040626162504651
0.9047636190544762
0.9043296173184693
0.9038646154584619
0.9070426281705128
0.9022376089504358
0.9051526206104824
0.9062776251105003
0.9085116340465363
0.9076896307585229
0.9099676398705596
0.9100866403465614
0.9096176384705539
0.909678138712555
0.909308637234549
0.911941647766591
0.908003632014528
0.9098866395465581
0.9103606414425657
0.9134346537386151
0.9119056476225904
0.9138216552866212
0.913561654246617
0.9149876599506398
0.9150456601826408
0.9158236632946531
0.9136006544026176
0.9164876659506638
0.9139906559626239
0.9175176700706802
0.9176076704306817
0.9187506750026999
0.9183346733386935
0.9176556706226825
0.9181926727706913
0.9177826711306847
0.919119676478706
0.9199946799787199
0.917618670474682
0.9201366805467222
0.9203366813467255
0.9210016840067359
0.9220706882827532
0.9232696930787723
0.9222216888867555
0.9208496833987335
0.92437869751479
0.9220946883787535
0.9221036884147537
0.9265507062028248
0.926439705758823
0.9272077088308353
0.9269127076508306
0.9266817067268269
0.925691702766811
0.9270437081748326
0.9273437093748376
0.9275877103508412
0.9290047160188641
0.9295947183788734
0.9256057024228096
0.9261647046588186
0.9275777103108412
0.9281327125308501
0.9292627170508683
0.9288497153988616
0.9297627190508762
0.9274107096428386
0.9294647178588714
0.9302987211948848
0.9325977303909215
0.9321277285109141
0.9335507342029368
0.9339437357749432
0.934873739494958
0.9349367397469589
0.9330107320429282
0.9349637398549595
0.9357527430109721
0.9346327385309542
0.9336007344029374
0.9341827367309468
0.9367867471469885
0.9357067428269714
0.9380937523750095
0.9399177596710387
0.9390377561510247
0.9378677514710059
0.939627758511034
0.9382107528430114
0.9383717534870138
0.9396137584550337
0.9413907655630623
0.9381967527870111
0.9387137548550194
0.9411617646470586
0.9406167624670498
0.9409237636950547
0.9395687582750332
0.940125760503042
0.9388307553230213
0.9414317657270629
0.9422687690750762
0.9424417697670792
0.9401117604470418
0.9421507686030745
0.9451677806711227
0.945316781267125
0.9418637674550697
0.9445757783031132
0.9440287761151045
0.9428047712190848
0.9443727774911099
0.9457222828891315
0.9446627786511146
0.9429617718470874
0.947001788007152
0.9447787791151164
0.9455497821991289
0.9461017844071375
0.9470397881591526
0.9464177856711427
0.9442737770951084
0.9455392821571287
0.947382789531158
0.9470317881271525
0.9492087968351873
0.9474407897631592
0.9484117936471747
0.9491377965511862
0.9495797983191934
0.9513318053272213
0.9501498005992024
0.9490497961991848
0.9505538022152089
0.9511598046392186
0.9494047976191904
0.9485887943551773
0.9493257973031891
0.9487897951591807
0.949873799495198
0.9520918083672335
0.9515498061992248
0.9524538098152393
0.9524688098752396
0.9547818191272764
0.9524468097872393
0.954244816979268
0.9537118148472594
0.9539218156872628
0.9547728190912764
0.952003808015232
0.9498377993511975
0.952874811499246
0.9545058180232721
0.9539618158472634
0.9531758127032509
0.9527228108912436
0.9538518154072616
0.9541798167192668
0.9573678294713179
0.9560938243752974
0.9562888251553006
0.9560238240952963
0.9554908219632879
0.9564188256753026
0.9555168220672883
0.9572268289073155
0.9557718230872924
0.9564598258393033
0.9566188264753059
0.9570048280193121
0.955999823999296
0.9559868239472957
0.9571148284593138
0.9577878311513246
0.9584568338273354
0.9572608290433161
0.958690834763339
0.9589558358233432
0.9580028320113281
0.9583858335433342
0.9583968335873344
0.9585198340793364
0.9584108336433346
0.9596028384113537
0.9579148316593267
0.9572338289353157
0.9584588338353354
0.9594958379833518
0.9591978367913472
0.9585938343753375
0.9590958363833455
0.9587178348713395
0.9591488365953464
0.9615508462033848
0.96125284501138
0.9611688446753787
0.9610658442633769
0.9607898431593728
0.9616748466993867
0.9542403169612679
0.9597938391753567
0.961060844243377
0.9608498433993735
0.9617198468793875
0.9604728418913675
0.9597388389553558
0.9599603398413593
0.9621558486233945
0.9628438513754054
0.9628238512954053
0.9624458497833992
0.9608928435713743
0.9611618446473785
0.9597838391353566
0.9614798459193836
0.9622008488033953
0.963628854515418
0.9636108544434179
0.9644648578594314
0.96375285501142
0.9647918591674367
0.9641458565834263
0.9643378573514295
0.9646118584474338
0.9650298601194406
0.9631068524274097
0.9641538566154264
0.9632128528514113
0.9630338521354086
0.9628948515794062
0.9639018556074225
0.9625948503794015
0.9633628534514138
0.9648708594834379
0.9657158628634515
0.9657768631074524
0.9648498593994376
0.9640738562954252
0.9650928603714414
0.9654498617994471
0.9657728630914524
0.9657188628754515
0.9667308669234677
0.9654228616914466
0.9670238680954724
0.9675108700434802
0.9684608738434954
0.9688218752875011
0.967811871247485
0.9668418673674695
0.9682858731434926
0.9673718694874779
0.9680998723994896
0.9667388669554678
0.9685198740794964
0.9658458633834536
0.9679518718074871
0.9671358685434741
0.9671728686914747
0.9682758731034923
0.9664738658954636
0.9681218724874899
0.965186860747443
0.9669798679194717
0.9683398733594935
0.9671738686954747
0.9653448613794455
0.9682148728594914
0.9676608706434826
0.9688298753195013
0.9681208724834899
0.9700128800515202
0.9698878795515182
0.9700708802835212
0.9690418761675046
0.9681428725714903
0.9688728754915019
0.9693628774515098
0.969501878007512
0.9688398753595014
0.9690078760315041
0.9692098768395073
0.9674588698354794
0.9666778667114669
0.9701948807795231
0.9694698778795116
0.9698928795715182
0.9703508814035257
0.9695528782115128
0.9711178844715379
0.9696008784035136
0.9690728762915052
0.9708838835355342
0.9698948795795183
0.9700798803195213
0.9696098784395137
0.9703478813915255
0.9705198820795282
0.9705978823915296
0.9690318761275045
0.9699188796755186
0.9701628806515226
0.9716408865635462
0.9700798803195212
0.9708818835275341
0.9706268825075302
0.9718738874955499
0.9701548806195225
0.9714588858355433
0.971938887755551
0.972440889763559
0.9730348921395686
0.9721598886395546
0.9726678906715628
0.97249788999156
0.9721428885715542
0.9728318913275653
0.9727078908315634
0.9715328861315446
0.9698838795355181
0.9705428821715287
0.9709158836635347
0.9725238900955604
0.9708338833355334
0.9727878911515646
0.9716568866275465
0.971628886515546
0.971991887967552
0.9722938891755568
0.9722318889275559
0.9727908911635647
0.9717088868355472
0.9719448877795511
0.971430885723543
0.9714768859075436
0.9728338913355653
0.9732668930675722
0.9730958923835695
0.9717248868995475
0.9726038904155617
0.9737398949595799
0.9739478957915831
0.9736428945715783
0.9739228956915826
0.9732648930595722
0.9723368893475575
0.9729488917955672
0.9722678890715564
0.973501894007576
0.9733598934395737
0.973311893247573
0.9708728834915339
0.9747768991075965
0.9738458953835816
0.9737128948515793
0.9737018948075793
0.9744108976435906
0.974440897763591
0.9740948963795855
0.9746778987115948
0.9729618918475674
0.9738888955555821
0.9736148944595778
0.9745928983715935
0.974008896035584
0.9740028960115841
0.9737818951275805
0.9748918995675984
0.9737738950955803
0.9735918943675774
0.9732198928795714
0.9740928963715855
0.9732178928715713
0.9728738914955659
0.9747848991395967
0.9738718954875819
0.9745478981915927
0.9746733986935948
0.974441897767591
0.9746518986075945
0.9739983959935841
0.9741178964715859
0.9747058988235953
0.974874899499598
0.9752729010916044
0.9754809019236078
0.9741528966115865
0.9738648954595819
0.9739178956715826
0.9747318989275957
0.9758489033956137
0.9751489005956024
0.974813899255597
0.9734398937595751
0.9750889003556015
0.9757259029036116
0.9759519038076153
0.974571898287593
0.9745948983795935
0.973996895987584
0.9745118980475922
0.9752979011916048
0.9760309041236164
0.9756429025716103
0.9753919015676065
0.9750969003876016
0.9756149024596098
0.9761019044076178
0.9747788991155963
0.9740448961795848
0.9749788999155996
0.9764859059436237
0.9762959051836207
0.9772699090796363
0.9764959059836239
0.9760749042996172
0.9754169016676065
0.9754679018716075
0.9770199080796323
0.9768669074676297
0.9759659038636155
0.9762869051476206
0.9760929043716174
0.9760944043776176
0.9762069048276192
0.9768669074676298
0.9779829119316478
0.9770189080756322
0.9757899031596124
0.9757209028836116
0.9761739046956188
0.9764609058436233
0.9773349093396373
0.9769119076476306
0.9761919047676191
0.9747108988435953
0.9753909015636062
0.9752949011796047
0.9773519094076375
0.9767759071036284
0.9778389113556454
0.9772119088476353
0.9775499101996408
0.9773379093516373
0.9779269117076468
0.9765939063756255
0.9780909123636494
0.9785919143676576
0.9779129116516466
0.9786649146596587
0.9776679106716428
0.9777099108396434
0.9770839083356333
0.9771709086836347
0.9776959107836432
0.9776959107836432
0.9775169100676403
0.979123916495666
0.9787639150556602
0.9790869163476654
0.97937491749967
0.9776244104976419
0.9782909131636528
0.9789289157156629
0.9783319133276535
0.9779859119436477
0.9783889135556543
0.9769189076756307
0.9777389109556438
0.9782599130396521
0.9776489105956424
0.9786429145716584
0.9783429133716535
0.9778999115996465
0.9764569058276232
0.976990907963632
0.9781179124716499
0.9789419157676631
0.979811919247677
0.9792679170716683
0.9799799199196797
0.97875191500766
0.9797839191356766
0.9803029212116848
0.979316917267669
0.9787759151036605
0.9795819183276734
0.9795219180876724
0.9783369133476534
0.978937915751663
0.9793279173116691
0.9792279169116676
0.9783459133836534
0.9786769147076588
0.9791789167156668
0.9795669182676731
0.9793849175396702
0.9794759179036715
0.9784549138196552
0.9793719174876699
0.980122920491682
0.9793584174336697
0.9792619170476682
0.9795329181316725
0.9796389185556742
0.9796669186676746
0.9797079188316754
0.9801069204276818
0.9787359149436599
0.9804039216156865
0.9804299217196868
0.9793729174916701
0.980435921743687
0.9794789179156717
0.9796109184436738
0.9789199156796629
0.9803599214396856
0.9795999183996736
0.9801709206836826
0.9802759211036844
0.9807999231996928
0.9813939255757023
0.9801469205876824
0.9800689202756812
0.9803239212956852
0.9799519198076794
0.9810129240516962
0.9811639246556986
0.9806429225716902
0.9802709210836844
0.9805159220636882
0.9803289213156853
0.9804299217196868
0.9803369213476855
0.9807169228676914
0.98000392001568
0.9812979251917008
0.9813529254117017
0.981496925987704
0.9813219252877011
0.9816539266157065
0.9812999251997008
0.9808849235396941
0.9810929243716976
0.9814189256757028
0.9811589246356985
0.9806779227116909
0.9807229228916915
0.9800459201836806
0.9802079208316834
0.9794469177876711
0.9807049228196912
0.9801469205876823
0.9809679238716954
0.9812729250917003
0.9813929255717022
0.9813649254597019
0.980935923743695
0.9798939195756783
0.9812109248436993
0.9818579274317097
0.9817999271997087
0.9824339297357189
0.9824039296157184
0.9833809335237342
0.9829389317557271
0.9825229300917202
0.9830119320477282
0.9823559294237175
0.9821049284197136
0.9823479293917177
0.9818659274637098
0.9819779279117117
0.982133928535714
0.9822169288677156
0.9812719250877004
0.981622926491706
0.9818089272357089
0.9818969275877103
0.9819609278437114
0.981994927979712
0.981439925759703
0.982692930771723
0.9820269281077124
0.9824449297797192
0.9826259305037219
0.9822379289517158
0.9820389281557127
0.9822669290677164
0.9828979315917263
0.9821649286597146
0.9827999311997249
0.9804814219256877
0.9813389253557013
0.9821699286797148
0.9821439285757143
0.9819739278957116
0.983187932751731
0.9830249320997284
0.9828839315357262
0.9824609298437195
0.9829719318877276
0.9831539326157305
0.9831489325957303
0.9831049324197297
0.9828869315477262
0.9824919299677198
0.9820359281437125
0.9834839339357357
0.9833569334277338
0.9824149296597188
0.9839919359677439
0.9839819359277436
0.9837909351637406
0.9832409329637318
0.9836469345877383
0.983684934739739
0.9839189356757426
0.9839809359237437
0.9833029332117328
0.98374793499174
0.9833329333317332
0.9823999295997184
0.983183932735731
0.9833809335237341
0.9830089320357283
0.9832329329317319
0.9832279329117317
0.9829659318637275
0.9837199348797395
0.9842119368477474
0.9836099344397378
0.9823249292997173
0.9839579358317434
0.9830609322437289
0.9837809351237404
0.9834909339637359
0.9838049352197409
0.9839519358077431
0.98312693250773
0.9837169348677395
0.9844719378877517
0.9837159348637393
0.9839779359117434
0.9837169348677395
0.9843249372997491
0.9844659378637515
0.9829119316477266
0.9841719366877468
0.9843909375637502
0.9829739318957277
0.9835159340637362
0.982376929507718
0.9831599326397304
0.9832289329157317
0.9839839359357437
0.9837619350477401
0.9829919319677278
0.9836809347237389
0.9834239336957349
0.9832669330677323
0.9836279345117381
0.982876931507726
0.983441933767735
0.9838969355877424
0.983624934499738
0.9842099368397473
0.9835089340357361
0.9825319301277204
0.9837159348637394
0.9831319325277301
0.98312293249173
0.9838729354917419
0.9834479337917351
0.9843029372117489
0.9844169376677507
0.9838389353557414
0.9835739342957373
0.9831979327917313
0.9834719338877356
0.9841509366037465
0.98375293501174
0.9842499369997479
0.9843499373997495
0.9837769351077403
0.98311993247973
0.9824929299717198
0.9833389333557333
0.9834314337257348
0.9846119384477539
0.9843999375997503
0.9839619358477433
0.9845249380997524
0.9844129376517506
0.9835319341277364
0.9832739330957323
0.9834659338637355
0.9829429317717271
0.983684934739739
0.9845729382917532
0.9842149368597475
0.9843509374037496
0.9825299301197206
0.9834659338637355
0.9833979335917343
0.9837559350237403
0.9830119320477282
0.9834149336597346
0.9840139360557442
0.9840779363117453
0.984503938015752
0.9851259405037621
0.9848889395557582
0.9851509406037624
0.984622938491754
0.985567942271769
0.9854189416757667
0.9850159400637603
0.9847399389597558
0.985248940995764
0.9846519386077545
0.9834679338717355
0.9841399365597462
0.9851719406877628
0.9855019420077681
0.984944939779759
0.9850949403797615
0.9847209388837556
0.9848249392997572
0.9848109392437571
0.9845949383797535
0.985188940755763
0.9853649414597658
0.9858019432077729
0.9856389425557701
0.985501942007768
0.9852719410877644
0.9854769419077676
0.9849449397797592
0.9838789355157421
0.9840669362677451
0.9846939387757552
0.9852279409117637
0.9844599378397513
0.9849669398677595
0.9846624386497546
0.9854309417237668
0.9855209420837684
0.9850409401637605
0.9850829403317614
0.9849439397757591
0.9855764423057692
0.9852689410757643
0.9845409381637527
0.9848689394757579
0.9845069380277522
0.9848069392277568
0.9850839403357614
0.984678938715755
0.9847879391517567
0.9849759399037596
0.9852149408597635
0.9851159404637619
0.984564938259753
0.9844259377037506
0.9841769367077468
0.9833979335917343
0.9846459385837544
0.985376941507766
0.9844069376277504
0.9856169424677699
0.9855599422397688
0.9859889439557757
0.9854479417917672
0.9855729422917692
0.9851709406837628
0.9845659382637529
0.9859889439557759
0.9859659438637756
0.9867659470637882
0.9859219436877746
0.9851769407077628
0.985563942255769
0.9850569402277609
0.9849309397237588
0.9854179416717666
0.9865909463637855
0.9862069448277793
0.9859189436757747
0.9864519458077832
0.9853879415517661
0.9850799403197614
0.985499941999768
0.9862069448277793
0.985808943235773
0.9857269429077717
0.9854709418837675
0.9859149436597746
0.9855879423517694
0.9850999403997617
0.9857359429437719
0.9855809423237694
0.9856399425597703
0.9861409445637782
0.9854539418157674
0.9855069420277681
0.98562494249977
0.9854769419077676
0.985500942003768
0.9860059440237761
0.98562894251577
0.9861559446237785
0.9852979411917647
0.9856689426757707
0.9860879443517774
0.9867039468157873
0.986494945979784
0.9861119444477778
0.9859569438277754
0.9852979411917647
0.9857059428237712
0.9853859415437661
0.9856929427717711
0.9858209432837731
0.985491941967768
0.9861559446237784
0.9856669426677706
0.9856809427237708
0.985376941507766
0.9859619438477755
0.9861199444797778
0.9866029464117857
0.9865479461917848
0.9858089432357731
0.9853009412037648
0.9851509406037625
0.9857689430757722
0.9852719410877644
0.9855069420277681
0.9859639438557755
0.9862519450077801
0.9862049448197793
0.9860289441157764
0.9857989431957728
0.9866049464197857
0.9867489469957879
0.9868779475117901
0.9865519462077847
0.9865809463237852
0.9872959491837969
0.9874069496277985
0.9876709506838027
0.9873019492077967
0.9871649486597946
0.9872829491317966
0.9862699450797803
0.9871809487237948
0.9861539446157784
0.986499945999784
0.9865719462877851
0.9871969487877952
0.9876719506878028
0.9876769507078028
0.9873599494397977
0.9875399501598006
0.9875829503318013
