0.5796150738883091
0.6141334533948227
0.6330620729121084
0.6524945719864005
0.6721416669471841
0.6910103258491265
0.7210874120577643
0.7412015686538527
0.7497864560541286
0.7841743949237553
0.7949662537449086
0.8152024354529236
0.8310614922408859
0.8478189063183761
0.8585529084054263
0.8571864375399737
0.877108089002592
0.8957879245632342
0.904781490894402
0.9043701821119602
0.9212191150233952
0.9129308748779748
0.9280293785976368
0.9415752179620965
0.9457545780455785
0.9504230905173866
0.958320008752146
0.9618555811761538
0.9633609082034538
0.969426397818696
0.9719952368128724
0.9761346231527922
0.9772570437943919
0.9811734187228599
0.9814995203150773
0.9842261504022621
0.9855568552866327
0.9885212239539503
0.9886032753223146
0.990191705658599
0.9918222136196856
0.9929677769549264
0.9932581125660619
0.9934979550274347
0.9945625189349312
0.9949580486080722
0.9961498973305954
0.996461271754132
0.9955997323863064
0.9968536456054128
0.997402758609082
0.998191714074124
0.9983179469485306
0.9986335291345474
0.9983905308513146
0.9985493738849429
0.998776593058875
0.9980928316558386
0.998625113609587
0.9988575924866193
0.9992404988723196
0.9989122933988621
0.9993151866563436
0.9994803413336923
0.999489808799273
0.9997485861918067
0.9996160416736797
0.9996486518329013
0.9997769885885481
0.9996465479516612
0.9998748190662133
0.9997801444104084
0.9998485205507119
0.9996907294577037
0.9998979617598546
0.999944247147137
0.9999190005722557
0.9998211700945905
0.9997833002322684
0.9998632477193927
0.9998800787693136
0.9999221563941159
0.9999705456626384
0.9998958578786146
0.9998969098192345
0.9999663379001582
0.9995834315144578
0.9999095331066752
0.9999200525128757
0.9999663379001582
0.9999389874440368
0.9999326758003165
0.999905325344195
0.9999600262564379
0.9999589743158178
0.9999410913252769
0.9999347796815565
0.999925312215976
0.9999758053657386
0.9999642340189181
0.9999537146127175
0.9999652859595382
0.9999211044534959
0.9998948059379945
0.9999842208906992
0.9999800131282189
1.0
0.9999800131282189
0.9999863247719393
0.999982117009459
0.9999926364156596
0.9999884286531793
0.9998811307099337
0.9999694937220184
0.9999652859595382
0.9999978961187599
0.9999936883562797
0.9999926364156596
0.999981065068839
0.9999905325344195
0.9999968441781398
0.9999558184939575
0.9993551603999059
0.9999842208906992
0.9998990137004747
0.9999947402968997
0.9999989480593799
0.9999894805937994
0.9999978961187599
0.999790663816609
0.9999884286531794
0.9999863247719393
0.9999947402968997
0.9999779092469788
0.9999316238596964
0.9999926364156595
0.9999978961187599
0.9999968441781398
0.9999884286531794
0.9999190005722557
0.9999989480593799
0.9999947402968997
0.9999968441781398
0.9999905325344195
0.9999936883562797
0.9999989480593799
1.0
0.9999989480593799
1.0
0.9999978961187599
1.0
1.0
0.9999957922375198
0.9999652859595382
0.9999726495438785
1.0
0.9999989480593799
0.999924260275356
0.9999978961187599
0.9999747534251187
1.0
1.0
0.9997033527451442
0.9999968441781398
0.999906377284815
1.0
1.0
0.9999978961187599
1.0
1.0
0.9999978961187599
0.9999989480593799
0.9999968441781398
0.9999989480593799
0.9999873767125593
1.0
1.0
1.0
1.0
0.9999663379001582
0.9999989480593799
1.0
1.0
1.0
1.0
0.9999989480593799
0.9999989480593799
0.9999558184939576
1.0
1.0
0.9997917157572289
0.9999663379001583
1.0
0.9999915844750396
1.0
0.9999947402968997
0.9999957922375198
0.9999915844750396
0.9999989480593799
0.9999989480593799
