0.5347061388245553
0.5452781811127244
0.5549502198008791
0.5652047608190433
0.5828948315793263
0.5185454341243982
0.5381873751319473
0.5517595032976111
0.5596349355469066
0.5834853879987703
0.5940516405246862
0.615464935099547
0.6261758656169898
0.6374793096194683
0.637505484913988
0.646173790630006
0.6607396281585252
0.6617447594680799
0.6612055484009751
0.6802330838589807
0.6862567329996221
0.6871176622320958
0.6996913218904464
0.7013808181730787
0.7027585904937041
0.7150309963078558
0.7227541359344913
0.7253469178352745
0.7290257365014006
0.7250147295520979
0.7289971816346519
0.7319916353277004
0.7414052230658599
0.7410216360225355
0.7465222551872295
0.7526724975704567
0.7591387471457031
0.7606364499066732
0.7606911800679415
0.7707577224257549
0.7721378743186095
0.7739596748171773
0.784741992501492
0.7893250486146606
0.7689492475316697
0.7867360740294439
0.7929172508516489
0.7921634023694828
0.7893793028614833
0.7969844157055574
0.8014808553895882
0.7938500431654401
0.8016988242057703
0.7990613063470806
0.8093800833611744
