0.5559257616484043
0.5810491178508608
0.5891467481934407
0.6026631043121369
0.6041517547800528
0.6130746152733253
0.6119229099880451
0.6193171434663093
0.6233904680682572
0.6234366314619233
0.6308242021823387
0.6369981991517357
0.6373437107373198
0.6282419076046815
0.6401439726788856
0.6442310987078057
0.6450606120599724
0.6386410448727223
0.642305561689523
0.6527432477708316
0.6552132272876103
0.6533167208570971
0.653941592361053
0.6577588766970996
0.6564748680773946
0.6626350636198192
0.662835422266556
0.6680014391556954
0.6639447714483693
0.6727296176719182
0.6724631073579691
0.668972774067785
0.6711600622872677
0.6764165023186398
0.6696452366992316
0.6783710699246918
0.6708987869973424
0.678327761998675
0.6863011794985037
0.6787694076617907
0.6824006106893479
0.6879364106390917
0.677457796188141
0.6827713455725022
0.6783063459913041
0.6826528436650499
0.6713632764016539
0.6891504603013852
0.6950479528200599
0.6919878433223938
0.6940575814569738
0.6898690863264979
0.6864763148476704
0.6941860775011993
0.6987976577550694
0.6926250885194971
0.6949722829273494
0.699533416586079
0.6953739520433727
0.6945867947946728
0.6918802873742642
0.6995867186488688
0.6975298301187113
0.7013095174640401
0.7009782832167033
0.6991579225901756
0.6959850221203561
0.7097321952073831
0.7037833042710181
0.7085419411088353
0.709024515141593
0.7091834695074128
0.7090525939068129
0.7115263807137908
0.7102204801754399
0.7077447897233624
0.7108877077828626
0.7099544457727658
0.7096198801465046
0.7117248357154279
0.7084981572715435
0.7148491932352067
0.710235709336237
0.714035860866387
0.7154340881920702
0.7160580078734762
0.7152575251090789
0.7091653848789662
0.7162626497216871
0.7159057162655053
0.7192004500217015
0.7174143550069674
0.7148610910170795
0.7102090583048422
0.7135599495914778
0.7141900561194576
0.7166176795327693
0.7171716402567637
0.7173148895505113
0.7112793827621129
0.7138383576872998
0.7059567910635285
0.7138949911290138
0.7042939570689957
0.7201294288303243
0.711342203050401
0.7192913490752092
0.7156763270309989
0.7227873933006922
0.7169960289963222
0.714250020940096
0.7180468410913217
0.7192932527203089
0.720786662300974
0.7157358159403626
0.7139325881197317
0.7161955462319247
0.7180192382373769
0.7160832311710463
0.710209534216117
0.7191304910642898
0.7209261043045223
0.7211026673875136
0.7229472994890618
0.7205258629223237
0.7116563044918409
0.7251417263776678
0.7221115992903211
0.7233732400801054
0.723228563052533
0.7158362332193684
0.722211540658052
0.7061623847342892
0.7226726986834391
0.7195787994852543
0.7192075886908252
0.7170650361311839
0.723705426149992
0.7138716714765434
0.7158528901139902
0.7226274871123227
0.7205539416875433
0.7168527797025745
0.721923138425457
0.7121107997593793
0.7170440960350879
0.7179083509103231
0.7206938596023666
0.7230144029788239
0.7210317566075521
0.7197915318251389
0.7217108819968476
0.7184694503034411
0.7200566144052633
0.7216009464923435
0.7195040814150936
0.7229101784096188
0.7225194552529183
0.7234108370708232
0.7224276043768607
0.7255057985029736
0.7260212104137
0.7211364570880322
0.7163801998065897
0.7243993047888095
0.721399636023057
0.7167138136103011
0.7244754505927952
0.7213501412504664
0.7205667912919659
0.7214120097162047
0.7194840931415474
0.7208342534284649
0.7245734883154263
0.7230377226312944
0.7227907246796165
0.7179940149398067
0.7243859792731121
0.7203002809780167
0.7218427094199974
0.7244787819717194
0.7218831618783648
0.7189182346356805
0.7255229313088702
0.7131254425974857
0.726095452572586
0.7230324876072705
0.7245411263487326
0.722342416258652
0.7220768577672527
0.7251022257418505
0.7268726156845128
0.7238800855878836
0.7258536896449321
0.7269411469080995
0.7234846033184342
0.7249504100451545
0.7228916178698973
0.7249361327069072
0.728066201161985
