0.6922582249183059
0.7294905583188954
0.7601211356400899
0.7806516084790196
0.7987198399199031
0.8098380175265465
0.8193648621094225
0.8243133074320026
0.8305939687949717
0.8329928515154184
0.8422973247940408
0.8439647086312451
0.8523078310829628
0.8611284747452358
0.8623286693479421
0.8721654936128551
0.8715172452857817
0.8761528376201033
0.879974934349896
0.8829191834590361
0.8874146899533422
0.8911082113298113
0.8953340852618265
0.901786318000597
0.9034315329699758
0.9039406448564133
0.9096179119129115
0.911557013852531
0.913200024018392
0.917789371972028
0.9230068268625954
0.921959483990735
0.9261383210682024
0.9277215065191129
0.927739893481972
0.9336996892397703
0.9347752661506991
0.9390496441908484
0.9375718185322357
0.942456002855492
0.9472683294151333
0.9478385261284251
0.947315446301695
0.9489630747855293
0.9517591673753003
0.9538710144935905
0.9529495133325427
0.9561636398077805
0.9571762958633028
0.9566308102112162
0.9583818243643412
0.9599085229060536
0.9612177556351826
0.9633696517147363
0.9648418782708927
0.9659464126475237
0.9670565320033147
0.9673602393724265
0.9694903965600721
0.9690202963572289
0.9704456712309479
0.9737669433108703
0.9728720127784073
0.9738428105214517
0.9752477364310147
0.9750531095582153
0.9755542590439064
0.9753471581617388
0.9783107310790762
0.9796285460647449
0.9798530594023092
0.9780684678962529
0.981231759919425
0.9820343539082689
0.9815516149242645
0.9818402480281869
0.9827350891131053
0.9831326191104849
0.9820324912023791
0.9846858239413202
0.984999613774917
0.9839135636549656
0.9843893869314237
0.9857291856128073
0.9862731161330178
0.9875769161007387
0.987558839850404
0.9878639171792817
0.9877581132877697
0.9885133565710312
0.9885885348785919
0.9893505181128202
0.989259154507408
0.9889395788299894
0.9895834442273655
0.9899484843656486
0.9911048182862768
0.9901942344334658
0.9909342167101722
0.9906043074874411
0.9923533333942621
0.9913506436783421
0.9924705175242868
0.9919744775334383
0.992788345051443
0.9921868307126686
0.9926153205453515
0.9936135614228572
0.993405547234179
0.9937347942312273
0.993701453835827
0.9938942744959226
0.994183624749459
0.9942922203459232
0.9940651820767861
0.9948000407353536
0.9943030905765046
0.9947356855807193
0.9947868511456266
0.9948694630149403
0.9947637124781045
0.9950759330565284
0.9954000799742652
0.9953935848271053
0.9949921144299868
0.9955661432644102
0.9955379923958665
0.9963777369316695
0.9958189910733735
0.9957802853945381
0.9954900798969324
0.9966110741910702
0.9966884133630037
0.9964872599579407
0.9962642797826804
0.9967225760481144
0.9968136556183403
0.9965412878442832
0.9961241876656444
0.9969357719173727
0.9967498575492925
0.9970611350053575
0.9970101043963953
0.9969026904490761
0.9970479360000996
0.9970531898664179
0.9970823152424241
0.9973864368949015
0.9975844360970672
0.9975531451489226
0.9976361210854364
0.9977514236785089
0.9973360308494977
0.997679558068618
0.9978227023869652
0.99777005701443
0.9977414620466721
0.9977935628876624
0.997846074873508
0.9978367848828854
0.9978098596026315
0.9980168333751299
0.9975999466151946
0.9980301375204843
0.9980663684839126
0.998066081310216
0.9977894655624066
0.9984265800240294
0.9983554111634352
0.9982240801980284
0.9978858397995853
0.9983264427129465
0.9983155363894958
0.9983733995354804
0.9983626328757401
0.9982701566684106
0.9983728644194664
0.998078490980122
0.9983799982534817
0.9985075018055223
0.9985738122521015
0.9983829045140616
0.9986293152383063
0.9986622680276788
0.9988455429085584
0.9985694042143213
0.9983463377300267
0.9977472180746458
0.9984376997661837
0.998729585936079
0.9987682994611906
0.998766866731218
0.9986427056926954
0.9987865577451255
0.9986243940540845
0.9986944926826511
0.9989626564221004
0.9990302599349421
0.9986144559610757
0.9990524601878709
