0.5551451211389227
0.6148180372204255
0.648592811113162
0.6762920110104407
0.6945740420033866
0.7092150133617957
0.7198074681604058
0.7315438467526423
0.736050853469653
0.7486082193100017
0.75471349902495
0.759982922581836
0.7619911948575142
0.769350920078004
0.7692440064521824
0.7705373127141699
0.7748287330770651
0.7789519601312906
0.7828919066841079
0.7863828969015079
0.7858551725798296
0.7890869519858117
0.7927380590487044
0.7936608174369427
0.7982411928512387
0.7980073221035398
0.8009734513558411
0.8015082249275736
0.8048053671885659
0.8045212657191696
0.8060779558458859
0.8078424897078061
0.8077081687518558
0.8105009814700384
0.810527650490735
0.8125171697068431
0.8141632658957219
0.8147191358569605
0.8166373472221107
0.8170747987705543
0.8184509497708833
0.8183458401881085
0.8156860772496367
0.8194243947066423
0.8208045454180677
0.8224063944016884
0.8214391448450753
0.8209364010625235
0.8222125015047068
0.8240084680881796
0.823413011901227
0.8255109149419384
0.8242691555184617
0.8226916900063399
0.827699373239493
0.8286541999374042
0.8280950878347472
0.8282260831882128
0.8307913810398927
0.8304780360969112
0.8315768074537153
0.8304106958566396
0.8314988162973781
0.8313135263102986
0.8322676660594338
0.8331863541156739
0.8330267059361685
0.83340213307225
0.8337660040607018
0.8362924026354437
0.833947981285461
0.8349234292868091
0.8360953317978638
0.8371376513734963
0.8379893779743035
0.8388081117736279
0.8375152420772174
0.8373852675167927
0.8381600494346315
0.8395683522056994
0.8396941729730597
0.8411692317569357
0.8417824587309103
0.8412709065958318
0.8427973709764142
0.8407148376120505
0.8417394698617275
0.8423434968581722
0.8425840123907582
0.8436086446404353
0.8427698673450554
0.8441098797037132
0.8436616552576459
0.8427365792197996
0.8452949626431479
0.8462274217753132
0.8440465327544558
0.8440352526703528
0.8456702164370151
0.8453342792254172
0.8449502684396792
0.8452882729176866
0.8452715614441975
0.8473130961648037
0.8472237157829692
0.8467090563281946
0.8471606577374027
0.8479689203829579
0.8476993796595752
0.8473468850564567
0.8491000425330435
0.8486028200210257
0.8495901836945968
0.8472970138593521
0.8479497564381384
0.8498092368930013
0.8488814451604618
0.8503464115754078
0.8505890842555514
0.849861117575777
0.8489137638533333
0.8512978548900964
0.8507348714779831
0.8485398903770995
0.8514788241619787
0.8498931987256138
0.8505868564870916
0.8513278495132776
0.8521580174786734
0.8502689532858783
0.8522838703464437
0.8515704451524369
0.852293693071929
0.8530736303156273
0.8521262380726914
0.8529852771469156
0.8532600694973879
0.8532177290564887
0.8540303830381433
0.853920079609017
0.8538185973725816
0.854142753733679
0.8515572775642208
0.8537725461242768
0.8530880048792623
0.8540988660530138
0.8524677350753156
0.8545042557118667
0.8556665987207988
0.8557795215433877
0.8547591008675137
0.856457437263761
0.8558620837981206
0.8541385935205323
0.8567433748766141
0.8552974311646832
0.8547886396648717
0.8569080564004207
0.854869019091719
0.8537768989398842
0.8563500485518702
0.8538142381368923
0.8574454750459437
0.8564004975563564
0.8566318644720686
0.8569930454461556
0.8571591586482517
0.8570742594836649
0.8568997423942091
0.8570315530980909
0.8562880112993444
0.8565351844569814
0.858713890649953
0.857455265671019
0.8580662520363698
0.8584080058422746
0.8584297635002287
0.8580300748742065
0.85827042348466
0.8583706859055125
0.8583633477517674
0.8582855363577271
0.8587296262709756
0.8583127382452311
0.858474492211638
0.8592160502050414
0.8595110850741118
0.8582993523742266
0.8586521230408719
0.8600070235697259
0.8606627771669783
0.8596018778739899
0.859800945357077
0.8596744055405309
0.8584582879246282
0.8600127246025568
0.8609959280629809
0.8595382612812879
0.859952285950453
0.8599913136290316
