0.5455260307385011
0.5885645572836952
0.6230312877518447
0.650300002021878
0.6654646353950585
0.68299082354747
0.6837699322817163
0.6916007584079953
0.6990114701607644
0.7018032487033729
0.7039957258962497
0.7092938102687473
0.711246404962514
0.7178200096015693
0.7190275984253593
0.7221156382543701
0.7269440604879016
0.7274884197853351
0.7306561722840654
0.7348594449991983
0.7372305997804356
0.7384194653350067
0.7358962909301636
0.7369725164611952
0.7422285632738875
0.7445059253824627
0.7437677635955489
0.744175273884792
0.7486051066472712
0.7461238718430295
0.7521962714793842
0.7498181550640388
0.7556116844380336
0.7553552794864911
0.7553171276417834
0.7552294280316192
0.7557668126337176
0.758857836953148
0.7582016147751947
0.7620068074071369
0.7648996341341276
0.7643166593184202
0.7638977073941331
0.7650790235593715
0.7640584911012029
0.7656840653184659
0.7691491827772986
0.7675865375527784
0.770106459712044
0.7684660871243414
0.7678894796569036
0.7690552529617509
0.7755458404406003
0.772076948287101
0.7731594562684251
0.7747382582310156
0.7750910289169823
0.7759693442025731
0.777292159172892
0.7788823505256177
0.7759868201245927
0.7787349153927661
0.7812001632548913
0.777565824536205
0.7792996240822072
0.7768348333630345
0.78092740564687
0.7836117425343724
0.7802514022402931
0.7818046629730562
0.7828546811516721
0.7838538193196554
0.7844515663833477
0.7849321542388829
0.7846972023530481
0.7860748875389153
0.7859054638300398
0.7888065517832468
0.786785144013875
0.7851077689694603
0.7874603376243644
0.7851949134774675
0.7892708980027346
0.7884050823115927
0.7867538950277526
0.788300311677453
0.7873951033250175
0.788917924867746
0.7901535692076029
0.7908344966968417
0.7899816246818742
0.7902134549344038
0.7898244915878122
0.793103277579134
0.792123711660139
0.790368223946339
0.7941470916748209
0.793978693272282
0.7956682936253741
0.7925455305238007
0.790804795466145
0.7944320158159968
0.792888838350647
0.7944313170403404
0.796645299543834
0.793047630220566
0.7944542656165648
0.7933719992679443
0.7957345075167623
0.7957663050744278
0.7979244573621723
0.7969625240999234
0.7980372867735066
0.799060006987234
0.7980494141229796
0.7964662170574299
0.7977924997835754
0.7958827002007929
0.7969540081797765
0.7974708735939132
0.7956732895447853
0.7998506357238879
0.7964924831853679
0.7961141255552785
0.7991575351708808
0.7978823022513218
0.7976796246579461
0.8000267141280315
0.7981509716952235
0.7994423678834663
0.7986895644608395
0.7987052967090253
0.7981318304667335
0.7995471123951516
0.8002530651957426
0.7985737897427676
0.8017692385738162
0.8000613329107766
0.8028307832854535
0.8014551617734867
0.8036318675344964
0.8022784566394163
0.7978280067297712
0.8026845954998012
0.801972706371439
0.8043536897261588
0.8031499147807168
0.8032870511359063
0.8028090755258149
0.802734822449073
0.8010738523060459
0.8033438740049238
0.8062824738027047
0.8052696017543004
0.8059833325157004
0.8059712508805226
0.8078752186253519
0.8050108653736991
0.8064674534331984
0.8061007333565615
0.8061050827452255
0.8077643875817823
0.8045025289409368
0.8073642111716228
0.8070773474382048
0.8076782030739755
0.804242577866204
0.8072586633944635
0.805686490004687
0.8086616416468411
0.8072195188964872
0.8053392768709018
0.8085524824403554
0.8084949542650679
0.8079552121114566
0.8079196072060566
0.8083787746489519
0.8075563157015648
0.8074384315952968
0.8077411777810135
0.8072384054310464
0.8040854904864373
0.8050479788508429
0.8060999496829283
0.8097826671872348
0.8061655627578646
0.8098280288293674
0.8083435158660737
0.8086399730708841
0.8068888608682028
0.8080182782470849
0.808375764036078
0.8086216024548003
0.809245694013794
0.8097566622838412
0.8092400385024081
0.8099190459912454
0.8085597901969848
0.8070162992621817
0.808541850601399
0.8077766651353684
0.81020118156041
0.8102872158641039
0.8087920057557171
0.8094524858937439
0.8087948857563189
0.8076106438761836
0.8101011456211374
0.808072351727773
0.8116331883902825
0.8121267003301513
0.8106727441079367
0.8111950103395287
0.8106930086019675
0.8098610280199372
0.8116476994137232
0.8106298053234532
0.8089253151713311
0.810334125261662
0.8116408292082059
0.8112437679007385
0.8107971522972008
0.8101079505205186
0.8067335498153378
0.8104171554830953
0.8102894166808903
0.8100968615386095
0.8133961144729839
0.8110949417471878
0.8122307787192484
0.8125359412320008
0.8122153664711296
0.8109892960108243
0.8120431476596293
0.8116545239049453
0.8113205613861745
0.8132845258782357
0.8134967120450272
0.8120099590812648
0.8130820246114272
0.8132350434189153
0.8133345373172585
0.8140112721525596
0.8124764473420166
0.8140631186940068
0.8141994452531085
0.8101603064498273
0.8134302042760263
0.8146999776026076
0.8121359476790224
0.8144766240865435
0.8104390460999149
0.8130179527613028
0.8118984423232664
0.8130049894932876
0.813812173335442
0.8137896623103293
0.8121944880994196
0.8129908245923682
0.8146908216823268
0.8138700215107963
0.8136765455519964
0.8107376779990576
0.8134914679622985
0.8136601798342907
0.8153163107926331
0.8136486206482016
0.8147871221106149
0.8136849569823257
0.8152455254717179
0.8142861652712312
0.8131985960643596
0.8144390991807424
0.8137557618950817
0.814157041978941
0.8136680361624631
0.8152003336255391
0.8136335675838313
0.8139247415222317
0.812956081727965
0.8161312334119151
0.8152858324189168
0.8141208036040211
0.817431458989758
0.8164421167421893
0.8158825215232046
0.814778070680152
0.8162523567025333
0.8155749883977119
0.8148641637593681
0.8150169735872206
0.815830648859303
0.816521209003616
0.8168815290789155
0.8148955433577625
0.8160178293065831
0.816951334807789
0.815360549169225
0.8147599547579987
0.8146184363610773
0.8161831844431797
0.8147889898661074
0.8158003010978588
0.8166869951607107
0.8159948807303588
0.817826789684619
0.8151346552444667
0.8155000561371546
0.8165523861529885
0.8158607615186572
0.8153447842679712
0.8166357494357157
0.8175532288111237
0.8153494275342479
0.8141536068761825
0.8144562812251493
0.8156868447476182
0.8161652840312758
0.8180624599379509
0.8155650618650251
0.8167726637500424
0.815356265086697
0.8178197758056022
0.8141967807627559
0.8151031646256409
0.8159230766337204
0.8159108186719751
0.8185901988237476
0.8179813170638508
0.8166050686129777
0.8159969117511914
0.816922358475203
0.8168836580589521
0.8172147666995757
0.81738715530703
0.8188292127512479
0.8162719746658167
0.8128314253753836
0.8174556353213409
0.8181122950504061
0.8163089444694611
0.8168608792786817
0.816931795211869
0.8143184591555311
0.8157305214914397
0.815916559081338
0.8178039978431213
0.816712490676243
0.8165411926812616
0.8177739178368351
0.8183485204058949
0.8171745968952627
0.8175327945211391
0.8175201186001227
0.8189088078699224
0.8181276158699344
0.8174456761355862
0.8174746720600131
0.8180477399348747
0.8154242944886689
0.8157575517011699
0.8174293626627893
0.8192419475313785
0.8184419734866493
0.8175110867615005
0.8169004809196108
0.8179409121574477
0.8184941792118448
0.8165239583919456
0.816536164108782
0.8192571834529297
0.8184120306232487
0.8172837626323617
0.8175805202453985
0.8176921741462828
0.8169375552130728
0.8182626950818368
0.8169319519465957
0.8181324746464599
0.819381539397285
0.8194317271628754
0.8160786162580618
0.8175196026816476
0.8175253888053057
0.8164410914358525
0.8175323635006408
0.8184866494143529
0.818896347459155
0.8189597466560777
0.8170863617747826
0.8186085106643092
0.8180782966759543
0.8161033019775062
0.8159968072613737
0.8186544470004395
0.8187936209070752
0.8190546952473485
0.8196046251581911
0.8185310902399667
0.821120243434108
0.8200208081023076
0.8200992146493052
0.8199564227827298
0.81983723255374
0.8173635471388311
0.8160696236031214
0.8184756257385798
0.8177359815023766
0.8195298104486787
0.8183566706116798
0.817805036210685
0.8188428682643055
0.8174135716390811
0.8202741632572945
0.8193050201976204
0.8178962166379032
0.8197982970353992
0.8195894284203213
0.8199032309348793
0.8181334346466607
0.8188806478640376
0.819612187608751
0.8198168243862098
0.8203908979755672
0.8206908686504999
0.820292677546878
0.8202564848862532
0.8190887785197773
0.8194429467570565
0.8183648469399192
0.8202373175353089
0.8204679200324796
0.8205382612716693
0.820941925029496
0.8187259376276245
0.8177136663956722
0.8200618399476172
0.8188518152049509
0.8204346465561384
0.8201308554722441
0.8188815686805564
0.8196251508767662
0.8184153089912808
0.8197237370198177
0.819138959754754
0.8210227936178247
0.8194187051193375
0.8207634368289305
0.8193484030638295
0.8199435182902374
0.8193471295941757
0.8202819281568765
0.8208922793048355
0.8190782577012522
0.821284756121549
0.8207950841824829
0.8195174218746611
0.8211007299606423
0.819726891306191
0.8192990446861678
0.8198518284751575
0.8201132946522476
0.8200576407630662
0.8169023029608078
0.8194607361485293
0.8196861598691078
0.8203611967448705
0.8201155346527158
0.8208185356159552
0.820033066064053
0.8217684590797758
0.8210393291314844
0.818609150664443
0.8194760634986713
0.8208204686775837
0.8209557503385078
0.8210696050561788
0.8213411022557733
0.8203295232688637
0.8223592575705877
0.8210646221979947
0.8216193651710673
0.8208418956208369
0.8198583852112217
0.8211286679256644
0.8196968112999051
0.8210990581235582
0.8204306106369276
0.8214798059582288
0.8228484201217924
0.8214454614612556
0.8221651742647222
0.821456145545121
0.8194569875763175
0.8201174350612761
0.819942519106355
0.8223805212485008
0.8212243740681142
0.820589996792685
0.8220971383321367
0.8206292327192518
0.8215068296373457
0.8206282335353696
0.8220954534338254
0.8231489589601089
0.8220460950561636
0.8217818076539941
0.8220906860858903
0.8226654715121313
0.819400896136024
0.8218208411315391
0.8223560706311461
0.8220908820042987
0.8205980882229474
0.8216106990468073
0.8192893140718893
0.8221127530292774
0.8202456963125699
0.8219088019662477
0.8212627022393891
0.8208004262244157
0.8193525826565398
0.8212352148867061
0.8196175623037518
0.8211358842537031
0.8215183169866849
0.822268926123139
0.8211431005817418
0.8220720934289435
0.8220596526100172
0.8218523905258873
0.8193910283788598
0.8222444363221026
0.8217147904971317
0.8217606745883532
0.8223301571563431
0.8218986207396302
0.8227319139749959
0.8226349866078012
0.8197045892607142
0.8219653897331753
0.8234621737194421
0.8211200997606085
0.8228717082899242
0.823173298557032
0.8211912703877268
0.8210946238369173
0.8225512837331663
0.8206662678290323
0.8225884559858325
0.8211922630409956
0.8234673198429665
0.822781435617998
0.8222317146867909
0.8210409813767275
0.8228102160321759
0.8241426701881827
0.824132188553339
0.8236532464124335
0.8234673394348073
0.8225221963801488
0.8228907580898237
0.8233101475652228
0.8220121097429388
0.8227742323511865
0.8207514596835704
0.8232248577514805
0.8238179550182828
0.8215374778070158
0.823071479760244
0.8221964559039124
0.8229087433997048
0.8219549864656952
0.8224773702483321
0.8222995089866728
0.8211351201719108
0.8225837996583287
0.8192457156954313
0.8222482763229051
0.822766395614855
0.8230785197617152
0.8234039402378848
0.8243961102411463
0.8238414064517552
0.822482777596401
0.8222577326514119
0.8242208938779991
0.8238713884988371
0.8236824578471096
0.8238724595194691
0.8230984642556791
0.8220050109659451
0.8239298505518708
0.8236219517120161
0.8237727697027177
0.8226936249874024
0.8232532789819097
0.821395280226279
0.8230203058719986
0.8229094356447473
0.824258555926686
0.8226387547718541
0.8233167696074228
0.8222428363217684
0.8250843585482415
0.8233962994199614
0.8240002505665829
0.823575238232866
0.8237941509316755
0.8231834993754905
0.8235453998592834
0.824680485810779
0.8252907455301476
0.8249578932156904
0.8241196824282766
0.8252657855249315
0.8231973312151156
0.8247130213277825
0.8250681952795574
0.8239254423876842
0.8246386506999955
0.8241812073390932
0.8246990458146578
0.8237712741922009
0.8240893607892869
0.8230119140335103
0.8242886816472673
0.8235174227105797
0.8247797250151916
0.8243892661580834
0.8230098307677687
0.8233531320640015
0.8230943760915593
0.8218826142056728
0.8244357641269842
0.8249069674907621
0.823107130379939
0.8232800022528005
0.8235629345568255
0.8222474665268173
0.8229782748428068
0.8229187156466867
0.8237636072518232
0.8245175208787636
0.8229985850511329
0.8229740952500967
0.8226459449774384
0.8253710524857056
0.8237262782644305
0.8227065817248039
0.8240965314030302
0.823990245666533
0.8246116074290379
0.8241546995784516
0.8236021704833923
0.8228179417480759
0.8251934524485909
0.824196266934077
0.8234089165654553
0.8231683222294617
0.8241741477457811
0.8243296873701225
0.8267504878760202
0.8246982947940926
0.8255145888422324
0.8257853872661707
0.8239293476946229
0.8241240644700085
0.8237826701129498
0.8255901741641507
0.8245751404826416
0.8243170179797196
0.825603085187257
0.8240785852768309
0.8244737331145107
0.8241966391790527
0.8229743172909594
0.8257747293047597
0.8246003355899477
0.8229735662703943
0.8245559861929246
0.8250035095517538
0.8242009102003536
0.8245814751778429
0.8251176059021283
0.825470579037117
0.8260186085393988
0.8260337007874511
0.8249650181151384
0.8251905463255347
0.8261608975487263
0.8255465627264653
0.8265963327417641
0.8252642312388925
0.8244522343345078
0.8244075518761903
0.8252451096022433
0.8253783994260165
0.8255689170168512
0.8247802801173484
0.824632538045657
0.825332482681727
0.8257183309256269
0.8252833202224734
0.8247453870488319
0.8258953301462895
0.8262728583884504
0.8260105171091365
0.8262110134775669
0.8260877873293662
0.8260547489551149
0.8222589081618616
0.826557051100902
0.8267720976764548
0.8250641920134149
0.8260288616027661
0.825730588887372
0.8254530835232567
0.8241372301870455
0.8235469410840953
0.8262288289914941
0.8257027096978724
0.824252567354006
0.824662970705078
0.8252229773527201
0.8263947784139292
0.8252544091960236
0.8255843031425155
0.8248926458551162
0.8251995193886342
0.824659104581821
0.8267582331837613
0.8242783698083775
0.8254577267895331
0.8235639859856165
0.8251388108045188
0.8242533314357982
0.8251638622383255
0.8251710459132962
0.8262711408370711
0.8254028435127576
0.8247102784700664
0.8269005221930886
0.8268590527966674
0.8263886461677497
0.8252778671601093
0.8256674313231529
0.8251969071431906
0.8273692047400134
0.826176780001025
0.8279265991422118
0.825099555286111
0.8259901481252883
0.8253327961511803
0.8266936388845483
0.8250261577197522
0.8270558920214761
0.8271361924464207
0.82400167424035
0.8247497560293369
0.8259073660671721
0.8264976943538038
0.8259486656676396
0.8260964991679214
0.8261207146831862
0.8261988926587075
0.8247014817335342
0.826030337521442
0.8267079343977399
0.8246673723386508
0.8249733250556499
0.8250407601717833
0.8256629382609896
0.8255457659916051
0.8241022130368707
0.8257241301105122
0.8259461775038541
0.8261612436712475
0.8246028172231195
0.8241931583619989
0.8254949316952674
0.8250922867131636
0.825575780691755
0.8261882281666828
0.8246183470222831
0.8260750918165088
0.827083065904706
0.824876169116979
0.8242011910167387
0.8255972076350082
0.8250099617980002
0.8254365480095971
0.8256415766238723
0.8267413842006484
0.8249538768883203
0.8272005255210895
0.824809328286684
0.8257730052227669
0.8251896516314701
0.8258642052418258
0.8250944026319732
0.8262662624687045
0.8273094365642577
0.826460685366478
0.8251882932638392
0.8253179455358319
0.8265916829448742
0.8269007377033379
0.8267270886874568
0.8265480127316663
0.8266714609207299
0.8254779847529503
0.8273007508481568
0.8265336127286569
0.8265940796800689
0.8270310365060778
0.8262082836810779
0.8260086167005762
0.8270132079309234
0.8265138315000333
0.8263165873771807
0.8270282544646801
0.8250447895603805
0.8262173155197002
0.8251010899803094
0.8270607965122971
0.8270807148838064
0.8252658638922948
0.8265237580327203
0.8274706251693714
0.8272928749281436
0.8274466251643559
0.8269910560895596
0.8263996829047501
0.8264385139332731
0.8263335539113386
0.8264790429213347
0.8260935407999563
0.8269093972969841
0.8278338578983407
0.826703362968213
0.8263217988068412
0.82763728642869
0.8264670592453609
0.8285497502928457
0.8268868601494173
0.8267718103294558
0.8262617498147004
0.8256502819318141
0.825149063867886
0.8272075981756287
0.8262980339039157
0.8246430523335685
0.8263494624860919
0.8262885122692729
0.8277747558451735
0.8256244860080558
0.8269849564964481
0.8270667981462044
0.8282338710431599
0.8275072488504944
0.8279184097527453
0.8273020569708789
0.8275955688689516
0.8267306478718742
0.8266487409159817
0.8263283228898373
0.8269570707763347
0.8257723978757011
0.8267554511423638
0.8276880423576644
0.8279238432232684
0.8278303966731279
0.8277785762541352
0.8268115164602027
0.8263365057486902
0.8284588637432401
0.8266112551938624
0.8271417826516705
0.8262205220509824
0.8272885059476388
0.8270600977366409
0.8256032484525972
0.8283248033070609
0.8261142885593942
0.8278676407625438
0.8266255702988947
0.8271022463168777
0.826862069940155
0.8273926496428721
0.8263125253355155
0.8282216522650963
0.8277757942127374
0.828030174674061
0.827861613006182
0.8283861780137646
0.8286943380781636
0.8271919965397152
0.8274777304769787
0.8283392555549792
0.8278922154615569
0.8283533224966942
0.8272130185849247
0.8271531197968969
0.8271599377575053
0.8279113501594331
0.8279869289507379
0.8275825598866411
0.827611137851797
0.8272237679749262
0.8281507232706817
0.8280363526345358
0.8270885712119791
0.8279698579267621
0.8274022561754919
0.8283140931007411
0.8282660277845739
0.8280847967262922
0.828034373858612
0.8267788960452224
0.8282466841070623
0.8290901650996589
0.8296890158370516
0.8271774724550474
0.8268764438207099
0.8272932145200513
0.8287994874878929
0.825403672900686
0.827660659494799
0.8277340178774764
0.828173874295928
0.8285338939630015
0.8269586511848283
0.8290930124471929
0.8281577240884712
0.8287291005344078
0.8268034511523947
0.8286233307163858
0.828204241649213
0.8280639640688774
0.8264643751631673
0.8280541485566222
0.8275245353847193
0.8287207870632828
0.8283545633132802
0.8279794383369274
0.8270867622320092
0.827613815403377
0.8284050384258692
0.829940868950908
0.8289697014010152
0.8286527707225382
0.8278281632032733
0.8280888457067302
0.829214841044081
0.8283530024966275
0.8285440164140966
0.8278491787178692
0.826525312318759
0.8292298745166105
0.827828920754452
0.8286805192997657
0.8284461486385422
0.828121825305459
0.8284385665961413
0.8295998860225068
0.8278918040328995
0.827138641426524
0.828621286634326
0.8285477519250812
0.8276568390858374
0.8280968457084021
0.8275764602935297
0.8262736094090155
0.8293986255722843
0.8294300312931331
0.829376643526874
0.8286524899061529
0.8296918305315173
0.8286224490835484
0.8284818057888509
0.8289095283272157
0.8286086760194458
0.8292665700344832
0.8288546319892129
0.8299891367160971
0.8295016002876814
0.8293864329166749
0.8278895966854994
0.82772047338485
0.8296355235809747
0.8293295773945892
0.8296202745981962
0.8278764701521439
0.8284105894474374
0.8285659462145978
0.8271085352977838
0.8290111642668228
0.8286012964260667
0.8307322225856726
