0.5493013950845382
0.6542977297163695
0.6646713672199702
0.6869768283804936
0.719855144670287
0.7634895876717585
0.7766590261505079
0.7762067730031609
0.7992614315832031
0.8001807095509348
0.8206889272161012
0.8309462830236557
0.839063187224792
0.8394405980751425
0.8484881049817407
0.8546386563752224
0.8566446711567222
0.8576685252059397
0.8681557528759914
0.8675497397525755
0.878533757767237
0.8829803297050118
0.8853915085618381
0.8831441194375906
0.8909490855153671
0.8951860609338687
0.8967973159254341
0.9035861026221073
0.9033691615279718
0.9060656361739344
0.9081863964482677
0.9120220356035789
0.909668654805629
0.9188307421584347
0.916556837658907
0.920141707509676
0.9231506915942427
0.9253832646098226
0.930306294417459
0.9256558772005365
0.9311843043807144
0.9323718719871453
0.9365781931688192
0.9353225501770628
0.9356083093663414
0.941634231513264
0.943536660493034
0.9377965737107562
0.9422517915525608
0.9455062444057922
0.9478770947543217
0.9458146911582148
0.9526083022947284
0.9529456195108268
0.9517293782270821
0.9520077928414986
0.9491491408415356
0.9526122888055438
0.9577359835708018
0.9567456403346328
0.9578563406489234
0.9566449936324377
0.9617433727844283
0.9617273061301707
0.962744329788246
0.9630760417670039
0.9636058223929955
0.9635318370688654
0.9651678617502425
0.9653212852851121
0.9655207060450904
0.964352994817371
0.9671108731561959
0.9656529210885039
0.968570386818889
0.969817631476555
0.9699447173786646
0.9722836185091462
0.9716586123278327
0.9679350334837075
0.9719868964151251
0.9744088286944377
0.9761165216992322
0.9740839090191393
0.976254487982771
0.9737886533009117
0.9774585348600247
0.9754179555062481
0.9772073338950757
0.9770431315459318
0.9781749705242595
0.9764286820007423
0.9800896446940982
0.9787552490698955
0.9795189896363541
0.9820846076995953
0.9817570980618562
0.981899355557674
0.9802087004430524
0.9817572186728523
0.9823603625241525
0.9844916096071914
0.983247310397007
0.9843864685584082
0.9833760404174304
0.9846844348500726
0.9865744662890426
0.9833371592410858
0.9864874930650265
0.9841728220488479
0.9847166506819011
0.9851484570914509
0.9855063226125013
0.9852781329560012
0.9854074152478275
0.9869058862622311
0.9884415372031409
0.9877077081636924
0.9864301711021869
0.9878813626061553
0.9868996906658045
0.9886550757975995
0.9878846000592061
0.9889822616900336
0.988108016059443
0.9889671408799022
0.9881674645845806
0.9893340014420758
0.990116411321127
0.991066699010727
0.9906653881393255
0.9888122890569225
0.9892258260745509
0.9905563240591985
0.9915425284338201
0.9899113535840719
0.9906624109521082
0.9912336119333078
0.9919635750729369
0.9914683971069053
0.9923984094532816
0.9928803582974354
0.9909242637723887
0.9925434219581661
0.9917014810306645
0.9927177365871337
0.9936507451645687
0.9928679417127937
0.9930670768151502
0.9930297001022819
0.9929343793277525
0.993430185740553
0.994331314927359
0.993585399396521
0.9935827205628203
0.9931818984833498
0.9913069307229864
0.9937890161495712
0.9932631585549233
0.9930722059564541
0.9936116418100734
0.9933149514557882
0.9950082409684806
0.9945015859139864
0.9941643829609367
0.9953592951422296
0.99426780371604
0.9935168923507884
0.9941548610401992
0.9953552197601542
0.9937055152526506
0.9952780160268145
0.9948631015046526
0.9957369599104665
0.9957929107167198
0.9956947714536524
0.9951512602179572
0.9953539120830395
0.9947636482165233
0.9958007821711963
0.9961621454111306
0.9954197022073883
0.9954202735226324
0.9955683457380474
0.995731691114325
0.9963236371868381
0.9963808448866289
0.9957500493775069
0.9946688543216081
0.9955975462949755
0.996198449320929
0.9961155641748828
0.9964038752389193
0.9963790928532132
0.9950592213321089
0.9965629167070237
0.9968958792313718
0.9962750119116055
0.996465209104363
0.9964796062485181
