0.536139814944048
0.5879342862538074
0.6120585348231953
0.6380118849598937
0.6600881503435932
0.6786145138381459
0.6926899319381614
0.693751210581194
0.7011445291910575
0.7057129908621439
0.712079427919311
0.7165198446646579
0.7204448764788465
0.7232408535233701
0.7296731882332658
0.7333107412911224
0.7271582597844024
0.7356072084794051
0.7376235663089794
0.7338941388001741
0.7432627646735249
0.7436202132987414
0.7461925468592212
0.7465046625232962
0.7474344742654001
0.7484682588812901
0.7487443551366573
0.750345997159301
0.7520709419462894
0.7503560200655167
0.7550333544059573
0.7549304127223915
0.7576378584740683
0.7585130828154121
0.7593784418847136
0.7591290186451671
0.7605116214152593
0.7586173643894549
0.7584493329283011
0.7589785305539362
0.7621870230950484
0.7625757949442122
0.7636777957488035
0.760647896158488
0.765625083537902
0.7665149809935878
0.7660806265958406
0.7645139596555036
0.764007586144613
0.763733611382501
0.7653328232116322
0.7635836224661537
0.7618311836520225
0.7639364340194251
0.765873620085221
0.7673037035820723
0.7646081986190588
0.7631241910985953
0.7690897250433084
0.7681521826585989
0.7711394422049079
0.7692160819697703
0.7733320941535784
0.7706343757440416
0.7704922619682926
0.7684880222658271
0.7697650823884861
0.7733833581005083
0.7725023801118218
0.773542062873047
0.7712834081821988
0.7737273158676858
0.7770100015599215
0.7765942282904081
0.777371673467377
0.7765252042265662
0.7773149317329086
0.7764687449199924
0.773811334882308
0.7785910526186156
0.7789303995862104
0.777944351852612
0.7779995960624296
0.7799002569765436
0.7782272263774517
0.7775735108907151
0.7775729657391975
0.7804394972126665
0.7791893137166361
0.7752067782694723
0.7782124350374791
0.7778527072848336
0.7777113751118628
0.7768034285432796
0.7824121443994714
0.7816030410259358
0.7829081074868023
0.7800492541112142
0.7817171287592056
0.7820281803926077
0.7799261418214958
0.7829693549314044
0.7821179070779387
0.7796743540693427
0.7833269940312477
0.7825143044802588
0.7840602425267444
0.7826106715051601
0.7845586620799501
0.7832324792078882
0.7812923769098776
0.7863322501457295
0.7804930402870255
0.7797190170852457
0.7853264915723188
0.7857777325309315
0.784979683253832
0.7878779648771357
0.787190226681226
0.7856829352796776
0.7869699854680996
0.7862147470053611
0.7868053300055008
0.7883108283183226
0.786225249382189
0.7850178964047915
0.7864283478789174
0.7870051641612139
0.7858661258938762
0.7837811643582566
0.7847046773015001
0.7880888596973753
0.7897110138668813
0.7877585832628632
0.7896097207740493
0.7857110204349719
0.78872470340966
0.7878164612770009
0.7869850132593329
0.789856457664551
0.7890061592269357
0.7910925263339381
0.7893439692613361
0.7886364808170705
0.7878721455488872
0.7890343888802227
0.790714552425678
0.7896157765535587
0.7878600142855969
0.7888188898284907
0.7898240178652064
0.7866639912644395
0.7885634370817973
0.7913977652071822
0.7871215835666374
0.7911373995287395
0.7888843671234227
0.7900064859894418
0.792506537713155
0.7910964212116485
0.790011523714912
0.7903917307739674
0.7901919228906167
0.7901476670963292
0.7931287263651365
0.7900533230433248
0.7907001288987775
0.7926205663336098
0.7941072602031183
0.7922540143348576
0.7886109440809188
0.7908575397574733
0.7928416154218767
0.7922208848860026
0.7918036337961101
0.7945809705995845
0.7927169202223299
0.7928082298174892
0.79275262436269
0.7942862209669871
0.7954027963645619
0.7926897414635347
0.7931675372123381
0.7942924803573042
0.7941457492138816
0.7929370826183693
0.7934041264029033
0.7933243109662483
0.7942565923104079
0.7950970189078908
0.79580718056502
0.794348105516375
0.7946058176862261
0.7948067487130648
0.7948093693812037
0.7922664608664954
0.7961225211615669
0.794322220671423
0.7957374865559396
0.7949661234308422
0.7945265145606358
0.797893908917004
0.7963605553320581
0.7943084736578518
0.7964665183372878
0.7884657301664191
0.7970008128012085
0.798615236328109
0.7986509339003784
0.7932847513567212
0.7966522179620857
0.7961695355538952
0.7971164308995822
0.7950848942126912
0.7970785921297855
0.7976025484191426
0.7977761364849222
0.7971209825863499
0.7972608238027603
0.7966308848039013
0.7968943440530045
0.794624070409931
0.7975131238659782
0.7967431925846258
0.7984645446260705
0.7970542442180278
0.7979149530792029
0.7989828392213528
0.7967511202699485
0.7963516555693303
0.7966107995829261
0.7985108562327075
0.7982913834861782
0.7991665290104351
0.7975899770937842
0.7955463157116937
0.7965794763589789
0.79922734952915
0.7988066896002496
0.7990667268741637
0.800188379405752
0.7980248635068679
0.7983160006896496
0.8004788400752048
0.8009802481096215
0.8014111871002702
0.7998136895427788
0.7994235383945945
0.7983353371482993
0.7993640183578132
0.7998742079293273
0.7995359644009491
0.8004971322074531
0.8014426548222099
0.7991495045196673
0.8004594970484644
0.7998246648221279
0.7861661562712949
0.7997856700683903
0.7998227600758614
0.7999235211533567
0.7992606300440884
0.7988010541785371
0.7992750141624453
0.8011674518271606
0.8006951929787112
0.79940265843466
0.8002076304792244
0.8013095853071814
0.8024556448633426
0.8022239817407081
0.8023643681086362
0.8020379668475629
0.802381037922513
0.8021590824377468
0.8030854919089334
0.801825719000665
0.8032016879992775
0.8020505119005592
0.802498744673689
0.8020300260260589
0.8004713064753164
0.8008904426072035
0.802262372230113
0.8003198463066807
0.8022592589551809
0.8022208159210514
0.8033066001100154
0.8025557228594182
0.8014221623796193
0.8015782267797472
0.8016325514568845
0.8001387771857373
0.8005531054753245
0.8035170680043677
0.8015217214965396
0.801319903777473
0.8010388748860847
0.8012444429848687
0.8002417911182996
0.8029354504478616
0.8018189538673738
0.8021480086370391
0.802825894697088
0.8030581620840552
0.801543113767539
0.8016955000369456
0.8021698212658352
0.8011681677490332
0.8020178487861349
0.8011330416006437
0.8020105187970542
0.8025956568501079
0.8032154547171206
0.8028091854746676
0.804434091674124
0.8024274546185992
0.8025812464593887
0.803697473748163
0.802087772678385
0.8032178849106328
0.8010170688253792
0.803980945969245
0.8017846093217624
0.8032807809459691
0.803787246410128
0.8038113841429873
0.8045544059572581
0.8036164563509332
0.80633259825453
0.8036635167198954
0.8050851536522688
0.8036637663073373
0.8037899393272633
0.8042081559264703
0.8049039137609708
0.8050179752218783
0.8029858868153792
0.8019091337509544
0.8055355670314693
0.8035163126739517
0.8030451901051716
0.8037533419265851
0.8037543862529865
0.8045301302944967
0.8040602162543822
0.8043543156460128
0.8037067938686875
0.8033389873646358
0.8044683114260145
0.8020697301335785
0.8048267518329077
0.8042575676718582
0.8038497417919394
0.8040681767801579
0.8047226213249481
0.8041037955353404
0.8037900247124408
0.8057001305408001
0.8046951404339866
0.8039822333149974
0.8047275211205163
0.8050962997019728
0.8047240531686932
0.8049952430604018
0.805029449676111
0.8053973218610685
0.8060691652777892
0.8060492376909877
0.8050131345391253
0.8055330383165983
0.8045314504807021
0.805189448362493
0.8059414290523067
0.8059574617613976
0.8065197691316164
0.8041715650938827
0.8035633073620084
0.8064165318839747
0.8061422418535151
0.8060616513821727
0.8067094949959359
0.8054107864467451
0.8053280088012413
0.80291265917357
0.8051558328749353
0.8047106805362847
0.8052526530980862
0.8053142617876701
0.8059752809911248
0.8044622753507771
0.8062726972684954
0.8069666751504503
0.8042660733491516
0.8039940690142118
0.8065874861454339
0.8053700971256393
0.8056108045089941
0.8061017692793985
0.8039492155236821
0.807166377944352
0.8064767547064473
0.8061909573813023
0.8058008128012086
0.806461575849131
0.8069567376294119
0.8084947414224842
0.8060124432475924
0.8069377492795626
0.8071943120335631
0.8071085787473009
0.8051436162264677
0.8050140606398963
0.806298634658172
0.8078571571661972
0.8075048250835379
0.8077418806085336
0.8057500743015247
0.8066338108882521
0.8086349504519666
0.8071696554215482
0.8075724238717252
0.8055644272214515
0.8036298421195228
0.8071067659543025
0.807218948941306
0.8063284603574683
0.8058915115639445
0.8055102864508503
0.8065460152215499
0.8075748277928754
0.8055857209710923
0.8078760469946881
0.8088674411540135
0.8079946864147256
0.8068232608927677
0.8081360908366926
0.8061426884836742
0.8087803088644593
0.8084478452557861
0.8073093061633319
0.8086516334020247
0.8080882948415858
0.8071808540159768
0.8083259349266426
0.8083030976757168
0.8086985492729944
0.8085819985057594
0.8099161616078685
0.8095636587548544
0.8092610274135681
0.8093595619083588
0.8101859590643755
0.807653336179506
0.8086310884147092
0.8083958259784402
0.8073379167658721
0.8093957849278741
0.808765359890313
0.8078203955632549
0.8063181024786331
0.8080944622786348
0.80800892603509
0.8092610471178397
0.8078616300358781
0.8084882652851783
0.8079176230080212
0.8074549010270852
0.8080307320957956
0.8075943612942422
0.8084991748836217
0.8092482524774017
0.8081776668500259
0.8098616530241952
0.8083599116591819
0.8088054252428141
0.8083019548279571
0.8100362722801948
0.808152458518403
0.8082379422172232
0.806950616168997
0.8077270170195647
0.8097752366565136
0.807754300867809
0.8079590282509995
0.8087651300071427
0.8080762818039261
0.8105969770363134
0.8096945410957216
0.8095913366885331
0.8100061050401886
0.8094937348626038
0.8095344504560718
0.8112087027200107
0.8111788310440802
0.8096655232715659
0.8093138348617828
0.8105010829139334
0.8108601866979747
0.8097954466712096
