0.5866401780248302
0.7291750860898939
0.7886552249287654
0.8179693386816815
0.8392374796978265
0.8521475611358598
0.8690164566666232
0.8814308639319968
0.8956822679612123
0.905538319842628
0.9112461141520897
0.9091395602561075
0.9231329515770561
0.9278207366365159
0.9335326373517845
0.9373812758019164
0.9416988580472847
0.9483943914554527
0.9486419057111373
0.9539732794882809
0.9575498620970789
0.9590063254661829
0.962838299398409
0.9639215382585825
0.9667504515496802
0.97017557493297
0.9718224115335563
0.9721731218332897
0.9740772738279492
0.9771801799442521
0.9785235621949508
0.9804814461221998
0.9796303354091602
0.9816445984802888
0.9816725427009384
0.9840653763564828
0.9850823058021293
0.9869290197683924
0.9862524248455424
0.9879168879993571
0.9884440446165381
0.9890370845117943
0.9883744939823335
0.9899998042354967
0.9903615166036192
0.9918838309677337
0.992498371383961
0.9914764316067006
0.9917788851815879
0.9935313648825134
0.9937089411072192
0.9942231393023016
0.9946551641849513
0.9941050607655083
0.9938365302348204
0.9943026331203788
0.9945538147321932
0.995436853396044
0.9960114661180715
0.9958571595262725
0.9958425998641736
0.9951858461127779
0.996628414850912
0.9966283825678477
0.9970003609504878
0.9970441109595269
0.9965927808042936
0.9977261358938296
0.9976716679073694
0.9977524013951242
0.9976808040146289
0.9977695243325464
0.9979395269503156
0.9979812366696769
0.9979652242696745
0.9985273111626676
0.9981481272000263
0.9982981143177921
0.9983746380939335
0.9984145787013593
0.9984994056816954
0.998410420642649
0.9986113633494552
0.9984916319197586
0.9987667094559317
0.9987517301139938
0.9989178329375689
0.9988361180446522
0.9990281247991993
0.9986656763772058
0.9991175618011491
0.9991479724479282
0.9989517043288645
0.9989028794220826
0.9992352400279422
0.9987859630756123
0.9990492895762995
0.99932831855957
0.9990490958779124
0.9993214745498914
0.9994377194086198
0.9992762782595617
0.9995041837818562
0.9989589228220914
0.9994858986541112
0.9991181299830846
0.999547288129605
0.9994134683705512
0.9996096460970344
0.9994836130131431
0.9996212550870359
0.999602053120259
0.9993760974950614
0.9995368671563776
0.9995931171679994
0.9995997803925166
0.9996246900051011
0.9995351367841192
0.9996911543783378
0.999702595496404
0.9997002582025327
0.9997344524244736
0.9996870737989823
0.9997330965357638
0.9996168258505839
0.9996116992999379
0.999742316578991
0.9997711518122213
0.9997460872409272
0.9996750774122061
0.999690586196402
0.9996837680131752
0.9998385330244903
0.9997733728870606
0.9997828382815783
0.9997441115173785
0.9997559916851222
0.9997847494389978
0.9998176652515837
0.9998585226980419
0.9997924457215797
0.9998526471802989
0.9998201704173906
0.9997466941625401
0.9998383005864256
0.9997532024283476
0.9998531766225571
0.9998218491367457
0.9997948604948059
0.9998318310602956
0.9998066631831948
0.9998744059657864
0.9998230113270684
0.999903021674178
0.9998565340612674
0.9998920841719183
0.9998917484280471
0.999844692633201
0.9998181043012613
0.9998721978041732
0.9999022727070811
0.9999058238441785
0.9998651988357848
0.9998017690706136
0.999889333654821
0.9999083548364369
0.9999401084587001
0.9999094395474049
0.999850968460944
0.9999053460548235
0.9998911285932084
0.9997856017119012
0.9998897468780468
0.9999347752964413
0.9999341167219249
0.9999305914112793
0.9999064178525656
0.9999479596999916
0.9998605371612679
0.9998840521454653
0.9998826704303038
0.9999364281893447
0.9998944214657896
0.9999239798396652
0.9999413352151518
0.999941593479668
0.999894460205467
0.9999272339725691
0.999942949368378
0.9999356792222478
0.9999546745774122
0.9999106404774051
0.999929467960634
0.999656534019945
0.9999404054628936
0.9999642045380588
0.9999379648632158
0.9999339230235378
0.9999373321151512
0.9999594137312838
