0.5551451211389227
0.6148180372204255
0.648592811113162
0.6762920110104407
0.6945740420033866
0.7092150133617957
0.7198074681604058
0.7315438467526423
0.736050853469653
0.7486082193100017
0.75471349902495
0.759982922581836
0.7619911948575142
0.769350920078004
0.7692440064521824
0.7705373127141699
0.7748287330770651
0.7789519601312906
0.7828919066841079
0.7863828969015079
0.7858551725798296
0.7890869519858117
0.7927380590487044
0.7936608174369427
0.7982411928512387
0.7980073221035398
0.8009734513558411
0.8015082249275736
0.8048053671885659
0.8045212657191696
0.8060779558458859
0.8078424897078061
0.8077081687518558
0.8105009814700384
0.810527650490735
0.8125171697068431
0.8141632658957219
0.8147191358569605
0.8166373472221107
0.8170747987705543
0.8184509497708833
0.8183458401881085
0.8156860772496367
0.8194243947066423
0.8208045454180677
0.8224063944016884
0.8214391448450753
0.8209364010625235
0.8222125015047068
0.8240084680881796
0.823413011901227
0.8255109149419384
0.8242691555184617
0.8226916900063399
0.827699373239493
0.8286541999374042
0.8280950878347472
0.8282260831882128
0.8307913810398927
0.8304780360969112
0.8315768074537153
0.8304106958566396
0.8314988162973781
0.8313135263102986
0.8322676660594338
0.8331863541156739
0.8330267059361685
0.83340213307225
0.8337660040607018
0.8362924026354437
0.833947981285461
0.8349234292868091
0.8360953317978638
0.8371376513734963
0.8379893779743035
0.8388081117736279
0.8375152420772174
0.8373852675167927
0.8381600494346315
0.8395683522056994
0.8396941729730597
0.8411692317569357
0.8417824587309103
0.8412709065958318
0.8427973709764142
0.8407148376120505
0.8417394698617275
0.8423434968581722
0.8425840123907582
0.8436086446404353
0.8427698673450554
0.8441098797037132
0.8436616552576459
0.8427365792197996
0.8452949626431479
0.8462274217753132
0.8440465327544558
0.8440352526703528
0.8456702164370151
0.8453342792254172
0.8449502684396792
0.8452882729176866
0.8452715614441975
0.8473130961648037
0.8472237157829692
0.8467090563281946
0.8471606577374027
0.8479689203829579
0.8476993796595752
0.8473468850564567
0.8491000425330435
0.8486028200210257
0.8495901836945968
0.8472970138593521
0.8479497564381384
0.8498092368930013
0.8488814451604618
0.8503464115754078
0.8505890842555514
0.849861117575777
0.8489137638533333
0.8512978548900964
0.8507348714779831
0.8485398903770995
0.8514788241619787
0.8498931987256138
0.8505868564870916
0.8513278495132776
0.8521580174786734
0.8502689532858783
0.8522838703464437
0.8515704451524369
0.852293693071929
0.8530736303156273
0.8521262380726914
0.8529852771469156
0.8532600694973879
0.8532177290564887
0.8540303830381433
0.853920079609017
0.8538185973725816
0.854142753733679
0.8515572775642208
0.8537725461242768
0.8530880048792623
0.8540988660530138
0.8524677350753156
0.8545042557118667
0.8556665987207988
0.8557795215433877
0.8547591008675137
0.856457437263761
0.8558620837981206
0.8541385935205323
0.8567433748766141
0.8552974311646832
0.8547886396648717
0.8569080564004207
0.854869019091719
0.8537768989398842
0.8563500485518702
0.8538142381368923
0.8574454750459437
0.8564004975563564
0.8566318644720686
0.8569930454461556
0.8571591586482517
0.8570742594836649
0.8568997423942091
0.8570315530980909
0.8562880112993444
0.8565351844569814
0.858713890649953
0.857455265671019
0.8580662520363698
0.8584080058422746
0.8584297635002287
0.8580300748742065
0.85827042348466
0.8583706859055125
0.8583633477517674
0.8582855363577271
0.8587296262709756
0.8583127382452311
0.858474492211638
0.8592160502050414
0.8595110850741118
0.8582993523742266
0.8586521230408719
0.8600070235697259
0.8606627771669783
0.8596018778739899
0.859800945357077
0.8596744055405309
0.8584582879246282
0.8600127246025568
0.8609959280629809
0.8595382612812879
0.859952285950453
0.8599913136290316
0.8597483071046232
0.8587575407875837
0.8591880971679414
0.8609320161465064
0.8603747209270599
0.8607901901146787
0.8600049177828247
0.8617119341299586
0.8621059859239701
0.8626168125897808
0.85976332367646
0.8600839361522843
0.8599338282146555
0.8621093179465368
0.8606559654599588
0.8616466675761782
0.8609837876878877
0.8617815278190178
0.862888478360311
0.8627088765658982
0.8614715341588489
0.8621005930550762
0.8631623654792191
0.8626779831312346
0.8625891291961255
0.8625992472453836
0.8621309151024404
0.8629285011516022
0.8626501841761028
0.8619307754656566
0.8617418131916635
0.8617984318949675
0.8606513943615629
0.8619956824948437
0.8620024621014533
0.8627203556725437
0.8623973741864552
0.8621945637955526
0.8631843478400436
0.8626412859424278
0.8639071335136306
0.8634535803994896
0.8633923584973798
0.8608245824940414
0.8628024492612894
0.8625400797695191
0.8642610148544647
0.8635614891380238
0.8634715951496279
0.8628751631102088
0.8633738044603521
0.8649561941753806
0.8638419825213266
0.8643001516744376
0.8652087409416656
0.8644526735629048
0.8646499049025351
0.8651251193734
0.8658101036040734
0.8651067194183406
0.8652125416302193
0.8656805014084056
0.8655947162725004
0.8645352679180477
0.8661077450264428
0.8654893498864449
0.8661576226436294
0.86607720469629
0.8667244003242142
0.8662423292057555
0.8662545466218331
0.8662365960725148
0.8659452912710959
0.8661362566106782
0.8654011572197835
0.8642096477782505
0.864034886725678
0.8657947852883822
0.8656414159490888
0.8664499225577608
0.8655940293237248
0.8659671580704444
0.8644596200916467
0.8664371530146298
0.866540452134276
0.8649893667391602
0.8654793024580889
0.8654434398799443
0.8655368007126291
0.8656688104390534
0.8658656886741727
0.8670477991156337
0.8664402603343256
0.8669987304287813
0.8674560071904919
0.8660314872922501
0.8670371674598143
0.8682851543628469
0.866707695270807
0.8677701097031514
0.8675230200065805
0.867093330337295
0.8671700438973107
0.8664000898811484
0.8675818536381803
0.8673169546340955
0.8679418083766021
0.8666246900304151
0.8679823126740442
0.8674809813095361
0.8674511279281593
0.8666111436573601
0.867515450729883
0.8672347583240376
0.8673718848558291
0.868015517338234
0.8684925165918994
0.8678788145318557
0.8676173438515677
0.867417672880771
0.8671161537288639
0.8674987135760659
0.8685928753139821
0.8678208604514923
0.8662517153656638
0.8680631543467968
0.8683061480310411
0.8684928504361644
0.8685176255326662
0.8691069505412933
0.8687040582943448
0.86863626222825
0.8677178823359468
0.8679630524279948
0.8679664486513816
0.8694906724233402
0.8699377540948086
0.8694951536405878
0.8700018586137438
0.8686663146321695
0.8685161874342945
0.8692777632434255
0.8689557255093933
0.8691370864062788
0.8692838944217514
0.8686382203532651
0.8703717387989631
0.8687172772432168
0.8697061046954875
0.8685403783033329
0.870590881878516
0.8695997945573756
0.8697316951424053
0.8694227222752771
0.8686892600052967
0.8697365166239999
0.8706996059674662
0.8697219173574942
0.8707449189063391
0.8695653122968646
0.869876988018522
0.8698960299817831
0.8706898281825551
0.8687040711345088
0.870172247590463
0.868924998996862
0.8700495469829627
0.8702146393920184
0.8706301920407032
0.8702543154988804
0.8701451163238608
0.8712980218122287
0.8710461170541454
0.869733447824796
0.8704942532240849
0.8690504345593015
0.8703017085443266
0.8709598825124991
0.87008035695656
0.8694763171199512
0.870672750764391
0.8708381449173013
0.8706026498888523
0.8713458450031699
0.8697031129372678
0.8704520989655643
0.8700629264338852
0.870836032710318
0.869958137855211
0.8699416703448386
0.870708375799501
0.8703855355552166
0.8713487789806514
0.8697693360832685
0.8708917654423035
0.8708214206036482
0.8709832965516134
0.8711835003892175
0.871149544575432
0.8709243024179633
0.8709053760161786
0.8704615878467846
0.8714943671805406
0.8706878957378682
0.8713303597653459
0.8716979865017775
0.8703694532497652
0.8707255944594693
0.8706373440120698
0.8711430859729232
0.8708986285099792
0.8701713616191447
0.8705800255198259
0.8710430225746134
0.8719677069874566
0.8711795712990233
0.8711635467743102
0.8719162949706682
0.8708100185379868
0.8722028039708207
0.8706153937516552
0.8722292482886469
0.8706423003153865
0.8712939835806404
0.8711684645571347
0.8719367044113989
0.8711308236162716
0.8719833976679051
0.8707152067667665
0.8715034772769221
0.8713885257084159
0.8716881958767023
0.8703204038231589
0.8706424222969449
0.8710486273062138
0.8707877665337176
0.8712685215353627
0.8719805985121459
0.872377134877898
0.8710903000585835
0.8723900777632435
0.8726070251747466
0.8722875618936032
0.8714679806434528
0.8724665216798144
0.871769486955196
0.8718382781340032
0.8723411438981133
0.8713859961961014
0.8727571459525395
0.8733274867786436
0.8719511239156081
0.8724432039419303
0.8721096806811708
0.871596478585014
0.8724929146369844
0.8720923528798079
0.8722042035487003
0.8717005866349942
0.871628341452062
0.8736308934346636
0.8734501296054058
0.8731031562728213
0.87306220898972
0.8720537617668066
0.8724862249115233
0.8717248994855908
0.8723678257589742
0.8730772448218027
0.873279111460649
0.8726414817549295
0.8711385533950197
0.8723519039555729
0.872709239300532
0.8729920695936891
0.873497175966423
0.872404259724418
0.8718518566074682
0.8717694034941295
0.8714933463875001
0.871330000240753
0.8726247574412763
0.8733759840781967
0.8734541164763381
0.8721685592533445
0.872796899100386
0.8728350472277284
0.87218857064899
0.8735880137068752
0.872731285862177
0.8727933166946209
0.8706891348136973
0.8727381874503447
0.872812442118948
0.8731951046874623
0.8717806450577407
0.8728831400621142
0.8731845564927092
0.8726493463553997
0.8727559132967924
0.8734773764334839
0.8732212601015978
0.8734393567077819
0.872656857851359
0.8727366658909068
0.8714772448218026
0.8716423179706121
0.872725109743277
0.8732812108274683
0.8745226685070902
0.8730676724795159
0.8725561909653395
0.8724891011082667
0.8732687943888483
0.872975351700118
0.8738998884510751
0.8692783282106431
0.8742842009806676
0.8745001532794581
0.8732771661757979
0.8740015376096429
0.8735360624031973
0.8737673586980075
0.8737236764599667
0.873325329631086
0.873636459645772
0.87357749119245
0.8733744560986766
0.8724824499032976
0.874614591241403
0.8737965764912646
0.8745930711264838
0.8740656806490704
0.8745321766485566
0.8733503551107865
0.8739413172403278
0.874321257694067
0.8736037814283076
0.8733829049266104
0.8740397049972313
0.874557503872112
0.8744484395188149
0.8743073196960092
0.8746839987480839
0.8742102673161649
0.8739582148961954
0.8740901732619634
0.8749764142236917
0.8747841584476242
0.8753975780240593
0.8754010577085123
0.8755030920720013
0.8755975122182185
0.8748359364090876
0.8744492420290669
0.8748405267677295
0.875617876718375
0.8757634713383464
0.8749487179898723
0.874849649704275
0.8755308781869688
0.8761978926080782
0.8752418268343378
0.8742254443900521
0.8754745612275198
0.8739792535049636
0.8750596634272004
0.8748122270462004
0.8754577277724723
0.8710075259411438
0.8718011636398655
0.8726567037693908
0.8724438844706242
0.8727345344236772
0.8733759070372124
0.8731319567607476
0.8739767496729771
0.874273139179353
0.8758974648701137
0.8751950244364372
0.8740706626327152
0.8746912020801065
0.8754426855203077
0.8741510677398904
0.8744696514697975
0.8752331276232055
0.8745320996075723
0.8750668924395509
0.8745398679068125
0.8741116227559808
0.875804046256691
0.8747703552712884
0.8756602171592742
0.875550022871542
0.8752027156946931
0.8757554911763998
0.8756435249460313
0.8749849914532659
0.8742258616953832
0.8747264162299674
0.875906851030022
0.8754344934956544
0.875882056673274
0.8757147172355128
0.8757128425715638
0.8750815045462207
0.875124763058848
0.8748813520692726
0.8758016644062627
0.8747811024885843
0.8748872585447279
0.8755088444654882
0.8758960781323981
0.875942193581523
0.8762534263175212
0.8756516912903562
0.8752474893466764
0.8751094832636487
0.87442247670714
0.8736351435289587
0.8750043801009557
0.8761435401937261
0.8755296326910577
0.8656844240785175
0.8692324438844705
0.8735050598271392
0.8759626543829098
0.8760153375759375
0.8758070444349927
0.8754463770674672
0.876310385285172
0.8766035775907037
0.8759074673578956
0.8761237920214431
0.8752670641767448
0.8762620035470953
0.8763393270149026
0.876514768596169
0.8764216453065189
0.8771363031562729
0.8770892888956657
0.8766440305274898
0.8763390509513759
0.8761786066817003
0.8758604466772063
0.8749050164915857
0.8757023778378767
0.8762587421454309
0.875983307786757
0.876070974006693
0.8761952860547794
0.8747753565151795
0.8759626030222536
0.8763313789533662
0.8764475503374555
0.875745077803369
0.8764533348313526
0.876653660650515
0.8762597757786356
0.8762820342029869
0.8765378038504442
0.8759952298790616
0.8762476610838703
0.8764520572350311
0.8762466338707477
0.877078580198862
0.8609704852779495
0.8750734280830437
0.8761274578882745
0.8754765642931088
0.8762133714258199
0.8764483656878717
0.8754557953277853
0.8755347238160968
0.8758846054458347
0.8757787126130537
0.8763227567832178
0.8753489523228658
0.8767324928375959
0.8755780465295444
0.8753589419704836
0.8753934627514868
0.876628936914669
0.8754108098130955
0.8767107223394779
0.876928433740741
0.8766743718351002
0.8762389169321637
0.8767062154419023
0.876458945983035
0.8764509465608423
0.876186175958398
0.8763261851070148
0.876927656910817
0.8776630644656485
0.8776705759616078
0.8766549703472462
0.8762361113563225
0.8767009766549767
0.8762079849770081
0.8767979327335906
0.8764940638316655
0.8759101573722603
0.8768832106830164
0.8767341556388382
0.8748931842804293
0.8761637827123241
0.8760351563691225
0.8767354332351596
0.8764311149274933
0.8767587638132077
0.8770224815222014
0.8772538163375037
0.8766461619947195
0.8763614891380237
0.8649142838799765
0.8702057475784254
0.8713129228225891
0.873111919684774
0.8733368023176497
0.874257653941529
0.8745892961182579
0.873843654952692
0.874346816040575
0.8736220080411528
0.8738294858316814
0.8744951135150751
0.8753961527658517
0.8755047741334896
0.8765230826023801
0.8756089784847002
0.8762103026266161
0.876322769623382
0.8764661172146475
0.8765182290203757
0.8762903738895264
0.8768840902342526
0.8769861823784798
0.8762957731785024
0.8768787294657688
0.8778826697911065
0.877333059409834
0.8768670962771549
0.8758048166665328
0.8767216364789061
0.8779858726095227
0.8776950749945831
0.8773946665168648
0.8775915640122303
0.8779672928921667
0.8778912855411729
0.8770611560962691
0.8760856310539367
0.8773432545000762
0.8775997688770474
0.8782230240191319
0.8770117728253978
0.8772513381858453
0.8764804211573802
0.8776517587012175
0.8775070051119903
0.8769320225665881
0.8772794132045038
0.8769177314640194
0.8775284802863356
0.8771592228490719
0.8775930984118322
0.8775080901058512
0.8773410588320266
0.8758845669253426
0.87717086887785
0.8774907494643244
0.8778565593175454
0.8776766493591955
0.8777048335192481
0.878149366418156
0.8772014220481666
0.8778457992600854
0.8767117110321084
0.876954030607741
0.8770806410451895
0.878249128072611
0.877647001420443
0.8771168888282549
0.8721458193228419
0.8740639472269258
0.875234886725678
0.8752282483608728
0.8766112624288775
0.8754531053134204
0.8752358882584724
0.8771210811418116
0.8761428275646219
0.8763032975146257
0.8757960339943343
0.8754182185877424
0.8765298301085797
0.875982922581836
0.876819812373103
0.8759995377540948
0.8766307345376337
0.8766844706241121
0.8762457864199213
0.8768354902133875
0.8767210137309505
0.8756261586241765
0.8769117479475801
0.8768030174385477
0.8770620292274234
0.8762691555184617
0.8767950950573393
0.8770374403133
0.8765686266642057
0.8765760225986887
0.8768722259226861
0.8763961768411591
0.8766549382468362
0.8765961944963847
0.876792206020432
0.8760947860908923
0.8775439719442415
0.8768148239693762
0.8771442961583835
0.8771153544286528
0.8776030174385477
0.8769225015849578
0.8775932075532266
0.8768342639777225
0.8763900777632434
0.8772808705631215
0.8772334004766911
0.8770015969954017
0.8773363208114984
0.8771306149636062
0.8767575632578707
0.8775013618598978
0.877302448458779
0.8772078421301832
0.8775396833294544
0.8768059899365216
0.8766096445682094
0.876791409930262
0.8771212801643542
0.8773870394594291
0.8772207914356105
0.8759857666781693
0.8764829314094488
0.8765042717620718
0.8768249612788803
0.8769761413702061
0.8765495269202064
0.8774381112118707
0.8767152035567255
0.8772622202248633
0.8772656742289883
0.8763755105971478
0.8765444165349212
0.877837825518221
0.8767857345777591
0.8766723174088549
0.8762873564509785
0.8772944747169145
0.8766069545538443
0.8774631174313253
0.8764746816040575
0.8775338667351475
0.8766559333595486
0.877333855500004
0.8773565825903425
0.876625784654399
0.8775713921145343
0.8762176151000329
0.8766868203741303
0.8769977064256997
0.8764583424953254
0.876481839995506
0.8769535555216716
0.8762982705904069
0.8768931682302241
0.8761692718824483
0.8764672343089184
0.8772428700976656
0.8770844738341532
0.877678767986261
0.8773796884655202
0.8768933223121925
0.8767574476963943
0.8760859648982016
0.8769034532016147
0.8767335264708007
0.8760896885457712
0.8773566146907528
0.8772967602661124
0.8765609033055396
0.8772961631984848
0.8773155069056008
0.8770536831208019
0.8766056897976873
0.8772842025856881
0.8764117583802133
0.877672193822276
0.8767785826063929
0.8772115593576709
0.8773451612644351
0.8776119220923048
0.8773469588873999
0.8775948703544688
0.8776188943013747
0.8776544422955004
0.8764428893579116
0.8767438114421913
0.8777046537569516
0.877769522265647
0.8781095940100636
0.8745903361715445
0.8767047388230383
0.8758589186976865
0.8760784919227343
0.8763112584163262
0.8770543508093316
0.8760493062298871
0.8769613880217321
0.8769889301735829
0.8777387379723776
0.8770186230529096
0.8772387676652569
0.8772870402619393
0.8774076671829483
0.8775871598359669
0.8777720325177154
0.8768637706746704
0.8778743750451413
0.8778162797229734
0.8777812581755732
0.8783284417658437
0.8778166906082225
0.8776825108940766
0.8773290982192299
0.8783216172186599
0.8773544896436052
0.8777928656838592
0.8779116243610011
0.8775310804195523
0.8765568843341973
0.8779236941151922
0.878058175573193
0.8770266545755122
0.8769364203227695
0.8777185403943536
0.87791502700447
0.877897609321959
0.8785061239557336
0.8773718046048037
0.877912304889695
0.8777236636198028
0.8770052050814948
0.8774758227736361
0.8776483303774206
0.8781789758364162
0.8766967586610919
0.8761656509561909
0.8774951985811619
0.8774975483311799
0.8771925173944098
0.8776604129717758
0.8778896805206686
0.8776509240905553
0.87834256594628
0.8779046906724234
0.8785505124027959
0.8773090996637483
0.878985049234004
0.8788479355423765
0.878732861992312
0.8773111990305676
0.877636119381425
0.8787070275822774
0.8776565673426479
0.8784735484595816
0.8782306125560755
0.8775322039339053
0.8781017550899213
0.8780910207127895
0.8776871461932927
0.8783624489402853
0.8784602332094791
0.8779296326910575
0.8786268856984649
0.8777192658636215
0.8778031891757417
0.8775244292145832
0.8773447311189401
0.8772191350544503
0.8779392050333441
0.8776101886701602
0.8777386545113114
0.8772573088621206
0.8776027413750211
0.8781127783707438
0.877949618406375
