0.5896722036202084
0.6348109013526322
0.6581871367599953
0.6828926064704339
0.7077820043465405
0.7232495114873406
0.7366363263560664
0.7458040521900937
0.7534047118812044
0.7580807739830958
0.7619433372988517
0.767765371660609
0.7736415317373588
0.7776543840346695
0.776952728515301
0.7799633146770719
0.7855981555669962
0.7853764739314479
0.7895980903131179
0.7924686732077542
0.7952614503870883
0.7963130161151087
0.7984876251231037
0.7990702994164285
0.8009337900530128
0.8040129672360877
0.8064516872679405
0.8062542537959738
0.8097939566993497
0.8103193183388646
0.811008095490718
0.8122678310173757
0.8134029559301612
0.8154635469774831
0.8147443241109462
0.8190717168205285
0.8160478539238903
0.8193201870278555
0.8211983454197336
0.8222107797186713
0.8213290621561348
0.8244581266868001
0.8252580613911258
0.8255126834352677
0.8260946720142978
0.8272711357031332
0.8285393283727587
0.8284599030655987
0.8287305251099497
0.8297557985927289
0.833449401906278
0.8309552239145171
0.8327338884275446
0.8355291537701768
0.8366244158252986
0.8366337676621554
0.8376599162469867
0.8377820582893982
0.8374924191019418
0.8399529840320389
0.8405993317955831
0.8386080566675338
0.8417261563000968
0.8418486052812878
0.841072814250747
0.8440875669431844
0.8449059767497924
0.8442261073531573
0.8464104665653611
0.8454646249203542
0.8461052714593341
0.8454753351245758
0.8469490657560694
0.8467608143250392
0.8465633612612358
0.8476795016839773
0.8476560959693858
0.8468184339176285
0.848756967820499
0.849244334357477
0.8500773596744797
0.8510092323397124
0.8503270249838633
0.8519257384741321
0.8528931115479916
0.8521167262317286
0.8522944829687442
0.852581477258207
0.8527371735867713
0.8538847523772702
0.8539844748275524
0.8552860062731233
0.8540424274813705
0.8550837662704819
0.8525349009310681
0.8551168372913219
0.8556613401555767
0.8554010299480951
0.8546794821835687
0.8561462838353799
0.8571394267054946
0.8564743491457874
0.8569103197637268
0.8560829564876142
0.857561519772232
0.8580652063094231
0.8564693336355178
0.8584970495803697
0.8595642234718593
0.8581884128416446
0.8581329940654105
0.8589208536675377
0.858418734477306
0.8599236357214516
0.8597223100045362
0.85966332551397
0.860314695318396
0.860706179405142
0.860834362263959
0.8599771344976606
0.8602431459297064
0.8613564585973088
0.8608391753252465
0.8623937288149386
0.8610701304303038
0.8621563606485727
0.862456494530044
0.8626214251444433
0.8612635606369117
0.8631107769875693
0.8632133990297262
0.8598371181693012
0.8635743525038282
0.8631353843348295
0.8628429892289696
0.8627074920843427
0.8640975851637236
0.8640008080196023
0.8636013957694877
0.8622035377920461
0.863968128835502
0.8630593614766937
0.8631946561723385
0.8648642006839405
0.8626651606552185
0.8645751557822061
0.8634837467883592
0.8642022382263149
0.8638428259767226
0.8650281582371024
0.8644935819035896
0.8648640766023062
0.8659297419223475
0.86371793454652
0.8655533957949832
0.8655504113051482
0.8655342415090186
0.8668650039753797
0.8661859051909996
0.8661912472318857
0.8655828488565923
0.8669173990781048
0.8677026203128506
0.8667397076472126
0.8675240799023554
0.8669354562211977
0.8659141076364292
0.8648991068068453
0.8663948521325042
0.8669906921402866
0.8654404488547324
0.8667163149938458
0.8664495786638311
0.8674857256161401
0.8655861272239821
0.8674052358191704
0.867688448884094
0.8675390023515298
0.8680510676643405
0.8674812064324076
0.8676236064342676
0.8683784211380039
0.8680539215419287
0.8673498235735487
0.8677744113341964
0.8680723117462507
0.86873066930587
0.8683265223618158
0.8687037566524574
0.869221301149013
0.8699582415668016
0.8674837990855027
0.8692610464556545
0.8691312897192658
0.8681001778690636
0.8700201452410795
0.8685440244054732
0.8694218562536733
0.869514786867132
0.8692540260473995
0.8688646774708856
0.8693831297225552
0.8706112701467594
0.8702378823867805
0.8696691770732301
0.8703542513678924
0.8710249321929786
0.8703641648374095
0.8702264799376519
0.8695178040100285
0.8700902383032194
0.8709434105592609
0.8706110089222662
0.8700175068736982
0.8693711917632156
0.8703330399390438
0.8706832179028012
0.8715803934247235
0.8716428064867633
0.8706194399427845
0.8711986595421866
0.8711368734189306
0.8721154269010996
0.8714799003621864
0.8718634628161759
0.8709879036210665
0.8714334415860695
0.8718725338367025
0.8721672930242258
0.8717549828147589
0.8700357925882226
0.8702896505507219
0.8716177354660277
0.8716033550576764
0.8723641713941443
0.8721261632277704
0.87169013383432
0.8727316489499644
0.8710237828052086
0.8726127069075945
0.8734558416124846
0.8721944342490701
0.8730698563013206
0.8725988162951682
0.8729790546674815
0.8725052848653752
0.8724595967015132
0.8724237697622697
0.8739954922317779
0.8726945681331536
0.8719671166950808
0.8721832734325977
0.8720005991444976
0.8708549795376977
0.8738542873319742
0.8737137028403422
0.8727184113987712
0.8734250171222859
0.8724083836396197
0.8730422709948379
0.8745129910140472
0.872430561599093
0.873743306106035
0.8735771803895795
0.8744572979520953
0.8733243346719912
0.8733609387541021
0.8743029861133451
0.8741839461117903
0.8746348653013534
0.8750765697969184
0.8743845208082874
0.8737244456976254
0.874904749386511
0.8743657061141643
0.8734069861016422
0.8755038481698463
0.8748224310180887
0.8747179608126429
0.8742828914192051
0.8748135689771568
0.8747020783634557
0.8748640506104692
0.875457049801888
0.8748752310187786
0.8728780195641213
0.8754529485773446
0.8732484293648775
0.8743320146851529
0.8736053469205596
0.87419434284662
0.8747980783647096
0.8759684163391793
0.874777082446068
0.8744654024419971
0.8747883738747869
0.8741382710091529
0.8756415853145023
0.8758424604191668
0.8746756881590295
0.8742063134590212
0.8761288343004582
0.8746628816282499
0.8741348816213537
0.8749386824481786
0.87510045224621
0.8757591102139967
0.8752586563299091
0.8756401551104019
0.8762963118536662
0.8749847820406176
0.8748387379570772
0.8736851901869085
0.8752184408191797
0.8748496440796688
0.8748226399976836
0.8751641453082664
0.8761452783823057
0.8751786955125379
0.8758941045014741
0.8751020391850062
0.8760223461358021
0.8752905453099173
0.8756396979675388
0.8749059771416291
0.875391763270423
0.8743976146860098
0.8758228293985023
0.8757401257239528
0.8742746236639952
0.8730081616066372
0.8737122856974665
0.8749091314273846
0.8747191036698005
0.8745223950958028
0.874617990199092
0.8754531967406131
0.8755775853136664
0.8757055787847259
0.8759647918493362
0.8757578889894906
0.8754831069450856
0.8758952081749578
0.8760931445040738
0.8768378890035968
0.876576520836918
0.8757603510303393
0.8761801845052106
0.8764836816520317
0.8760213012378294
0.8764251673655531
0.8760493371565626
0.8760460849116223
0.8762283216486965
0.8766004359392708
0.8773132392138873
0.8765008245093985
0.8767886351254025
0.8771939510490638
0.8761946889951959
0.8772331869679437
0.8776331673813311
0.877031737169394
0.8765297616526335
0.876942594311087
0.8765946759391957
0.8771299575788403
0.876749144512642
0.8758382024599275
0.8757556489894616
0.8774780588078768
0.8781601682045409
0.8778540392209506
0.8769503657397599
0.8778671722823466
0.8777652751381586
0.8783062906554291
0.8780549535092893
0.876979048189114
0.8777224343212727
0.8763869110385228
0.8774807951344431
0.8777746922811388
0.8775014906449174
0.876719815532667
0.8778828392213268
0.8773293567651181
0.8773241518670909
0.8773983788068359
0.8773961518680313
0.8767389894104686
0.877499583706117
0.877526698808512
0.8773301796222718
0.8781034367752286
0.8761146955247634
0.8774371183991786
0.8783981110647916
0.8771955379878602
0.8777923902405538
0.8770018400261465
0.8782031592255107
0.8779490726915797
0.8783596522887791
0.8780662188155587
0.8789855527051174
0.8782152408583215
0.8785851412713162
0.8785344375971845
0.8770573632921779
0.8771682988038307
0.8780676098359851
0.878240840858656
0.8786816114766578
0.879036413113945
0.878849905356407
0.8785547739239807
0.8778363739145976
0.8781859118783466
0.8789773763784802
0.8789090335204445
0.8785492163728877
0.8777787020771095
0.8783512408600979
0.8777628849340459
0.8786473388231487
0.8797801388379448
0.8800361257800635
0.8794116490372135
0.8787272996405198
0.8778988261603112
0.879599926590693
0.8787783559677173
0.8791086025026429
0.8784602367798888
0.8785797796385929
0.8791658955646158
0.878992546990923
0.8792291445450338
0.8780248604476716
0.8791603902584214
0.8795986596519008
0.878666127394823
0.8776049290136154
0.8800191657798422
0.8783841616768544
0.8787612718858615
0.8782279037156298
0.8769938661484914
0.8777563739135525
0.8782878808592701
0.8775431494209718
0.8793083086277003
0.8786009910674415
0.8795941078151068
0.8791277045437087
0.8788755576016399
0.879637804142208
0.8787262612731592
0.8796609812853678
0.8786592506600392
0.8783056245329715
0.8794213469965236
0.8786389535169169
0.8795745159781162
0.8790342514812638
0.8799123772070188
0.8799454808809206
0.8790246841342
0.8783176147372096
0.8800380327188642
0.8800950057808328
0.8790495135222793
0.87939552495537
0.8797740653684776
0.879351155975199
0.8801359592507555
0.8800377845555954
0.879382529036833
0.8800677470049665
0.8793463037302376
0.8791905747486116
0.8799571119014805
0.8781099608569464
0.878935051479968
0.8788443412747016
0.8795811576108559
0.8804788751736017
0.8803204490490834
0.8806873780334679
0.8798216865935893
0.879981007411997
0.8803558906821993
0.87933947270974
0.8799761290445861
0.8800075870041808
0.8801527494550562
0.8806268915020655
0.8787149437219911
0.8810642074261448
0.8805770172156997
0.8803190384368201
0.8799565567994325
0.8797653404704046
0.8800243184329707
0.8804621894590978
0.8789929453582752
0.8791099543393954
0.8802422123133677
0.8794284653639637
0.8780470449377573
0.8794185323026096
0.8798914661863375
0.8801684555777104
0.8799546563912446
0.8807065388500446
0.8798801094514954
0.879103123318898
0.880271587007629
0.880939035179612
0.8804453666017354
0.8795517633247577
0.8804215429279548
0.8801760114961765
0.8807548066057772
0.8805638776236914
0.8796528114893428
0.8784230710651176
0.8803362008860238
0.8798048898586763
0.8805897453791314
0.8791017649515332
0.8810883576305418
0.8803635968047492
0.8796409257749018
0.8799750645547764
0.8794156261801225
0.8786304571902753
0.8802945421099696
0.8805666792563811
0.8812628686532293
0.8798138563894056
0.8808953453831229
0.8793556229140328
0.8800210727186425
0.881006640078454
0.8808819576278459
0.8809367037510101
0.8807550351772087
0.8800976833318881
0.8795728506719718
0.8796649649588892
0.8809987510987592
0.8808657747704919
0.8803498498657939
0.8815823658002595
0.880079384556139
0.8803708784374972
0.8806884294620528
0.8808455690559421
0.880260236803399
0.8805056637453801
0.8815081062074528
0.8817816539661278
0.881348419674755
0.881594538861643
0.880550914358216
0.8774756555425391
0.8816293339641383
0.8807306106870937
0.8797207233269646
0.8810678906914988
0.8810993094674195
0.8818528964160378
0.8814938302888992
0.8800891608827971
0.8811621731417101
0.8814689813089827
0.8809600441594783
0.8816117600863577
0.8815135135544623
0.8814708229416596
0.8807706955855763
0.8813929976345208
0.882281271931837
0.8799720474118798
0.8813488245727192
0.8817067413120879
0.8815214482484434
0.8813961453896638
0.8812183364077497
0.8797745551644024
0.8813193780417224
0.8812741666125605
0.8817829404967568
0.8815101111054382
0.8810118319152566
0.881721892332694
0.8819882825402552
0.8811347184474738
0.881409121716364
0.8806212163999506
0.8816837862097474
0.8817600049862532
0.8813809878384455
0.880859427015307
0.8812097094688615
0.8818668327427506
0.8803787412947428
0.8811383755903787
0.8821794792774462
0.8814861241663495
0.8805589143583206
0.8810112572213716
0.8819445731519291
0.8812823168167485
0.8818409649873106
0.8810248017113445
0.8822212425432978
0.8812293274283014
0.8822919625442216
0.8807081649725148
0.8816650955972584
0.8810876262019608
0.880608050685493
0.8811444033455595
0.8814350613085395
0.8813439592665334
0.8811927429380276
0.8819783233564517
0.8827706694892495
0.8822154172370993
0.8810586106913777
0.8817535462106586
0.8813506466135594
0.8822044980532833
0.8815724915144163
0.8817663592720505
0.8818390972321841
0.8817290564144203
0.8820693992760086
0.882021013969254
0.8822069600941316
0.8824882009141316
0.8824397568318663
0.881213262121969
0.8824537519340897
0.881205386203499
0.8810423625279004
0.8820334743775801
0.8801456114957794
0.8814434009004852
0.8814882531459691
0.8826582907122715
0.8814717633498352
0.8815661437592313
0.8823074596872811
0.8816240311069261
0.8813719037566942
0.8810580164056558
0.882514826220602
0.8818948164165854
0.8828102123469088
0.8832245862298722
0.8821386760116072
0.8810964621204436
0.8821820588693167
0.8817581764148007
0.8818033617215132
0.8825564784660438
0.8828548033678995
0.8825593062211828
0.88184348580367
0.882895182143937
0.882499936424489
0.8815035543706586
0.8819104180494423
0.8819272147843555
0.8825535984660062
0.8823360441774504
0.8824307380562382
0.8827485372440624
0.8817399168227255
0.8826362107119831
0.8813006808986212
0.8742840734600368
0.8798308098590146
0.8800393584331672
0.8793217355666512
0.8797868457768078
0.8804507739487447
0.8804118384380321
0.8826017094870429
0.8814189698797579
0.8818746825387713
0.8822348131557199
0.8824306988725641
0.8813554923279086
0.8825825486704659
0.8815256213097225
0.8824201323418139
0.882335384585605
0.8820795478475696
0.8797601747560513
0.8811853959991562
0.8812575200817307
0.8811812947746128
0.8807172751767154
0.8817506531493963
0.8812166580403809
0.8819697029481758
0.8804960310921931
0.8825088637715442
0.8828510547964219
0.8818305486606439
0.8829584376549673
0.8830589437787291
0.8829747641857928
0.8827745290811366
0.883661046643736
0.8832842956184072
0.8823156098914692
0.8828148556122757
0.8828367070411325
0.8828880898989465
0.8825824898949549
0.8820617519289697
0.8824973829550679
0.8833196327617259
0.8819378531518414
0.8833389633742232
0.882648390303979
0.8826860784677365
0.8834722988861687
0.8832377650055543
0.8826274205077866
0.8815819935553565
0.8821600964200502
0.8821774809100732
0.8816135560047484
0.8825366972412956
0.881765046618972
0.8828668392864241
0.8812020686524352
0.8827441617338013
0.8819948458056469
0.8813680376341948
0.8822880376462111
0.8816119821271771
0.8829658237775128
0.8809087919139107
0.8819058596820357
0.8808575070152816
0.8820383331531537
0.8818638809059772
0.8820809715210575
0.8823747576473437
0.8823585356063155
0.8832021666377426
0.8830455429622275
0.8820197339692374
0.8819554662132958
0.8823772000963552
0.882692517651494
0.883204942147983
0.8826428392834983
0.8829918547982609
0.8833684490888941
0.8833488376600664
0.8833271756189672
0.8834848246006181
0.8837343331753056
0.8833197045984614
0.8824600213219268
0.8829132131645807
0.8839455397086764
0.8830097813291073
0.8838656376668166
0.8832515184751218
0.8832957176593726
0.8833977062321333
0.8833885894973204
0.8831294809225075
0.8827352735704199
0.8829474858180896
0.882845516837166
0.8829032605113896
0.8818190155992688
0.8833556425581145
0.8825718776499184
0.8830594270440414
0.8829637209203425
0.8826827674472851
0.8823956425455757
0.8820904147864871
0.88338225480336
0.8831175168407185
0.8825474335679665
0.883457369906382
0.8836255592963339
0.8837912931760495
0.8829394270424742
0.8830946466363383
0.8832445894954398
0.8836236262350841
0.8829283837770239
0.882927815613751
0.8821338041748088
0.8830816376565765
0.8817620164148507
0.883234133985099
0.8834800311311677
0.883378656435966
0.8826133731606643
0.8832763478632013
0.883651054806871
0.8841577650175709
0.883533810723707
0.8837652556246891
0.8831850172497636
0.8799936637386926
0.8828852425519704
0.8832113029643927
0.883456024600242
0.8829886352063822
0.8826940980596779
0.8835660458261687
0.8835638515404258
0.884005262158436
0.8825341111188129
0.8832088148010948
0.8834542743961376
0.8842281193042041
0.8828449617351177
0.8838885992997695
0.8831391919430426
0.8832427870464364
0.88365657317429
0.8834114009261895
0.8828458825514564
0.8830624572481627
0.8835363576625157
0.8838970564427371
0.8834435772531406
0.8832370074545242
0.8830316327579641
0.8831451413308753
0.8828455298983906
0.8825323870371578
0.8825002694857178
0.8821011902968319
0.8828782221437155
0.8832735266386746
0.8829704931653288
0.8836520931742314
0.8828738727559038
0.8827755870403342
0.8836234564391636
0.883941079300455
0.8834748392943653
0.8832011674540561
0.8839240278716607
0.8841477405276439
0.8827166025497679
0.8843015037949584
0.8837825160330777
0.8833610825581856
0.883984847464292
0.8833761094971574
0.8824171413213668
0.8838134841967475
0.8836136997043422
0.8835360637849609
0.8838905911365302
0.8841092882822438
0.8840234695056127
0.8831470090860017
0.8837487135836566
0.8835571707240121
0.8840012588930778
0.8835064474580433
0.8838739250138635
0.8833825225584657
0.8842257160388665
0.8845748556352635
0.88378560501271
0.8837122270525679
0.8841549960379428
0.8836925437870047
0.8833750907216338
0.8832108327603048
0.8836437470516735
0.8840225029749879
0.8832106107194855
0.8833840245993015
0.8821820849917661
0.8833846841911469
0.8847564980866155
0.8838905911365302
0.8840322466485845
0.8841457552214956
0.8832604850058513
0.8837559233796691
0.8833062515370613
0.8837542254204633
0.8836850401134373
0.8834583103145577
0.8827698596933206
0.883696031133989
0.8832254221482504
0.8843984311431632
0.8841348686907412
0.8839474597087016
0.8830992507180311
0.8827025486720333
0.8841809356301183
0.8832174613318199
0.8836980817462607
0.8839999723624486
0.8839599070558029
0.8834439494980435
0.8834040801097676
0.8839869176684007
0.8833330988843506
0.8820756686638456
0.8831338237797072
0.883360912762265
0.8826776017329319
0.8842879919580473
0.8832642727610027
0.8835863299080664
0.883868811544409
0.8841081911393722
0.8838550776666786
0.8839060033816295
0.8840480768528728
0.8840196164443379
0.8838733372587537
0.884117973996643
0.8839729421580139
0.8840929225677443
0.8831626956168188
0.8839055462387663
0.8832092327602838
0.8840416964446263
0.8847614874744357
0.8827287429580897
0.8839874205255499
0.8845515740023062
0.8844165405311548
0.8833849911299263
0.8845093405323669
0.8834808735801583
0.8834847070495961
0.884298885019414
0.8837484392979389
0.8840043413420975
0.884421862980204
0.8847067152288225
0.883931747055435
0.8842866531825195
0.8838603739932784
0.8851823723778922
0.884112932363924
0.8844822776748706
0.8841741372626826
0.8844192637964966
0.88449883930774
0.8840278972607725
0.8842872474682416
0.884209605018248
0.8847781340052654
0.8847261633923418
0.8845642564514514
0.8837947348087476
0.8839420262392429
0.8843118091012155
0.8837481911346703
0.8830250694925723
0.8829677764305995
0.8840497486896294
0.883323472761776
0.8848464638020762
0.8848789013535202
0.8831507250044177
0.8845344442061642
0.8849402564563625
0.8845442858389458
0.8845505944104567
0.8842779674681204
0.8841618074666031
0.8852708556443539
0.8848292817610355
0.885042081763815
0.8842070907325008
0.8843295331830796
0.8846920735959781
0.884760227066256
0.8847930303319905
0.8841760899157695
