0.5679997529860707
0.5898824742938069
0.6269753930658781
0.6663473131305406
0.6914164514307033
0.7097073874980337
0.7184690350433249
0.7339323460299433
0.737797796633662
0.7458534717865215
0.7520079808277904
0.7557047456819713
0.7629474769914726
0.7633249987030202
0.7683083401526002
0.7730368635897445
0.7719599066299887
0.778241292432466
0.7781015895461281
0.7837183482709364
0.7829365032095875
0.7870462052929212
0.79302306858278
0.7907761652560803
0.7921858047343395
0.7966559313827906
0.7998469785802665
0.8006395273173217
0.8036686022360507
0.8020590345527453
0.8058643251438917
0.806708380830486
0.8079534553763955
0.8104050281336221
0.8109668960061431
0.8109864356020632
0.8120325745961952
0.812739853111349
0.8138107235392206
0.8160915272811682
0.8169582376663747
0.8164230930647444
0.8175828451438435
0.818613970257287
0.8203235020431155
0.821249288359035
0.8201140391421992
0.8226265098713359
0.8237516039840088
0.8241897297898537
0.8244910980160989
0.8244449788227872
0.8258312648267785
0.8274044765841192
0.827105015297048
0.827877593417685
0.8281706677646457
0.8294289341500466
0.828306850650248
0.8309667630428501
0.8299460477275006
0.8323757429291347
0.8324087617115454
0.8333127292473947
0.834555198078474
0.8349514626510811
0.8332648076047271
0.8339220093747219
0.8350660096137946
0.8343072959858512
0.8366092980995756
0.8377442469081855
0.836555805843499
0.8373543627450748
0.8392763157997851
0.8385452919735468
0.840366542966396
0.8406506703727116
0.8414474052330904
0.8420891163876031
0.8413064158158713
0.8427880879622454
0.8416597546652222
0.843667846513444
0.8421862723262741
0.8449771627054317
0.8450295970021036
0.8455069783263562
0.8462016396960161
0.8455969701818974
0.8454421228025988
0.8453275497174308
0.8447783773577671
0.8471234162151792
0.8458724575864075
0.8471918178621268
0.8461688886687637
0.8486289904073645
0.8451317227377313
0.8498319882097869
0.8494792109932066
0.8486661887824851
0.8504339540498712
0.848861506374323
0.8480298849760413
0.8511385419522177
0.8501007294904382
0.8507212357425603
0.8513943852709899
0.8509018398619356
0.8515860065355245
0.8510040635567676
0.8516669012463075
0.8510271884595594
0.8517231102376458
0.8503887360812379
0.8519745780452996
0.8532755350518668
0.8538358812914169
0.8530589994964114
0.8548371288475959
0.8534655040711584
0.8551812072868482
0.8559120939702007
0.8539185588597151
0.8555297134821278
0.8548774096723404
0.8534434501889986
0.85716283055811
0.8572735962955434
0.8552634538346483
0.8563299814044696
0.8572612077215258
0.8575217596127105
0.8574179163257034
0.8573448844737064
0.8583174234524575
0.8574842673599775
0.8586014398383417
0.8582355099659513
0.8582532601737426
0.8582662495642122
0.8564035683586233
0.8593513828522075
0.8594651330800605
0.8591127215778422
0.8600057372746683
0.8550981248205061
0.8592493877288515
0.8592172962935738
0.8593330057055099
0.8602530254896119
0.8605296100372083
0.8592750399791105
0.8605629096360039
0.8599552556314657
0.8609457342058024
0.8607849047844374
0.8602508834483479
0.8615287155521234
0.8597514090582536
0.8618743417468012
0.8606626059833692
0.861926645431201
0.8621128201639853
0.8623969606315282
0.8614442420650824
0.8621121017964882
0.8620655515826786
0.8619650127861578
0.8626802194662335
0.8630086897389588
0.8630720497521998
0.8631829787549736
0.8622675957065343
0.8630933068994991
0.8637111747837231
0.8629477656445943
0.8635700155705502
0.8629516905433737
0.8641727650842677
0.8641785773303802
0.864348432059754
0.8640202295421867
0.8637203698876854
0.8638610001211559
0.8647177839736757
0.8649057546252026
0.8642494997941811
0.8645050492353409
0.8658286544099065
0.8656844976450868
0.8652335979590212
0.8654409253492873
0.8626150243505684
0.865841160534969
0.8662075606115393
0.866037712412779
0.8668049354302559
0.8663579083980608
