0.5492616257260969
0.5542080575037883
0.5586254848012643
0.566779436473597
0.5737282915340353
0.5804811557538024
0.5940463085432189
0.6010210884215031
0.6111454044743536
0.6199379853846867
0.6290885008746252
0.6367947360925249
0.6437715237263777
0.6509017091006241
0.6550811978071555
0.6620575226142376
0.6654353692791808
0.6726701860970384
0.6759333038723451
0.6828029829615603
0.6850469822625487
0.6912918386926413
0.6951501191016247
0.6979666285992735
0.7031484371239534
0.7077332056331259
0.7135034690626508
0.718448812219628
0.7215175753446782
0.7273627645615601
0.7334061609726632
0.7363954547855791
0.7425866037542109
0.7478962698039665
0.7526024227821119
0.7539457872620791
0.7595734348593615
0.7629913714488084
0.7643931172887518
0.7679858003182267
0.7705388375282997
0.7691402597701948
0.7739729730547208
0.7766074156269402
0.7786050802682424
0.77351145002141
0.7809056161408112
0.7830052982322728
0.7837801680267168
0.785998470663901
0.7867861627154994
0.7876572092166305
0.7894604670581807
0.7905872807589587
0.7912285761399058
0.7925323656716351
0.7930522635462355
0.792706883957621
0.7930872102267663
0.7956428809863514
0.7967141033251509
0.7973225380053789
0.7977704174269846
0.7995394912743725
0.7997540082232453
0.7991506320440604
0.8001111475230476
0.8005687789002724
0.8026688195195143
0.8029439863314086
0.8034139380268956
0.8041732542343696
0.8058995263834987
0.803474744338403
0.8064465550330234
0.8054713659897993
0.8067993463686558
0.8090353342034303
0.8087765684078045
0.8085361527158337
0.8086862585193371
0.8110212652082921
0.8123650664402823
0.812353495771015
0.813004321472226
0.8133006088297127
0.8140050768055159
0.8140793246494341
0.8147097990101089
0.8156396440671787
0.8162342917245895
0.8148779811324168
0.8150624469346291
0.817492724232791
0.8166972749437685
0.818028501628707
0.8181724407543924
0.8149620526375103
0.8189007345308561
0.8201030867755608
0.8187841804088845
0.8186986552366098
0.8215482405516457
0.8216216083728309
0.8196440212872154
0.821260623047751
0.8226870225615928
0.8231711719571722
0.8237122816389814
0.8238362214332235
0.8243888040039965
0.8237831071722713
0.825862463997944
0.825094947282336
0.8256796539422072
0.8233465898219516
0.8267326174389686
0.8262500390469346
0.8272235006381272
0.8274349798788995
0.8284152926100359
0.8281246699914752
0.8295745889276922
0.8288688758826889
0.8295332930461099
0.8300508115999876
0.82939936662352
0.8299737867954453
0.831304250794015
0.8281453016355489
0.8306474279008458
0.8316738473045049
0.8321103972482589
0.8317212055649144
0.8324509790833068
0.8334715055939981
0.8333457731608553
0.8332748889593834
0.8337082317091773
0.8317251624078694
0.8340159267687585
0.8350999583273384
0.8340531354336472
0.8351182562814979
0.8339923943090092
0.8360944100903851
0.83603144609351
0.8359886769886858
0.8363494797905321
0.836120908552679
0.8373135740286335
0.8365362271331634
0.8380547552491205
0.8363920598534359
0.8388003822140808
0.8379315585851863
0.8386756341026618
0.8380161972160409
0.840511615752506
0.8397550895430302
0.8403249531528048
0.8403737781177693
0.8411669849784944
0.8401398289632144
0.8412443096426345
0.841849191638496
0.8396365211468029
0.8418584416552228
0.841990451583861
0.8410478820499404
0.841494607663963
0.8415589014729679
0.8422176278227151
0.8406550790140471
0.8421059040477448
0.8427651975232535
0.839899810911145
0.8431152444916965
0.8430195306117798
0.8440705580585287
0.8417090203138451
0.8443045398065181
0.8441315338558957
0.845381022725655
0.8452297891893158
0.8420422490700571
0.8430219034138153
0.8439658353533005
0.8452411251858544
0.8457929059581372
0.8463521310708726
0.8465712697687654
0.8463196354166205
0.8469904734866491
0.8472718526071696
0.8456302516823296
0.8465422550933239
0.8454554530928067
0.8478459338073758
0.8474339267198422
0.8464532489422388
0.8482270423189504
0.8481603431144753
0.8481868155020216
0.8479904009467012
0.8493633276718102
0.8473602134082505
0.8494641196088308
0.848915265726971
0.8485174954516514
0.84940517764178
0.8470017573336922
0.8500145575316099
0.8496801554117538
0.8487793445861862
0.8500761851976681
0.8499077553652573
0.8505964872308572
0.8507302115741527
0.8506480370069507
0.8508873966716419
0.8497665606067614
0.8513243768487323
0.8511568074829936
0.8503474864282242
0.8492586180039562
0.8495858234934623
0.8509330079239594
0.8521888459947701
0.8514326261635792
0.8525465133082123
0.8519318206885497
0.8520702775985429
0.8522811962322406
0.8532747744912412
0.8534088899557516
0.8527795824400342
0.8532321096854076
0.8532740965478024
0.8530842332728278
0.8538646309137722
0.853281182360475
0.8527803972758982
0.8517031451517058
0.8529094737954261
0.8534778641819588
0.8530618872140961
0.8545376136317948
0.8551826768137762
0.8549215773282364
0.8540531969700517
0.8544519320110342
0.854513083812948
0.8549426522430202
0.8551528668585316
0.8553394121218686
0.8541085341032406
0.8552278708701315
0.8549537405294562
0.8560810952812478
0.8558451253337502
0.853878378824468
0.8541198505437184
0.855366523340732
0.8563268041469905
0.856789950333342
0.8566114165362191
0.8566379541106345
0.8554594863347722
0.8563023655897604
0.856510142216367
0.8551454485928268
0.8571664827267051
0.8553790783317232
0.8563194184747202
0.8561453564968181
0.85803646668187
0.857547069743327
0.8574897444106302
0.85591567708219
0.8576605731198242
0.8585054731677548
0.8567791227943827
0.8579028270815041
0.8577627861305914
0.85636029716034
0.8582040816784169
0.8574878996222343
0.8564363376431589
0.8562767732249472
0.8574138473389235
0.8588735834176288
0.858374036883565
0.8570095192645711
0.8591398261471417
0.8575816970081993
0.8591554775144152
0.8579659996763602
0.8586454358944245
0.8594384797879767
0.8597279160055198
0.859031329122192
0.8587971518135952
0.8591239401071391
0.85939048269625
0.859701991187674
0.8566166445231218
0.8578596407807176
0.8597328702075723
0.8609134565566804
0.8586016107623209
0.8600960392927673
0.8606215888689197
0.8600558059571515
0.8582336830356806
0.8595982723602305
0.8608174232611049
0.8584049484968977
0.8602945072344649
0.8600093798689702
0.8597251977130776
0.8612706871180993
0.8560127989984794
0.8584367596890241
0.8610069540830474
0.8594852644039382
0.8615185210757753
0.860600135870295
0.8596006256062052
0.8611038087331736
0.8625322290399575
0.8611942294393184
0.8618309878141753
0.861906519839415
0.8607392055368579
0.8603131897911522
0.861383290915803
0.861875177992746
0.8594469540809614
0.8617589954359284
0.8570979126590867
0.8620329562907442
0.8632417881102384
0.8625916990206483
0.8625016694357179
0.8615105682777436
0.8624150882361638
0.862894563733228
0.8630264367694409
0.8607432666788035
0.8630535414696177
0.8635157033342458
0.860759374354161
0.861629488683064
0.8638921314286183
0.8545855324992787
0.8630530525680993
0.8627644637798548
0.8621155806473432
0.8626669833357853
0.8623910994683306
0.8640591532246563
0.8636982461238194
0.8639777543811964
0.8618648980234872
0.8636451449002409
0.8643881317970021
0.8628275451130945
0.8644092001930992
0.8635460804152517
0.8628138102397724
0.8618371740480539
0.8582102809496693
0.8645834772876694
0.8621378419631448
0.8598854922242234
0.8624275389281642
0.8647471549973218
0.8643069285141498
0.8642979457635863
0.862981451311067
0.8642146630196091
0.8651827858062215
0.8644922026335392
0.8648545308081227
0.8643205851632286
0.8640564218948404
0.8652739235679267
0.8651032317511577
0.8648177654139436
0.8643659291493828
0.8644226352068232
0.8653009044130521
0.8647659353343129
0.8651962534133799
0.8653565739992732
0.8656071001746434
0.8640826856844056
0.8652605341850109
0.8656654424224984
0.8657362744744752
0.8660674172508755
0.8653754390791942
0.8660606704099226
0.8662431154191924
0.8664981199324706
0.8655491490480032
0.8668091134476287
0.866227079449391
0.8644861793668333
0.8656434027420519
0.8659358440742607
0.8649889396135441
0.8660443997673923
0.8640519240008716
0.865581885893671
0.8660832576600699
0.8664253974612894
0.8664003657035506
0.8660288201056747
0.8630665332126315
0.8660860802515026
0.8650666423615253
0.8667388354840395
0.8662319945393221
0.8663059816357639
0.8657220832930695
0.8658717132324286
0.8676334861504761
0.8664996453052078
0.8658185272659202
0.8675420746039206
0.8665346245791731
0.8671866757935236
0.8663220632363736
0.8567044251610676
0.8661453155594643
0.8666641378507243
0.8664557940983564
0.8682030107885311
0.866414791557685
0.8685073943551611
0.8676079915659662
0.8673337764823612
0.8676802577290638
0.8687360959667528
0.8674300835627868
0.8678695603969641
0.867496776248575
0.8677447992481712
0.8666006393215225
0.8662842157401675
0.8666778010184902
0.8663201988919171
0.8664260036991724
0.8681067037081056
0.86783132829823
0.8681858601232679
0.8673519831749039
0.8678033175005728
0.8673902674231333
0.8682127040759682
0.8683729464376184
0.8691529334012877
0.8691129021449663
0.8683522691627361
0.8672773050976497
0.8690739203972374
0.8675943870663829
0.869610519147704
0.8685907357673207
0.8684431852890864
0.8688838941550897
0.8688131664021035
0.8684218561455129
0.8695697577984486
0.8691905201500174
0.8692523955261783
0.8689353657069405
0.869308404084119
0.8669048468836063
0.8696239411240541
0.8683542052127489
0.8689578682141578
0.867510954392607
0.8680065375650283
0.8696079898971826
0.8683145976710765
0.8699696401283273
0.8690927594024107
0.8686970294760941
0.8685111295627613
0.8702153750688177
0.8693954546291307
0.868469188331175
0.8702354721805649
0.8693344462383292
0.8682775128612389
0.8693278297711143
0.8698437186532644
