0.5308898444288221
0.5363717958049676
0.5504615624202056
0.5654850399608432
0.5864730992996907
0.5994460469696647
0.609317870704709
0.6193313435486666
0.630069312163594
0.6379278070671036
0.6455944177868103
0.6587339107458918
0.6651130816536116
0.6748508149788024
0.6844847447744389
0.6882043148257404
0.6976706902036265
0.7035450363696474
0.70880152236496
0.7122496758743905
0.7183646243508861
0.7212638509416733
0.7263336481380664
0.7293158251032925
0.7313697013747458
0.7363234943507675
0.7372541518482094
0.7425265365025268
0.7460219302534553
0.7473437650758936
0.7509757036979551
0.753392755602194
0.7551734965578296
0.7572557391099068
0.7604387912696179
0.7626026820946594
0.7639883719734116
0.762905095162133
0.7667252785943762
0.7701739854969333
0.7708853365535171
0.7726415654488936
0.7745070667000179
0.7749872426608029
0.7751027325510914
0.779224066012378
0.7800480944200654
0.782091918468135
0.7834046190487289
0.7841366604977439
0.7853786309262383
0.7861504385542872
0.7890555831962762
0.7889923271066407
0.7904190852659015
0.7922497748341025
0.7929751950971192
0.7935064524987523
0.7952979748545976
0.7946382130584372
0.7967841088410998
0.799314866756607
0.7987372285004491
0.8022188785703135
0.8024164334060384
0.8017150434257352
0.8036655393506134
0.8047756199207463
0.805136126245509
0.806185756754684
0.8074548890199382
0.8077581224113409
0.8091908702373848
0.8089274941721194
0.8090986423899394
0.8097651816242751
0.8099579251950515
0.8111624927586882
0.8126496358738332
0.8131194471068803
0.8127315706091218
0.8118815262139719
0.8142533756655204
0.8151701462507356
0.815880025932653
0.8149441014347465
0.8165498139101677
0.8167721802894911
0.8163202208676607
0.8187679437721334
0.8166123863965292
0.8183513168738159
0.8199035976152271
0.8207128927447296
0.8207682320573997
0.8210983147812085
0.8209873431830366
0.8223983914880064
0.8233142766442189
0.8217072946198599
0.8224316276281454
0.8237488530113637
0.8250692425011651
0.8255483442282334
0.825110877195815
0.8261374084248309
0.8268340978188109
0.8263934341272724
0.8271689397235091
0.826546730533876
0.8282432515661351
0.8285508144449408
0.8292343005299683
0.8287994832740508
0.8287816444838491
0.8307776423447567
0.830968289532159
0.8278296520537461
0.8305931996708809
0.8288444253064463
0.8305476000772407
0.8323260428237736
0.8334498475434489
0.8335362094237511
0.8300532637629197
0.8320017609620342
0.8337178004953975
0.8344802264823221
0.8335630522456497
0.8341463416222075
0.8337979839042029
0.8361741433116321
0.8357534864092508
0.8347497419560403
0.8343994506173458
0.8370664408996323
0.8367635786071499
0.8371322100451138
0.8359645179952377
0.8370703341830413
0.8379229176760665
0.8371371905832542
0.8378285869347399
0.838206873455138
0.8395521005305674
0.839844298611973
0.838457007148407
0.8397164843312271
0.8404364032155136
0.8407193368449274
0.841456137474832
0.840452939904241
0.8394246703697565
0.8419266778847049
0.8414143465280051
0.8420369203060512
0.8425334376403422
0.8421868182278059
0.843287295799564
0.8424823822415234
0.8427976079875071
0.8431216619814885
0.8428464888768633
0.8434851110555838
0.8419566457501424
0.8443580594156714
0.8444596558832265
0.8435599037642841
0.843439153384038
0.8434898051313996
0.8455942420031113
0.8456169766948576
0.8441038957183388
0.8436177951958446
0.8446509476108587
0.8458950860383081
0.8434877217690403
0.845420789065681
0.8465864042637051
0.846842748981008
0.8467612504497133
0.8464310635577867
0.844664554571268
0.8471751559559489
0.8455679786163687
0.8473528537441862
0.8475529737198161
0.847037165752179
0.8478619428682145
0.8474462013988998
0.8481370378467512
0.8487571701845325
0.8486530867031612
0.8482820789300058
0.8492379255804736
0.8483701205212104
0.849527206954576
0.849632364669664
0.8493311560460542
0.8493891711772548
0.8495234634128365
0.8493517357598602
0.8491317522262355
0.8502761757227608
0.8489815157580971
0.8486252152210976
0.8509113147800367
0.8506809014136004
0.8507749196505733
0.8488030627510046
0.8507619507198864
0.8502057320329853
0.8503860275136645
0.8509168096482594
0.8514827029491165
0.8509920776239981
0.8512441058749126
0.8522774015210888
0.850411066925021
0.8516863320882204
0.8517165213109089
0.8521895812871351
0.8522998627715255
0.8515195198683108
0.8523511851011467
0.8532744271306906
0.8517100173140432
0.8526415862825173
0.8530758761873374
0.8524896896349988
0.8536569454808811
0.8509530080692529
0.8527166198799905
0.8529386737549598
0.8535308825266187
0.8537278123536356
0.853782005817008
0.8531741978696838
0.8534505949496953
0.8537768234531392
0.8534514608471758
0.8519455804918115
0.8551499480526615
0.8546720703009796
0.8545627914347242
0.8550275960876018
0.8547744480294192
0.8546036709105191
0.8556315367935465
0.854589178521107
0.8549255373740232
0.8541087095874903
0.8564247574803452
0.8553599054049322
0.8563885655698589
0.856432609152237
0.8539295469350938
0.8564168667454093
0.8571662196335288
0.8556138151924773
0.8570768564093276
0.8564655718510662
0.8565415494721085
0.8570230796184268
0.8569658131955744
0.8567059007202312
0.857609988837084
0.8570018423433764
0.8567024045777721
0.8564151349504479
0.8577522108706461
0.8576143573875313
0.857881698351787
0.8570094791685248
0.8580649561133209
0.8579665563048859
0.857151538439403
0.8577716512456618
0.8583921742138855
0.8579506120723296
0.8570932433563854
0.8585031848751017
0.858096922704522
0.8580504637239086
0.8582515081915856
0.8583831441401591
0.8589463811540083
0.8588996943056368
0.8593769861116555
0.8592565938093149
0.8593673831132804
0.8594310363438658
0.8594872741065533
0.8602072971589577
0.8573989181880528
0.8599952955073723
0.8597192630157736
0.8598644603512055
0.8593523047782047
0.8598740112655215
0.8602022124526996
0.8598750659677159
0.857308584898253
0.8597545239237057
0.8596310065778261
0.8593418163508267
0.8610018655207827
0.8602131566155934
0.8605519373772524
0.8611594653727597
0.8596538324166756
0.8616126031964246
0.8600768265912038
0.8604250280570315
0.8601455840595695
0.8612350002793006
0.8618631600726729
0.8588270175118327
0.8616778449908092
0.8617352416238092
0.8614717418589035
0.8598321617241282
0.8614109662725769
0.8617970784228375
0.8597203372494903
0.8604131919546276
0.8621238993824524
0.8629505189720743
0.8624235715263221
0.8592573750701996
0.8616156891769196
0.8620988209080518
0.8626457230589021
0.8620704676484425
0.8605970942563913
0.8629105249252822
0.8628170796129582
0.8615849270295824
0.8620660795664732
0.8630046017568214
0.8622988302050563
0.862578267692011
0.8627348649258525
0.8621651304256451
0.8632939091729533
0.8623715265303826
0.8633060382481891
0.8620131947150826
0.8639919592629741
0.8629507207978027
0.8637915267829903
0.8633678294736657
0.8641228139506629
0.862134648230125
0.8636673388548513
0.8642025416239523
0.8636947676224136
0.8642149636720199
0.8633710391538008
0.8638498544185447
0.8640030336360154
0.8627319286870272
0.8637998341903982
0.8649956190795889
0.8641841885036681
0.8647067804199877
0.8639599340772066
0.8641225991039199
0.8649001099364275
0.8641451254594302
0.8650956530253744
0.8640566997482907
0.864818227285198
0.8650362316245813
0.8642831417052295
0.8650659520907388
0.8658135145893306
0.8653659758020065
0.864885995156443
0.8652386107462695
0.8643114038177355
0.8635955344690349
0.8655801845155916
0.8658639645109639
0.8647645611729228
0.8645651052690447
0.8655960766640889
0.8646797422828677
0.8654015947878441
0.8655388818568176
0.8655903799701375
0.865617567848927
0.8620738400912616
0.8656570410551293
0.8662232533708477
0.8653267044215329
0.8657803240227436
0.8655298062095397
0.8663777542213154
0.8658175185513651
0.8664103002476726
0.8663738934904432
0.8664325010778144
0.8658501166617815
0.8658826040935725
0.8646258743448638
0.8656168126300717
0.8670258491882634
0.8667937235583881
0.8655242722782728
0.8659741939112954
0.8665345858334225
0.8665940137447228
0.8673127412061602
0.8655932250618597
0.8650712256017109
0.8664684716310501
0.8667465158694269
0.8668310157446203
0.8670004321674795
0.8653980400508183
0.8664130932553358
0.8660463108014655
0.8670765660406987
0.8667687818046422
0.8626465564038457
0.8680367942626286
0.867291341168425
0.8667189308496878
0.8678213680841647
0.8672759242869661
0.8678378982623846
0.8670477114720218
0.8653257994610081
0.8667995634835017
0.8668362697240704
0.8680676475570688
0.866023120374203
0.8682508141714995
0.8678247795900281
0.8667893094343893
0.8676502589293887
0.8669869619277248
0.8679513829164026
0.8680593727021977
0.8681480653441396
0.867238462827542
0.8658603446688645
0.8686388469214351
0.8671100300485958
0.868684498599134
0.8681467372006355
0.8688291099889022
0.8681327135677542
0.8691949874822474
0.8676296922365975
0.867914592039238
0.8692374099482896
0.8692428657534682
0.8686093738545577
0.8688828867798029
0.8679289216659658
0.8682548571965781
0.8672656637273461
0.8684727768993656
0.8667989449853012
0.8662047570194013
0.8693704326349337
0.8687523706384972
0.8673387962566664
0.8692074030198076
0.8691270242957813
0.8675485517832083
0.8673695584040038
0.8690927920480143
0.8676411637505888
0.868191627148972
0.8684197618378278
0.8673560360801902
0.8684179454062707
0.8683124556553067
0.8687949037831647
0.8701470059543799
0.8694885006861424
0.8704784949477813
0.8694715863879874
0.8697782703482978
0.8700356632572877
0.8690493344113
0.869136724951767
0.8691603515830233
0.8681721021373604
0.8691246609816048
0.8684326461319188
0.8705354228242503
0.869345490881188
0.8702368835086635
0.8693438307018079
0.8709466525119557
0.8694670355433336
