confusion matrix:
[[410.  43.]
 [150. 194.]]
confusion matrix:
[[373.  30.  50.]
 [147. 166.  31.]
 [107.  24.  82.]]
confusion matrix:
[[373.  23.  51.   6.]
 [138. 171.  32.   3.]
 [116.   9.  77.  11.]
 [110.   6.  36.  15.]]
confusion matrix:
[[350.  81.  19.   0.   3.]
 [127. 206.  10.   0.   1.]
 [ 87.  55.  35.   0.  36.]
 [ 73.  38.  17.   0.  39.]
 [ 14.  10.   5.   0.  99.]]
confusion matrix:
[[370.  37.  27.  18.   1.   0.]
 [134. 179.  19.  10.   0.   2.]
 [ 96.  24.  66.  26.   0.   1.]
 [ 68.   8.  15.  76.   0.   0.]
 [ 14.   2.   1.   7.  98.   6.]
 [ 24.   8.   1.  33.  18.  26.]]
