confusion matrix:
[[402.  51.]
 [150. 194.]]
confusion matrix:
[[377.  36.  40.]
 [137. 195.  12.]
 [ 93.  21.  99.]]
confusion matrix:
[[395.  25.   8.  25.]
 [144. 168.   2.  30.]
 [160.  11.   8.  34.]
 [ 73.   8.   1.  85.]]
confusion matrix:
[[351.  37.  52.  10.   3.]
 [139. 181.  21.   3.   0.]
 [102.  17.  67.  26.   1.]
 [ 72.   7.  55.  33.   0.]
 [ 16.   1.   3.   2. 106.]]
confusion matrix:
[[322.  94.  29.   6.   0.   2.]
 [106. 212.  12.  11.   0.   3.]
 [ 92.  31.  62.  21.   0.   7.]
 [ 54.  40.  11.  30.   1.  31.]
 [ 12.   1.   2.   0. 100.  13.]
 [ 22.   6.   9.   6.  14.  53.]]
