confusion matrix:
[[453.   0.]
 [344.   0.]]
confusion matrix:
[[453.   0.   0.]
 [344.   0.   0.]
 [213.   0.   0.]]
confusion matrix:
[[453.   0.   0.   0.]
 [344.   0.   0.   0.]
 [213.   0.   0.   0.]
 [167.   0.   0.   0.]]
confusion matrix:
[[453.   0.   0.   0.   0.]
 [344.   0.   0.   0.   0.]
 [213.   0.   0.   0.   0.]
 [167.   0.   0.   0.   0.]
 [128.   0.   0.   0.   0.]]
confusion matrix:
[[  0. 453.   0.   0.   0.   0.]
 [  0. 344.   0.   0.   0.   0.]
 [  0. 212.   0.   0.   0.   1.]
 [  0. 167.   0.   0.   0.   0.]
 [  0. 128.   0.   0.   0.   0.]
 [  0. 110.   0.   0.   0.   0.]]
confusion matrix:
[[453.   0.   0.   0.   0.   0.   0.]
 [344.   0.   0.   0.   0.   0.   0.]
 [213.   0.   0.   0.   0.   0.   0.]
 [167.   0.   0.   0.   0.   0.   0.]
 [128.   0.   0.   0.   0.   0.   0.]
 [110.   0.   0.   0.   0.   0.   0.]
 [ 78.   0.   0.   0.   0.   0.   0.]]
confusion matrix:
[[453.   0.   0.   0.   0.   0.   0.   0.]
 [344.   0.   0.   0.   0.   0.   0.   0.]
 [213.   0.   0.   0.   0.   0.   0.   0.]
 [167.   0.   0.   0.   0.   0.   0.   0.]
 [128.   0.   0.   0.   0.   0.   0.   0.]
 [110.   0.   0.   0.   0.   0.   0.   0.]
 [ 78.   0.   0.   0.   0.   0.   0.   0.]
 [101.   0.   0.   0.   0.   0.   0.   0.]]
confusion matrix:
[[185.   4.   0. 111.   0.   1.   1. 151.   0.]
 [120.   1.   0. 126.   0.   0.   4.  93.   0.]
 [ 71.   0.   0.  34.   3.   0.   6.  99.   0.]
 [ 92.   0.   0.  22.   1.   3.  10.  39.   0.]
 [ 11.   0.   0.   4.  93.   0.   2.  18.   0.]
 [ 37.   2.   0.  13.  13.   1.   8.  36.   0.]
 [ 26.   0.   0.  25.   0.   0.   0.  27.   0.]
 [ 30.   0.   0.   8.   8.   0.   2.  53.   0.]
 [ 19.   0.   0.  12.   0.   0.   0.  18.   0.]]
