[[356.  34.  22.  38.   0.   0.   0.   3.   0.   0.   0.]
 [140. 130.  16.  54.   0.   0.   0.   4.   0.   0.   0.]
 [109.  15.  57.  32.   0.   0.   0.   0.   0.   0.   0.]
 [ 71.   5.  62.  29.   0.   0.   0.   0.   0.   0.   0.]
 [ 15.   1.   0.   3.  77.   1.   1.  30.   0.   0.   0.]
 [ 36.   1.   1.  10.   9.   0.   2.  51.   0.   0.   0.]
 [ 56.   3.   3.   8.   0.   0.   4.   4.   0.   0.   0.]
 [ 26.   3.   1.   7.   4.   0.   3.  57.   0.   0.   0.]
 [ 34.   2.   4.   9.   0.   0.   0.   0.   0.   0.   0.]
 [ 17.   5.  14.  16.   0.   0.   0.   0.   0.   0.   0.]
 [  9.   0.   1.   4.  10.   0.   2.  41.   0.   0.   0.]]