confusion matrix:
[[378.  75.]
 [134. 210.]]
confusion matrix:
[[386.  24.  43.]
 [138. 183.  23.]
 [103.  10. 100.]]
confusion matrix:
[[369.  55.  29.   0.]
 [136. 193.  15.   0.]
 [113.  31.  69.   0.]
 [ 73.  14.  80.   0.]]
confusion matrix:
[[357.  59.  11.  26.   0.]
 [130. 188.   8.  18.   0.]
 [ 88.  27.  67.  27.   4.]
 [ 55.  31.  20.  61.   0.]
 [ 19.   4.   0.   2. 103.]]
confusion matrix:
[[327. 120.   0.   0.   0.   6.]
 [123. 221.   0.   0.   0.   0.]
 [123.  89.   0.   0.   0.   1.]
 [ 58. 109.   0.   0.   0.   0.]
 [ 12.   5.   0.   0.  83.  28.]
 [ 21.  22.   0.   0.   8.  59.]]
confusion matrix:
[[377.  27.  38.  10.   0.   1.   0.]
 [154. 176.  11.   3.   0.   0.   0.]
 [155.  10.  35.  12.   0.   1.   0.]
 [108.  11.  35.  13.   0.   0.   0.]
 [  8.   7.   4.   2.  99.   8.   0.]
 [ 15.  21.  12.   5.  15.  42.   0.]
 [ 50.   5.  22.   1.   0.   0.   0.]]
confusion matrix:
[[314.  64.  46.   7.   1.   4.  11.   6.]
 [107. 198.  26.   8.   0.   0.   3.   2.]
 [ 88.  21.  51.  33.   0.   1.  10.   9.]
 [ 58.  20.  20.  56.   0.   0.   9.   4.]
 [  8.   1.   3.   2.  96.  11.   3.   4.]
 [ 12.   8.   4.   0.  16.  34.   9.  27.]
 [ 15.  17.  14.   1.   0.   4.  24.   3.]
 [ 10.   2.   5.   2.  17.  15.   2.  48.]]
confusion matrix:
[[388.  22.  32.  10.   0.   0.   0.   1.   0.]
 [146. 167.  22.   7.   0.   2.   0.   0.   0.]
 [152.  12.  27.  22.   0.   0.   0.   0.   0.]
 [ 82.  41.  16.  26.   0.   1.   0.   1.   0.]
 [ 16.   2.   0.   2.   0.   8.   0. 100.   0.]
 [ 29.   6.   1.   4.   0.  39.   0.  31.   0.]
 [ 42.  25.   7.   2.   0.   2.   0.   0.   0.]
 [ 25.   0.   1.   3.   0.  59.   0.  13.   0.]
 [ 44.   2.   2.   1.   0.   0.   0.   0.   0.]]
confusion matrix:
[[398.  21.  32.   1.   0.   0.   0.   0.   0.   1.]
 [146. 177.  16.   2.   0.   1.   1.   0.   0.   1.]
 [148.  15.  33.   3.   0.   2.   3.   0.   0.   9.]
 [ 78.   4.  37.  39.   0.   0.   0.   0.   0.   9.]
 [ 16.   1.   2.   2.  97.   8.   2.   0.   0.   0.]
 [ 22.   6.  11.   4.  10.  51.   3.   0.   0.   3.]
 [ 45.   8.  16.   1.   0.   4.   0.   0.   0.   4.]
 [ 15.   4.  10.   1.   4.  64.   3.   0.   0.   0.]
 [ 42.   1.   2.   2.   0.   0.   1.   0.   0.   1.]
 [ 22.   3.  21.   5.   0.   0.   1.   0.   0.   0.]]
confusion matrix:
[[356.  34.  22.  38.   0.   0.   0.   3.   0.   0.   0.]
 [140. 130.  16.  54.   0.   0.   0.   4.   0.   0.   0.]
 [109.  15.  57.  32.   0.   0.   0.   0.   0.   0.   0.]
 [ 71.   5.  62.  29.   0.   0.   0.   0.   0.   0.   0.]
 [ 15.   1.   0.   3.  77.   1.   1.  30.   0.   0.   0.]
 [ 36.   1.   1.  10.   9.   0.   2.  51.   0.   0.   0.]
 [ 56.   3.   3.   8.   0.   0.   4.   4.   0.   0.   0.]
 [ 26.   3.   1.   7.   4.   0.   3.  57.   0.   0.   0.]
 [ 34.   2.   4.   9.   0.   0.   0.   0.   0.   0.   0.]
 [ 17.   5.  14.  16.   0.   0.   0.   0.   0.   0.   0.]
 [  9.   0.   1.   4.  10.   0.   2.  41.   0.   0.   0.]]
confusion matrix:
[[241. 160.  17.  34.   0.   1.   0.   0.   0.   0.   0.   0.]
 [100. 217.   9.  17.   0.   1.   0.   0.   0.   0.   0.   0.]
 [ 91.  71.  27.  19.   0.   3.   0.   2.   0.   0.   0.   0.]
 [ 53.  69.   5.  40.   0.   0.   0.   0.   0.   0.   0.   0.]
 [  3.   6.   1.  11.  96.  11.   0.   0.   0.   0.   0.   0.]
 [  4.  11.   9.  29.  10.  41.   0.   6.   0.   0.   0.   0.]
 [ 24.  39.   1.  13.   0.   0.   1.   0.   0.   0.   0.   0.]
 [  7.   7.   9.  13.   3.  53.   0.   8.   0.   0.   1.   0.]
 [ 25.  18.   2.   4.   0.   0.   0.   0.   0.   0.   0.   0.]
 [ 12.  12.  10.  18.   0.   0.   0.   0.   0.   0.   0.   0.]
 [  2.   3.   5.  21.  22.  11.   0.   3.   0.   0.   0.   0.]
 [ 20.  19.   4.   5.   0.   0.   0.   0.   0.   0.   0.   0.]]
confusion matrix:
[[342.  77.  11.  12.   0.   3.   0.   8.   0.   0.   0.   0.   0.]
 [128. 196.   8.  12.   0.   0.   0.   0.   0.   0.   0.   0.   0.]
 [102.  31.  58.  20.   0.   0.   0.   2.   0.   0.   0.   0.   0.]
 [ 62.  26.  12.  65.   0.   0.   0.   2.   0.   0.   0.   0.   0.]
 [  7.   7.   0.   3.  74.  31.   0.   3.   0.   2.   1.   0.   0.]
 [  8.  34.   4.   4.   7.  24.   0.  29.   0.   0.   0.   0.   0.]
 [ 30.  21.   7.  14.   0.   0.   0.   6.   0.   0.   0.   0.   0.]
 [ 17.  11.   1.   2.   2.  52.   0.  16.   0.   0.   0.   0.   0.]
 [ 37.   8.   0.   4.   0.   0.   0.   0.   0.   0.   0.   0.   0.]
 [ 16.  12.   7.  15.   0.   0.   0.   2.   0.   0.   0.   0.   0.]
 [  8.   3.   6.   5.  13.  21.   0.   9.   0.   2.   0.   0.   0.]
 [ 21.  21.   0.   5.   0.   1.   0.   0.   0.   0.   0.   0.   0.]
 [  4.  11.   4.   3.   3.  15.   0.  14.   0.   0.   0.   0.   0.]]
confusion matrix:
[[342.  54.  42.   4.   0.   0.   3.   3.   0.   0.   0.   0.   0.   5.]
 [118. 188.  33.   3.   0.   0.   0.   2.   0.   0.   0.   0.   0.   0.]
 [103.  33.  67.   8.   0.   0.   0.   1.   0.   0.   0.   0.   0.   1.]
 [ 64.  59.  29.  13.   0.   0.   0.   1.   0.   0.   0.   0.   0.   1.]
 [  9.   2.   3.   1.  92.   6.   0.   9.   0.   0.   0.   0.   0.   6.]
 [ 13.   1.  14.   5.  12.   9.   3.  22.   0.   0.   0.   0.   0.  31.]
 [ 27.  16.  17.   8.   0.   0.   2.   1.   0.   0.   0.   0.   0.   7.]
 [ 12.   0.  11.   5.   1.   2.   1.  54.   0.   0.   0.   0.   0.  15.]
 [ 41.   3.   4.   0.   0.   0.   1.   0.   0.   0.   0.   0.   0.   0.]
 [ 12.  11.  20.   7.   0.   0.   0.   1.   0.   0.   0.   0.   0.   1.]
 [  5.   2.   1.   3.  22.   5.   1.  14.   0.   0.   0.   0.   0.  14.]
 [ 34.   8.   4.   2.   0.   0.   0.   0.   0.   0.   0.   0.   0.   0.]
 [  5.   0.   6.   2.   4.   2.   1.  23.   0.   0.   0.   0.   0.  11.]
 [  0.   0.   1.  12.   0.   2.   1.  12.   0.   0.   0.   0.   0.   4.]]
confusion matrix:
[[400.  28.   6.   2.   0.   0.   1.   0.   0.   1.   0.   0.   0.  15.
    0.]
 [154. 173.  11.   1.   0.   0.   0.   0.   0.   0.   0.   0.   0.   5.
    0.]
 [131.  37.  21.   9.   0.   0.   4.   0.   0.   3.   0.   0.   0.   8.
    0.]
 [ 84.  48.  23.   8.   0.   0.   1.   0.   0.   0.   0.   0.   0.   3.
    0.]
 [ 10.   3.   2.   1.  93.   5.   0.   0.   0.   0.   0.   0.   0.  14.
    0.]
 [ 20.   4.   4.   3.   9.   7.   4.   0.   0.   1.   0.   0.   0.  58.
    0.]
 [ 58.   6.   7.   1.   0.   0.   3.   0.   0.   0.   0.   0.   0.   3.
    0.]
 [ 17.   3.   2.   3.   3.   2.   2.   0.   0.   3.   0.   0.   0.  66.
    0.]
 [ 43.   1.   0.   1.   0.   0.   0.   0.   0.   0.   0.   0.   0.   4.
    0.]
 [ 17.   9.  15.  10.   0.   0.   0.   0.   0.   1.   0.   0.   0.   0.
    0.]
 [  4.   9.   1.   5.  22.   4.   1.   0.   0.   0.   0.   0.   0.  21.
    0.]
 [ 40.   6.   2.   0.   0.   0.   0.   0.   0.   0.   0.   0.   0.   0.
    0.]
 [ 10.   6.   4.   5.   3.   3.   2.   0.   0.   0.   0.   0.   0.  21.
    0.]
 [  0.  20.   0.   2.   1.   1.   0.   0.   0.   0.   0.   0.   0.   8.
    0.]
 [  7.   9.   1.   2.   0.   0.   1.   0.   0.   1.   0.   0.   0.   3.
    0.]]
confusion matrix:
[[445.   8.   0.   0.   0.   0.   0.   0.   0.   0.   0.   0.   0.   0.
    0.   0.]
 [186. 158.   0.   0.   0.   0.   0.   0.   0.   0.   0.   0.   0.   0.
    0.   0.]
 [204.   9.   0.   0.   0.   0.   0.   0.   0.   0.   0.   0.   0.   0.
    0.   0.]
 [160.   7.   0.   0.   0.   0.   0.   0.   0.   0.   0.   0.   0.   0.
    0.   0.]
 [126.   2.   0.   0.   0.   0.   0.   0.   0.   0.   0.   0.   0.   0.
    0.   0.]
 [103.   7.   0.   0.   0.   0.   0.   0.   0.   0.   0.   0.   0.   0.
    0.   0.]
 [ 72.   6.   0.   0.   0.   0.   0.   0.   0.   0.   0.   0.   0.   0.
    0.   0.]
 [101.   0.   0.   0.   0.   0.   0.   0.   0.   0.   0.   0.   0.   0.
    0.   0.]
 [ 49.   0.   0.   0.   0.   0.   0.   0.   0.   0.   0.   0.   0.   0.
    0.   0.]
 [ 51.   1.   0.   0.   0.   0.   0.   0.   0.   0.   0.   0.   0.   0.
    0.   0.]
 [ 67.   0.   0.   0.   0.   0.   0.   0.   0.   0.   0.   0.   0.   0.
    0.   0.]
 [ 47.   1.   0.   0.   0.   0.   0.   0.   0.   0.   0.   0.   0.   0.
    0.   0.]
 [ 48.   6.   0.   0.   0.   0.   0.   0.   0.   0.   0.   0.   0.   0.
    0.   0.]
 [ 32.   0.   0.   0.   0.   0.   0.   0.   0.   0.   0.   0.   0.   0.
    0.   0.]
 [ 23.   1.   0.   0.   0.   0.   0.   0.   0.   0.   0.   0.   0.   0.
    0.   0.]
 [ 31.   0.   0.   0.   0.   0.   0.   0.   0.   0.   0.   0.   0.   0.
    0.   0.]]
