confusion matrix:
[[387.  66.]
 [138. 206.]]
confusion matrix:
[[398.  37.  18.]
 [143. 194.   7.]
 [106.  29.  78.]]
confusion matrix:
[[369.  32.  15.  37.]
 [132. 176.   9.  27.]
 [ 97.  12.  88.  16.]
 [ 63.  15.  12.  77.]]
confusion matrix:
[[337.  51.  43.  22.   0.]
 [121. 177.  30.  15.   1.]
 [101.  11.  96.   3.   2.]
 [ 64.  18.  19.  66.   0.]
 [ 21.   2.   0.   0. 105.]]
confusion matrix:
[[342. 102.   5.   0.   0.   4.]
 [130. 207.   5.   0.   0.   2.]
 [131.  43.  34.   3.   0.   2.]
 [ 71.  25.  59.  11.   0.   1.]
 [  5.  12.   0.   0.  99.  12.]
 [  7.  32.   1.   1.  10.  59.]]
confusion matrix:
[[241. 127.  62.   4.   0.  18.   1.]
 [ 92. 210.  26.   9.   0.   7.   0.]
 [ 72.  51.  82.   6.   0.   2.   0.]
 [ 33.  38.  29.  65.   0.   2.   0.]
 [  9.   7.   0.   0.  99.  13.   0.]
 [ 20.  11.   2.   1.  10.  65.   1.]
 [ 10.  21.  13.   6.   0.   9.  19.]]
confusion matrix:
[[358.  56.  19.  15.   0.   2.   0.   3.]
 [286.  39.   6.  13.   0.   0.   0.   0.]
 [120.  41.  34.  17.   0.   1.   0.   0.]
 [ 76.  23.   3.  36.   0.   0.   0.  29.]
 [  8.   3.   5.   1.  98.   6.   0.   7.]
 [ 13.  12.  16.   2.  16.  29.   0.  22.]
 [ 54.  14.   7.   3.   0.   0.   0.   0.]
 [ 12.   7.   0.  10.   3.  51.   0.  18.]]
confusion matrix:
[[355.  38.  13.  43.   0.   4.   0.   0.   0.]
 [133. 175.   8.  25.   0.   1.   2.   0.   0.]
 [111.  52.  28.  18.   0.   1.   2.   1.   0.]
 [ 70.  19.   1.  77.   0.   0.   0.   0.   0.]
 [ 16.   0.   0.   0.  95.   7.   3.   7.   0.]
 [ 32.   3.   4.   0.   8.  42.   9.  12.   0.]
 [ 41.  17.  15.   2.   0.   2.   1.   0.   0.]
 [ 17.   1.   5.   1.   3.  15.   1.  58.   0.]
 [ 39.   4.   3.   3.   0.   0.   0.   0.   0.]]
