0.7223879971940406
0.7703177454096197
0.8023059695170761
0.8302737143080139
0.8543233002195845
0.8781501607144728
0.8917192784077226
0.9110821123887681
0.9277389277389276
0.9422198870953464
0.9541080941652603
0.961576058350252
0.9651053995684457
0.9739049571634301
0.9787754099718167
0.9840694217991074
0.9854152924794002
0.9877091739076221
0.991244226033936
0.993435311115997
0.9938512555907411
0.9958748207012804
0.9956330589241982
0.9970284241415315
0.9972130768374133
0.9988425892876689
0.9991100501512915
0.998646514775547
0.9990596037962309
0.9990767365205913
0.9995412237143556
0.9990510374340509
0.999901010925919
0.9996154655199163
0.9998191545761982
0.999684948235377
0.9998591309330386
0.9999723972774197
0.9998267691203583
0.9997363464084575
0.9999809636395999
0.9998781672934388
0.9999838190936599
0.9999895300017799
0.99999333727386
1.0
1.0
0.99999714454594
0.99999904818198
0.99999904818198
1.0
1.0
1.0
0.9999952409099
0.9999800118215798
1.0
1.0
0.99999904818198
0.9999933372738599
0.9999885781837599
0.99999714454594
1.0
1.0
1.0
1.0
0.9999419391007794
1.0
1.0
1.0
0.99999809636396
0.99999904818198
1.0
0.99999143363782
0.99999809636396
1.0
0.9999790600035597
0.99999809636396
0.99999904818198
0.99999904818198
1.0
0.99999143363782
0.9999895300017799
0.99999904818198
1.0
1.0
1.0
1.0
1.0
1.0
1.0
1.0
0.9999771563675197
0.99999904818198
0.99999809636396
1.0
1.0
1.0
1.0
1.0
1.0
1.0
1.0
1.0
1.0
1.0
1.0
1.0
1.0
1.0
1.0
1.0
1.0
1.0
1.0
1.0
0.9999942890918799
0.99999619272792
1.0
0.99999809636396
1.0
1.0
1.0
1.0
1.0
0.9999952409098999
1.0
0.99999238545584
0.99999714454594
0.99999809636396
1.0
1.0
0.99999904818198
1.0
1.0
1.0
1.0
1.0
1.0
1.0
1.0
1.0
1.0
1.0
1.0
1.0
0.99999904818198
0.9999895300017799
1.0
1.0
1.0
1.0
1.0
1.0
1.0
0.9999895300017799
0.99999714454594
1.0
1.0
0.9997315873183574
0.99999904818198
1.0
1.0
1.0
1.0
1.0
1.0
1.0
1.0
1.0
1.0
1.0
1.0
1.0
1.0
1.0
1.0
1.0
0.99999904818198
1.0
1.0
1.0
0.9999847709116799
1.0
0.99999904818198
1.0
1.0
0.99999714454594
1.0
1.0
1.0
1.0
0.9999952409099
0.9999723972774198
0.9999942890918799
0.9999067218340392
1.0
1.0
1.0
1.0
1.0
