0.554324369189907
0.5896324341189458
0.6142853285652571
0.6293190691051056
0.6373211971391541
0.6422972767564281
0.6524354389670235
0.6680276884430151
0.683339933438935
0.7150884414150627
0.7382168114689834
0.7391528264452232
0.77480489687835
0.8013428214851437
0.8047598761580185
0.8215536448583178
0.8276452423238772
0.8506856109697756
0.8557706923310773
0.857073713179411
0.8709619353909662
0.882590121441943
0.8991233859741755
0.9018574297188755
0.9073995183922944
0.9140651250420008
0.9207827325237203
0.9213407414518633
0.9265838253412055
0.9410160562569001
0.9385960175362805
0.9393830301284821
0.9444631114097825
0.9527252436038977
0.956769308308933
0.960640370245924
0.9596653546456743
0.9637454199267189
0.9664264628234053
0.9744935918974704
0.975140602249636
0.9776656426502826
0.9735645770332325
0.9730555688891023
0.9813637018192292
0.9815707051312822
0.981968711499384
0.9858787740603849
0.9832517320277124
0.986722787564601
0.9884828157250516
0.9887948207171315
0.9904048464775437
0.9912958607337716
0.9904958479335669
0.9912518600297605
0.9927358837741403
0.9927758844141505
0.993675898814381
0.9951669226707627
0.9931908910542568
0.9947419158706539
0.9957049312789005
0.9948109169746716
0.9944299108785741
0.995269924318789
0.9964849437591001
0.9965739451831228
0.9970879534072545
0.9965029440471048
0.9973009568153091
0.9974389590233443
0.9980869693915102
0.9973219571513144
0.9961979391670266
0.9968529496471944
0.9974549592793485
0.9962349397590361
0.9976859629754076
0.9977299636794189
0.9985849773596377
0.9985879774076385
0.9983109729755676
0.9986439783036529
0.998558976943631
0.9977439639034225
0.998913982623722
0.9982039712635402
0.9984819757116115
0.9991849869597913
0.9987669802716843
0.9992289876638026
0.9993479895678331
0.9989759836157378
0.9992619881918111
0.9992719883518136
0.9985719771516344
0.9990389846237541
0.9991489863837821
0.9992349877598041
0.9992759884158147
0.9992779884478152
0.9994739915838653
0.999499991999872
0.9993199891198259
0.9993879902078433
0.9993129890078242
0.999261988191811
0.9993329893278292
0.9991859869757916
0.9994579913278612
0.9990139842237478
0.9993029888478215
0.9996059936958992
0.9995919934718956
0.9991399862397798
0.9995869933918943
0.9994719915518648
0.9990379846077537
0.9997629962079393
0.9996759948159171
0.9996499943999104
0.9991959871357942
0.9996919950719212
0.999327989247828
0.9994109905758493
0.9998299972799565
0.9998419974719596
0.9997919966719467
0.9995739931838911
0.9997549960799373
0.9998659978559657
0.9997039952639243
0.9996589945439127
0.9998179970879535
0.9998919982719724
0.9996349941599065
0.9998679978879662
0.9998069969119506
0.9998539976639627
0.9997029952479239
0.9993309892958288
0.9998429974879598
0.9993729899678395
0.9998839981439703
0.9998999983999745
0.9998739979839677
0.9998309972959568
0.9997259956159299
0.9997319957119313
0.9998119969919519
0.9998449975199604
0.9999489991839869
0.9999119985919774
0.9993189891038257
0.9996889950239204
0.9997289956639306
0.9998789980639691
0.9999499991999872
0.9998879982079714
0.9999709995359926
0.9999199987199795
0.9998129970079521
0.9998909982559722
0.999917998687979
0.9999029984479753
0.9998259972159556
0.9999549992799885
0.9999779996479944
0.9999599993599898
0.9998589977439639
0.9999219987519801
0.9999249987999808
0.9993869901918431
0.9992309876958032
0.9999069985119762
0.9998919982719724
0.9999679994879919
0.9999129986079778
0.9999329989279828
0.9999889998239971
0.9999909998559977
0.9997489959839357
0.9999489991839869
0.9999579993279892
0.9999679994879919
0.9999619993919904
0.9999809996959952
0.9998599977599643
0.9999839997439959
0.9999919998719979
0.9999249987999808
0.99996099937599
0.9999699995199923
0.9999249987999808
0.9999489991839869
0.9999829997279956
0.9981579705275283
0.9999209987359797
0.9998969983519737
