0.6366033266120157
0.7075128036700156
0.7272241826554782
0.7431266489975258
0.7521772385069869
0.7580856184346081
0.7637489878399916
0.7828793491181572
0.7953219769479347
0.8070148720161312
0.8181657388900141
0.8278397379566607
0.8403570129172572
0.8507362819079152
0.8566322218210956
0.8583834814077784
0.870833068883234
0.8811248492106121
0.8838077996636404
0.8923007158643644
0.8963825410103108
0.9034639523109298
0.8972936840158847
0.9149838917310182
0.9201784289726952
0.9244353511961892
0.9215508316530039
0.927052354075496
0.9344355730877265
0.9315635076473334
0.9379105636221152
0.941682698623744
0.9452322799355457
0.9475982424781412
0.950656633412287
0.9508568993299227
0.9518863492678459
0.9565441484912254
0.9594851271033469
0.9606796291241448
0.9613833986387129
0.9635615423222885
0.9637003125853005
0.9650511389551727
0.9672023809314163
0.9649452720372637
0.9683864505278729
0.9646625822187392
0.9691463128142362
0.9729440674832041
0.9739605913585574
0.9733909218184539
0.9763877537003935
0.9758238110752053
0.9764404793561624
0.9765492414303198
0.9801529994981025
0.9810195176500629
0.979507619156636
0.9814342434995464
0.9818671785434406
0.9818202009351141
0.9822527626376916
0.9839201190465708
0.9824426172635138
0.9845932463964638
0.9825376784157649
0.9852422544884608
0.9824983860032228
0.9867036251089647
0.9854982187040476
0.9846698447639761
0.9866303093273694
0.9879016985268867
0.987483330838521
0.9890692072660673
0.989321409891784
0.9894624061143447
0.9893841101004677
0.9883192772675642
0.9900534335954352
0.9901100053711841
0.9911586929531828
0.9906914879940828
0.9920544373904852
0.99124459667691
0.9905252736222033
0.9921841065783797
0.9917327791915046
0.9919873204835826
0.9925573915417059
0.9927051501730225
0.9935778742438517
0.993080351152163
0.9923095069957469
0.9930643538289498
0.9937948559906312
0.9926665480897077
0.9937428981500233
0.9947852107529345
0.9943251626764344
0.995354309714799
0.9948439098697707
0.9952323045901611
0.9955413537144819
0.995016006128433
0.9959144062200072
0.9956396551875951
0.9955072880803739
0.9962241808944342
0.9960751683998275
0.9964843363946146
0.996308020674656
0.9966949290739551
0.9966847150190633
0.9966753321769144
0.9970381847158996
0.9967434634451303
0.996997941339626
0.9973914008224076
0.9971721578952001
0.9973127455555653
0.9974515721719834
0.9967323054706829
0.9975623418362405
0.9976458928052548
0.998001623682519
0.997848511477604
0.9978040345516821
0.9978494413088079
0.9975611936355873
0.9979695585943347
0.9982446759238877
0.9980925780802861
0.9984350518187182
0.9983870246281996
0.9979362678195635
0.9981863642367196
0.998480317692328
0.9984155112750839
0.9985441872341925
0.9985589166057638
0.9985925032359182
0.9987079291003709
0.9987489966452113
0.9989212830966196
0.9987708899435583
0.9989291866618532
0.9988324983049951
0.998753673977934
0.9990355678045946
0.9989882591200064
0.9989497979202071
0.9989090825841559
0.9991812131831749
0.9992661659431711
0.9991866653752344
0.9991415685618436
0.9991948225307963
0.9990659845556447
0.9993608114890508
0.9991690690241175
0.9990369343746973
0.9992498093669927
0.9992339740598226
0.9992825788727557
0.9992407646452818
0.9994134737472373
0.9994450880081712
0.9994892690787099
0.9995066259278499
0.9995549489737517
0.9994666290977291
0.9994670799249795
0.999529322262237
0.9994625716524755
0.9995951007757398
0.9996271235988694
0.9994462996064066
0.9996220236155993
0.999610569785769
0.9996974526499309
0.9995331824705685
0.9996816314311124
0.9997140205513829
0.9996728262113782
0.9996640914334016
0.9997120763588656
0.9996505666158898
0.9997283131840555
0.9996816173427607
0.999726742332855
0.9997417605156337
0.9996928034939112
0.999753608819308
0.9997888437865966
0.9997635833722232
0.999756595549842
0.9997180639082848
0.9997925490230608
