0.7223849745516584
0.7649492376616729
0.7965584922538266
0.8271164033779035
0.8429758137003176
0.8691780097216212
0.8824132274386434
0.902798152665256
0.9115303333573281
0.921761898190347
0.9269430021803906
0.9401531799608915
0.9487155826253961
0.9527456116204814
0.9615234448345013
0.9651218941932476
0.97000411569461
0.9760220471052449
0.9794375960580955
0.9808106700496855
0.9835934706935704
0.9856559050245223
0.985613525839204
0.9880819047178594
0.9894720494139995
0.9908304478254019
0.9910026354932375
0.9933204481448971
0.9931994145270913
0.995103465816081
0.9947034800474746
0.9948449375439387
0.9954335139532906
0.9960446045316538
0.9966119296557491
0.9976182157539928
0.9974911725514221
0.9972730710753446
0.9977859180071125
0.998447494903865
0.9978448380664401
0.9982816942343303
0.998440483721639
0.9982332546585786
0.9986510949906178
0.9988308164132675
0.9975949903056253
0.9991645080426897
0.9989505581155079
0.9992108428121833
0.9990999848439432
0.9992134121274089
0.9993875158947346
0.9993998979618958
0.9993597179362198
0.9993051816802714
0.9995448392756151
0.999507431787838
0.9995361442483826
0.999643257113073
0.9995014657507886
0.9996283783102125
0.9995890692388502
0.9996947595448282
0.9997571634214112
0.9997325299302361
0.9997026852290838
0.9997168817843984
0.9997374943698248
0.999834678355338
0.9998010159711102
0.9997353895635663
0.9997455071495117
0.9998027578797377
0.9998193060116998
0.9998205398636443
0.9998616634231601
0.9998873275436064
0.9998922484354793
0.9998556973861108
0.9998358251118511
0.9998358831754722
0.9998362315571977
0.9999005515332707
0.9999237769816384
0.9999162141950138
0.9999184351285139
0.9998957758004502
0.9998827985811748
0.9998869283562126
0.9999113368508565
0.9998526635619177
0.9999377557983747
0.9999165916085497
0.9999417767041233
0.9999622150986869
0.9998491797446627
0.9999125271550854
0.9999373929007439
0.9999139787456084
0.9999097691330916
0.9999343445606457
0.9999503701200193
0.9998635940385557
0.9999477572570781
0.9999402670499794
0.9999381186960055
0.9999284946508381
0.9999532878169705
0.9999126432823272
0.9999381912755315
0.9999650747320172
0.9999644940958079
0.9999598054584187
0.9999738133069656
0.999953636198696
0.9999695165990174
0.9999622150986868
0.9999716649529915
0.9999637683005465
0.9999747858726159
0.9999649295729648
0.999973784275155
0.9999773406719364
0.9999454927758622
0.9999712149599292
0.9999770793856422
0.999964755382102
0.9999764116540018
0.9999810567436751
0.9999791551600901
0.9999857744128747
0.9999823922069563
0.9999663811634878
0.9999362171124203
0.9999851357130447
0.9999846131404564
0.9999761358518022
0.9999794890259103
0.9999892291983195
0.9999795761213417
0.9999900566049176
0.9999806502983287
0.9999845986245512
0.9999676440472427
0.9999892582301301
0.9999908114319895
0.9999248656745305
0.9999800841780248
0.9999891421028881
0.9999868050421461
0.9999695311149226
0.999992292054323
0.9999893598414666
0.9999911888455255
0.9999894614528032
0.9999821018888517
0.9999941646060977
0.9999950791081271
0.9999887356575416
0.9999836115429955
0.9999819276979889
0.9999884163076266
0.9999893743573718
0.9999846857199826
0.9999841195996786
0.999991914640787
0.9999935984857937
0.9999942662174344
0.9999851647448552
0.9999922630225125
0.9999905065979797
0.9999889969438358
0.999991725934019
0.9999905791775059
0.9999887356575416
0.9999822760797143
0.9999881550213325
0.9999883872758162
0.9999902453116857
0.999992103347555
0.999990332407117
0.9999947016945911
0.9999911162659993
0.9999850195858028
0.9999821309206621
0.9999937581607512
0.9999910582023784
0.9999950500763167
0.9999904485343588
0.9999919291566922
0.9999925388247118
0.99999178399764
0.9999906662729372
0.9999960226419671
0.9999958484511042
0.9999942081538133
0.9999948323377382
0.999995079108127
0.9999907243365581
