0.6067815065346439
0.7013823900397578
0.7198112965176928
0.7291010199738172
0.7460715775782092
0.7477775575535227
0.762171755130094
0.7675637302570903
0.7812994007581113
0.7860812729581647
0.797411803750135
0.8173681488776035
0.8200368590960925
0.8317963424448577
0.8489049512875735
0.8641200426161022
0.8588518972970642
0.8760324045591611
0.8781650131883629
0.8895250988927615
0.8980693199992064
0.9003594906711978
0.9077416391391099
0.9152900678499808
0.9210251251828044
0.9224532633185587
0.9268209390324216
0.9293453177719093
0.9337955847099392
0.9393532056401437
0.936158837138375
0.9444811540313642
0.947746237615451
0.9484187081084422
0.9530412147459653
0.9513664149894075
0.9550713720482442
0.95583255004974
0.9601797526067061
0.9606922872542449
0.9615955512457375
0.9652067252780643
0.9645724280981589
0.9677787511556782
0.9677070380782469
0.96836758965817
0.9694455241801099
0.9685443702354288
0.9727631379498421
0.9741865997656364
0.9753654886218291
0.976317354975342
0.9781985757640251
0.9780660776556536
0.9794946221179898
0.9794190168596163
0.9799799613986895
0.9794004897931903
0.9802189669712662
0.9807417809684726
0.9822192913481921
0.9824106497826425
0.9833659021910041
0.9834715043310706
0.9852139752848506
0.9844693069739441
0.9848502987370059
0.9852765923496773
0.9859743049905003
0.9867280479284016
0.9865255404628281
0.9875361815999814
0.9878372909827549
0.9874485148578089
0.9889001557784831
0.9873047750473393
0.9891085941864447
0.9891272709521375
0.9896918154021555
0.9887095244547582
0.9896593021470697
0.9895638082717941
0.990588906081018
0.9911270107890685
0.9915192941539842
0.9915785536781083
0.9918799125596601
0.9910664182286145
0.9921386784354812
0.9921098078625591
0.9924244472076551
0.9921024654699393
0.992824215535921
0.9934823790561089
0.9936337606577323
0.9931471524975313
0.9942473137963529
0.993963084788068
0.9950224993721186
0.9941021981783339
0.9944650549444785
0.9945560221990611
0.9946557005252762
0.9947285541685514
0.9950142017556047
0.9950495307826176
0.9954526780371955
0.9953424851196078
0.995707922415974
0.9958688562565396
0.9958129899158011
0.9960735806969724
0.9957728348695615
0.9957455468317477
0.996045087936486
0.9956186873957666
0.9966315954075345
0.996453823963699
0.996763238091523
0.9969921425278452
0.9967722556902261
0.9970694158637651
0.9968676782801362
0.9969974461590192
0.9969674777914722
0.9970375370484301
0.9972382766369458
0.9969861688142381
0.9968380948535616
0.9974903274313613
0.9968319072838587
0.9977152185016204
0.997933722403154
0.99726804540547
0.9976407965803099
0.9977774648825478
0.9980271204886914
0.9978857473523474
0.9978652599383775
0.9982207315406831
0.9980312265257293
0.9981054060767979
0.9981004731295233
0.9983588968355912
0.998187113362436
0.9982285301596404
0.9980562191747824
0.9985183051693409
0.9981145733747677
0.9980322387779157
0.9983535789473444
0.9985580824031449
0.99866091867104
0.9986463336853119
0.9983988594113449
0.9986712407919268
0.9987852118338726
0.9986969462946322
0.9987570113433835
0.9988154795999533
0.99884147024412
0.9990188710040563
0.9990819442952201
0.9988065974434444
0.9991782365665867
0.999071123176777
0.9992271240700681
0.9991071508003693
0.9987265724924261
0.9991278948416541
0.9990132252031292
0.9991637513803697
0.9993049962030564
0.9991085765076742
0.9992864620080939
0.9993133080766432
0.9993650755088807
0.9991967992756952
0.9993166157175906
0.9993756685141553
0.9994457990564781
0.9994106981426342
0.9994377438102061
0.9993789333838832
0.9994887413604988
0.9994117103948205
0.9994229592254554
0.9993053526298824
0.9994491494686446
0.9994825823049419
0.9993909378393896
0.9994676408923877
0.9994240285059338
0.9995111392222573
0.9995054150074284
0.9995690371959053
0.999572544435875
0.9995447716575776
0.9996158859379409
0.999556234344308
