0.5682223557959156
0.6105465337082394
0.6525605391385432
0.6726796323117448
0.6881796042329729
0.6932058676797661
0.7054602110740066
0.7240283602127718
0.7334321368729129
0.7472588915023188
0.7549713302677409
0.7680809334689821
0.7731429483755451
0.7873781511891687
0.7852306148728684
0.7993629710214013
0.8091925818496206
0.814337037336931
0.8150986740289643
0.8154490056849719
0.8279491199590441
0.8203654027736604
0.8375771186739507
0.835623276910238
0.8432624986450359
0.845038644226286
0.8516914358439238
0.8575180259186655
0.8506694175156686
0.8541072713571711
0.8631089665314098
0.8659220676946545
0.8647708380403367
0.8671590029032145
0.876394225306679
0.8740925822414174
0.87890131682911
0.8785569437497307
0.8789569846271987
0.8820386298604026
0.8833498432159729
0.883697889390534
0.8874012672015128
0.8880332844457969
0.8922567725345205
0.8872341005585717
0.8943095429951299
0.893548885795145
0.8935729649746702
0.8937418457286963
0.8877391919582396
0.8960756487828831
0.8990844034828125
0.9003359494477623
0.900412757949231
0.8971450092268152
0.9059519487320802
0.9045940462555324
0.9015196655883547
0.9090290230023913
0.9016877300990072
0.9005737211425318
0.9106018423592437
0.9111561532343482
0.9105062602601792
0.9095411340950733
0.9094644072179423
0.9077236865991122
0.9137516439141546
0.9165296466123289
0.9172826311246005
0.9119016283075814
0.9058628149556682
0.918107445053761
0.9124982205894453
0.9164560214600179
0.9189803357176347
0.9233294436615764
0.916967479558001
0.9242379225365448
0.9248089664008108
0.9211812543505773
0.9235819077370729
0.928191478941574
0.9254327395870201
0.9214980384039242
0.9291179967951021
0.9267382392389738
0.9302476776243529
0.9249509927478408
0.9311413824942569
0.9318545343298903
0.9334040091262539
0.931218762366087
0.9297904180863861
0.9321271596167183
0.9264308419844247
0.9364019077893126
0.9358945309081982
0.9372692479982447
0.9392834101472763
0.9361462603646583
0.935081389259282
0.9348480252787307
0.9386759618285418
0.9392016225612281
0.9424298651043551
0.9418157235899559
0.9458153161212637
0.9451498328986565
0.9387180799866266
0.9448560669084487
0.947329121082195
0.9478443338996974
0.9490954717429604
0.9505394062710999
0.9486662909770499
0.9520486402691383
0.9531420798925954
0.9518835142346315
0.9538610270561824
0.9516093380853934
0.9554527016349682
0.9539214290658389
0.9556210110186325
0.9530331930265391
0.9560119915946522
0.9550153584353203
0.9586726184956831
0.9565982175856698
0.9616099519004104
0.9610462542265082
0.9614230321678248
0.9629499786470734
0.9573886676687959
0.9627978308822088
0.9679495509355454
0.9634230733064909
0.9635011877973574
0.9681193295572826
0.9667663245409774
0.9661371641485015
0.9668776601371549
0.9692129324294145
0.9691956280698913
0.9712502758902604
0.9714209523797086
0.9687195949343284
0.9741799366072746
0.9736549288692873
0.9767984453502206
0.9738480520515136
0.9756157903260141
0.9743506947210603
0.97772896279628
0.9773193718713391
0.9775882424386478
0.9807546137340456
0.9760850486415751
0.9812157912402067
0.9793270040733809
0.9810814375808896
0.9801058635006001
0.9826574402868997
0.9822545425576235
0.9807584500779023
0.9824613786285282
0.984632422753992
0.983204976342002
0.984741636117398
0.9840341979853807
0.9867242096478661
0.9856824382299665
0.9853600220973405
0.9866885398124338
0.9866591550509792
0.9876624814059759
0.9851290252225732
0.9854126697949467
0.986451747609713
0.9871124966207525
0.988177204477454
0.9888375453668067
0.9872047321219846
0.9897362293212905
0.9904517482627077
0.9878637670219393
0.98985278887506
0.988540269530092
0.9896954171526037
0.9877201898124991
0.9905601453827397
0.9907839593158182
0.990441137098849
0.9915104159184437
0.9915673897059303
0.9916323626784797
0.9910800924118098
0.9913437390215267
0.9911803270981044
