0.612880135930233
0.6338515959457498
0.6615316041290191
0.6780438321356916
0.6887352267583575
0.7095692438356009
0.7205431045211064
0.7412016111311122
0.732533626456083
0.76491693198707
0.7820676449160857
0.791833673719794
0.7864369142744236
0.8084783467397119
0.8231393433159668
0.8384875545835886
0.846549790745209
0.8536116089136992
0.8656262041875615
0.8659429893355941
0.8785539203640622
0.8901369448117457
0.8833932445712955
0.8936753924329082
0.9020015190360137
0.9058131032599632
0.9109532192551392
0.9163661386581006
0.915574217437394
0.9201949657233972
0.9264096355996202
0.9308052273631064
0.9371859116490137
0.9410854593534584
0.93980632374126
0.9448347361120576
0.9469090415962306
0.9507061318375988
0.953820172325123
0.9550804824197154
0.961530887759765
0.9603219729942118
0.9622916552477963
0.9669580512490564
0.9683066580191457
0.9674973273595913
0.9732032917667015
0.9681559705795478
0.973169805669013
0.9743108319529342
0.9798164628651672
0.9800587789302808
0.9814661946182011
0.9797085909833101
0.9848811101924185
0.9813577396450907
0.983850038259116
0.9835228407672749
0.9849801524067259
0.9849965622605681
0.9837652401311388
0.9871649953327711
0.9866087262771408
0.9864974391465144
0.9873887357765301
0.9898712051380001
0.9892982763322761
0.9907648341330291
0.9909424270690286
0.9906040675446244
0.9884354678749205
0.9910663756097261
0.991864211041716
0.9921079431855875
0.9928964491575248
0.993215983164323
0.9933267705024464
0.9935360169636239
0.9930027383631228
0.9937782497299871
0.9943470135981878
0.993522522566048
0.9937276040897021
0.9947629242592784
0.9941934107023234
0.9952991183160458
0.9950722125197689
0.9950302299495326
0.9951533455027255
0.9956849581282172
0.9958847085318412
0.9959383529271431
0.9959020346719386
0.9958860413118487
0.9959856666174093
0.9967060342114633
0.996773339601842
0.9961352711732512
0.9966039099433884
0.996901453080063
0.9967969964469752
0.9969129483076276
0.9960309811376644
0.9957914972300665
0.9966252344235086
0.9965834184507733
0.9971530153064786
0.996938604322772
0.9965565962531222
0.9970705495435145
0.9974658854132393
0.9973316078274835
0.9978155735677071
0.9976138239940718
0.9970990377161748
0.9974787134208115
0.9980018295737553
0.9971301081500997
0.9975390217161508
0.9973649273276711
0.9979445200334328
0.9981259447119537
0.9981992476123662
0.9977697592549493
0.997959847003519
0.9983270278955853
0.9983431878531763
0.9978527248104162
0.9975895007589349
0.9982064113049065
0.9984219884711198
0.998399997600996
0.9981559322621225
0.9985074529891007
0.997690292247002
0.9983989980159903
0.9976003295964959
0.9982650536252365
0.9983338583931238
0.9984471446937614
0.9982234042500022
0.9983425214631726
0.9983856702159154
0.9984784650239377
0.9987025386626984
0.9982708845377695
0.9981859198122913
0.9985262785067067
0.9985977488346088
0.9986845461325973
0.9988713019311483
0.9988753002711708
0.9987353583703832
0.998866637201122
0.9987974992382329
0.9984689689663843
0.9989795903067576
0.9990427307596129
0.9990515604271627
0.9988309853359214
0.9983796727058816
0.9984606390913371
0.9989482699765814
0.998989086364311
0.998829319360912
0.9990730515047836
0.9987968328482292
0.999040065199598
0.9988941257887767
0.998893126203771
0.9988947921787804
0.9989585990216395
0.9989291112639737
0.9990548923771814
0.9991888367679352
0.9988271535933998
0.9989837552442812
0.9991705110428322
0.9990792156123183
0.9990375662370841
0.9991885035729334
0.9992296531556648
0.9990354004695716
0.9993112859311243
0.9993422730662987
0.9992086618705468
0.9992488118682727
0.9993699282514542
0.9991693448603254
0.9993056216160925
0.9993121189186289
0.9991906693404455
0.999221489878119
0.9992699697508918
0.9992558089633121
0.9992151591730833
0.9992163253555899
0.9993484371738333
0.999330944436235
0.9991820062703967
