0.7968462758662653
0.8401438365327863
0.8784137483975308
0.907136557725323
0.9294449313306452
0.9434663323123667
0.9537646074815862
0.9619684892578461
0.967110138834733
0.975704880411372
0.9789486869350009
0.9816015925971406
0.9851260266101984
0.9856412315251241
0.9891785316555614
0.9912675406265292
0.9920332710820298
0.9936647114934063
0.9934328894022586
0.9948671151006458
0.996647004278826
0.9965172463367791
0.9965048804719705
0.9976193153747837
0.9977822619976355
0.9980360131415371
0.9978782000253498
0.998514455015807
0.9984970140334354
0.9985285252111404
0.9991090675304389
0.9987606581848008
0.9992859170717395
0.9992849386597715
0.9992525058811161
0.9990562080348259
0.9994900816658692
0.999445477126715
0.9996000094066421
0.9995866461928596
0.9995172830966634
0.9996501167240743
0.9997242771950814
0.999683508977692
0.9998114442329277
0.9996678480738685
0.9997745707264045
0.999792229484343
0.999845126853968
0.9997789893610988
0.9997995391685943
0.9997870817749243
0.9998479610925076
0.9998424898759058
0.9998552171219091
0.9998973677407241
0.9998488763811227
0.9998314511795894
0.9998683594039566
0.9999058988618515
0.9999179396413932
0.9998691516020338
0.9998903515800632
0.999879311305663
0.9998827104982099
0.999882997709465
0.9999001483244138
0.9999239126886496
0.9999357088651993
0.9999414246847931
0.9999484408454539
0.9999168223580492
0.9999198428104794
0.9999246843716372
0.9999366525593232
0.9999593801224897
0.9999264896995267
0.9999454740478735
0.9999454140806884
0.9999540746046891
0.9999453509573356
0.9999087930675763
0.999947538181509
0.9999567447225113
0.9999700164074321
0.9999641333109536
0.9999678291832585
0.9999588909165056
0.9999595726487156
0.9999557978722198
0.9999539073278041
0.9999714082773609
0.9999512372099818
0.9999674914733213
0.999939966535344
0.9999684698852892
0.9999329061883362
0.9999663426283006
0.9999729453310008
0.9999755838871468
0.9999695145767776
0.999970925383712
0.9999695051082748
0.9999516348871043
0.9999715692419104
0.9999597241447624
0.9999647550759784
0.9999718659216684
0.9999691326804934
0.9999616778125308
0.9999695840124655
0.9999810314324913
0.9999814890767988
0.9999820982171531
0.9999848314583283
0.9999776164591062
0.9999824201462524
0.999978850520653
0.9999834869309142
0.9999874132034567
0.9999837425804929
0.999985418505509
0.9999895846467921
0.9999797658092682
0.9999867535644202
0.999989351090387
0.9999878455984234
0.9999836889256432
0.9999815648248221
0.9999747506588902
0.9999855384398793
0.9999828178233747
0.9999901211952908
0.9999809209666239
0.9999697670701888
0.9999851628559303
0.9999812113340466
0.9999865515696914
0.9999852954149713
0.9999902190364875
0.9999857940894581
0.9999818835977538
0.9999864221668181
0.9999893731835604
0.9999831208154681
0.999985017672219
0.999987176490884
0.9999901874748112
0.9999852386039538
0.9999761519973219
0.9999861665172396
0.9999837141749842
0.9999708086055096
0.9999925672252108
0.9999884799881187
0.9999897108934978
0.9999857909332904
0.9999876183543532
0.9999806526923746
0.9999917718709659
0.9999695619192921
0.9999864190106507
0.9999849987352132
0.9999875331378272
0.9999903452831932
0.9999901496007995
0.9999890954408082
0.9999732988217764
0.9999898592333768
0.9999872396142366
0.999987236458069
0.9999831776264857
0.9999877887874058
0.999990398938043
0.9999924567593435
0.9999883568975807
0.999986188610413
0.9999891964381726
0.999988476831951
0.9999865515696914
0.9999872680197454
0.9999902758475051
0.9999781340705989
0.9999873595486068
0.9999908123960037
0.9999864158544829
0.9999909544235474
0.9999856078755675
0.9999748769055958
0.9999882559002163
0.9999915888132428
0.9999910554209118
0.9999893005917048
0.9999915351583929
0.9999911658867794
0.999976123591813
0.9999915477830635
0.999992172704256
0.9999851786367686
0.9999875836365093
