0.5298094952273171
0.5365930633758043
0.5381703171062285
0.5396496132202131
0.541832890623715
0.5428136480832633
0.5443531324692442
0.5461671652566817
0.5452846735775257
0.5457555095766379
0.5468017903966123
0.5457023705550577
0.5468025094458351
0.5472902623619296
0.5483408253768289
0.5480757337566684
0.5476865997254953
0.5479616553134572
0.5452510387661136
0.548750221187887
0.5461757874272728
0.5498763806724141
0.5495599861742242
0.5489238651551072
0.5509842493423364
0.549956175875896
0.5517751778070696
0.5499156587362086
0.5489125337097659
0.5526285865131968
0.5497908587554792
0.5522406145169284
0.5497510670850969
0.549823671796351
0.5536533664773937
0.5502439560670683
0.5551379655793962
0.5548021246517795
0.5546886111758149
0.5554643433056344
0.5551032136736557
0.5532580627470857
0.555800312634898
0.5519396089561227
0.5514024470862912
0.553040357754723
0.5543761650282681
0.5565494784639686
0.5520067373371356
0.553264540610173
0.5544776536899981
0.5517513528814826
0.5572457620747528
0.5561113399442461
0.5542117017788033
0.5578377000871628
0.556195507223806
0.5546964821967715
0.5567955602203019
0.5509959724127007
0.556741946112628
0.557528515341448
0.5566328175529058
0.5578941647113984
0.5565623764094023
0.5582862969210274
0.5586535513115644
0.5567225831442716
0.5569186588792094
0.5585545536417846
0.5566787981826699
0.5584532062218661
0.5574816037997437
0.5535541633649788
0.5578626485271605
0.557982813208436
0.5496581363931343
0.5588045002876902
0.5567779370942612
0.5536258756847868
0.5579729776422815
0.5566253638373018
0.559506446411104
0.556623476333092
0.5584616550502339
0.5604780809336382
0.5599812050805296
0.5576477041702069
0.5581049488549918
0.5588115302778595
0.5575528410334581
0.5582895968433534
0.5575408097991412
0.5580302768772221
0.5575872590949166
0.5592339331757511
0.5582892886794008
0.5548425519103142
0.5539776448367046
0.5564922562700161
0.558675662075165
0.5582961132269348
0.5583320014872506
0.5576927538880307
0.5554242819917936
0.5585172337031057
0.5569010871138278
0.5562147803110096
0.5579465525833442
0.5575745730122004
0.5585338296159709
0.5556928918170799
0.555250220719221
0.5573481752283409
0.5581035043364639
0.5542521226172554
0.5548460187547811
0.5559613090398958
0.5588273943013372
0.5577981844803215
0.5575431723894446
0.5570735048453196
0.5583081444612518
0.5582420304532497
0.5566784193978114
0.554743509299958
0.5560026864706176
0.5563598934322826
0.5561157698010651
0.5567165354267014
0.5573364649981412
0.556366332774876
0.5567298506774875
0.5591887101157039
0.5584713943151531
0.5594089382004286
0.5571215334813522
0.5573161197571858
0.5595367427796961
0.5573971732968077
0.5578822105180696
0.5604141946942103
0.5599248495976938
0.5578023896342583
0.5581957159792036
0.5590461072466282
0.5589715444102583
0.5595628468345162
0.5591273533887204
0.5577116096698818
0.5575498043345083
0.5601936648656153
0.5594503734118915
0.5582831125601836
0.5601045669628135
0.5580179310588702
0.5608984422453436
0.5602182666211662
0.557617041856921
0.5603152933256657
0.5565822016236875
0.5570984019246585
0.5595213024816533
0.5568975881689491
0.558882658370174
0.5577062681613697
0.5562501357044906
0.5576259465111353
0.5553064349602451
0.5591144811236161
0.5568369312309412
0.5543944751031198
0.55632795352261
0.5570776136980212
0.5573493180029985
0.5581439187548338
0.5592291951549795
0.5599810253182239
0.558977598547911
0.5581357780904186
0.5562194027702989
0.556832886579063
0.5592302994091432
0.5573287031185845
0.5586641251871887
0.5584206949248646
0.5590199775114788
0.5595486135119544
0.5585084381902913
0.5581576127904784
0.559176845803528
0.5590562702369823
0.5592707716082541
0.5579225607356162
0.5576213754125048
0.5550572073635622
0.5586940042504284
0.554829442102163
0.5564138285440738
0.556124148008527
