0.8007716489178149
0.861768751855805
0.8947938335112231
0.9163473456973412
0.9288990361851873
0.9421122198236083
0.946151266762433
0.9545812838559012
0.9587409063550787
0.9631313693232432
0.9720708199247244
0.9748931264996908
0.9789871678610694
0.9834224365816274
0.9823357349790143
0.984310796170421
0.987634909195965
0.9884653596449695
0.9896074922357133
0.9914216276512932
0.9914257300837017
0.9927345215835132
0.9945010970315146
0.9945713840894317
0.9953045189352294
0.9962859183526068
0.9961464998515356
0.9962109189544897
0.997195387171071
0.9977143994414528
0.9980043945461403
0.9976615493262927
0.997730321244854
0.9982013241419159
0.9982047524657126
0.9984588079512715
0.9986933720678282
0.9990259323162853
0.9987110786540299
0.9991686635796773
0.9992882953879736
0.999248490879471
0.9994306029259524
0.9992389506375944
0.99923256907607
0.9991914035101799
0.9995164009020215
0.9994792157869816
0.9995227953037099
0.999614756558515
0.9997566788915728
0.9995714210049034
0.9997221645306518
0.9996874832475985
0.9997486152685601
0.9997778651622274
0.9997991027935383
0.9998133425354508
0.999849461916876
0.9998486658267061
0.9997919893426639
0.9998283398470416
0.9998749753228097
0.9998844000032101
0.9998675151875065
0.9999118394337487
0.9998941200073831
0.9998690816875186
0.9997266457478995
0.9999035832082755
0.9999415772536494
0.9998910512081792
0.9998654094006051
0.9998969576836344
0.999948408220915
0.999921610798578
0.9999199287370896
0.9999516182619234
0.9999512458971664
0.9999631102087329
0.999933680552769
0.9999361201839353
0.9999622755980707
0.9999638549382469
0.9999772600694974
0.999897175966423
0.9998853501753484
0.9999703263809194
0.9999595791636239
0.999928981052733
0.9999531334012791
0.9999586161513213
0.9999600670898572
0.9999880201269571
0.9999723294465086
0.9999583978685328
0.9999707244260045
0.9999235111428549
0.9999547512619473
0.9999846688441445
0.9999830895039684
0.9999765667006396
0.9999727531719218
0.9999759888932581
0.9999797253809918
0.9999651774751422
0.9999831793851167
0.9999786853277051
0.9999591040775546
0.9999774141514659
0.9999841809179112
0.9999834618687253
0.9999881998892536
0.9999866719097337
0.9999868773523581
0.9999322873949714
0.9999859271802198
0.9999894582253288
0.9999777736760587
0.9999905753195997
0.9999933616351948
0.9999874423195757
0.9999964561147269
0.9999975988893258
0.9999911916474733
0.9999713279137141
0.9999896379876253
0.9999938880819202
0.9999940036433965
0.9999906138400918
0.9999965459958751
0.9999955316229164
0.9999901130736945
0.9999975090081776
0.9999932589138827
0.9999916282130504
0.9999880971679413
0.9999713407538781
0.9999696972128819
0.9999903313564831
0.9999937853606079
0.9999955444630805
0.9999951977786516
0.9999881356884335
0.9999918978564951
0.9999964047540708
0.9999978171721143
0.9999963405532506
0.999994144885201
0.9999975988893257
0.9999906395204199
0.9999973164057171
0.9999921546597758
0.9999827171392115
0.999968605798939
0.9999917309343628
0.9999918593360031
0.9999985747417923
0.9999959296680015
0.9999983179385116
0.999998086815559
0.9999970210819442
0.9999943118073333
0.9999885979343386
0.9999914998114101
0.9999983436188397
0.9999983692991679
0.9999978556926065
0.9999973164057171
0.9999970210819443
0.9999941962458571
0.9999978428524425
0.9999977144508021
0.9999954417417682
0.9999979584139188
0.9999959553483295
0.999995326180292
0.9999954674220963
0.9999982408975274
0.9999967385983357
0.9999975090081775
0.9999980482950669
0.9999981381762152
0.9999973549262091
0.9999979969344108
0.9999983436188398
0.9999970339221085
0.9999978428524424
0.9999958141065253
0.9999968541598119
0.999998446340152
0.9999979198934266
0.9999981766967073
0.9999972008442408
0.9999967385983356
0.9999963405532506
0.999994170565529
0.9999951720983236
0.9999956728647208
0.9999987545040887
