0.5949307915765079
0.7351631608073592
0.7833328139486715
0.8081410650282308
0.8283781211759984
0.8421519070835349
0.8575509239968696
0.8684190640955469
0.8787335683930922
0.8856812466865152
0.895913259345993
0.9066092641968019
0.913442311919932
0.9203656388410153
0.9228736953702514
0.9288229160370974
0.93160322257831
0.9367775714063707
0.9406623182935329
0.9462159784267771
0.9506073596922141
0.9528623237351946
0.9573466934733352
0.9567407468412458
0.9621797699841145
0.9605184837958599
0.9614063426638575
0.9682372396594012
0.9681986292841707
0.9708936642916598
0.9709452881738062
0.9705575152000906
0.9733393497209016
0.9767930651194986
0.9743614011501013
0.9793521741435524
0.9810400844132972
0.9805222020507516
0.9774713403993016
0.9821004380537744
0.9823525803678426
0.9848369596333856
0.9858779888260008
0.9852888242891642
0.9861763557329621
0.9863160310444881
0.9881783813716638
0.9889780283082231
0.9876138378506252
0.9903945552771081
0.9901849909491606
0.9907308263502419
0.990139652327631
0.9915950721553697
0.9919521571354702
0.9909159622648618
0.9928505577786803
0.9932715354182909
0.9937022715830681
0.9935724061573676
0.9937511669302176
0.9944968915951504
0.9948360709655873
0.9949508491977742
0.9945331971608189
0.9945923325393103
0.995508060984773
0.9959913005829781
0.9957469907693727
0.9964741806565719
0.9963476665138559
0.9973401085232741
0.9969488430247622
0.9967090850495401
0.9969422046596161
0.9967807267484424
0.9964528531430173
0.9969770785469212
0.9979822323193852
0.997648696201331
0.9976755064652091
0.9971177874917045
0.997571924856634
0.9976410819836684
0.9976823759533197
0.998152865267985
0.9981255991782603
0.9984377114815249
0.998523843306283
0.9985485863036454
0.9981131121180967
0.9986372091203536
0.9987384152984605
0.9984003979629285
0.9987271416338606
0.9988603198220517
0.9985004292659659
0.9987051721120713
0.9990720541378323
0.9990629119405712
0.9990292450287473
0.9989736471156285
0.9990238906800704
0.9991897599275691
0.9990250848153869
0.9989933824487609
0.9992159923840361
0.9990770489618978
0.9990932532497397
0.9992036273054372
0.9990331612789786
0.9993630122697661
0.9994129861907496
0.9993716280202747
0.9993503005067205
0.9993505573100142
0.9993769181681281
0.9993077096804351
0.9995054867371949
0.9995109694875186
0.9993397715716725
0.9993112920863844
0.9994438924671646
0.9994272772940523
0.9995672736096954
0.9995379595137024
0.9995992070992858
0.9994883964779889
0.9995537721765213
0.999645649974979
0.9996742450217494
0.9996072065218894
0.9994841849039698
0.9996071680013954
0.9994877801500839
0.9996942114778463
0.9994280605440986
0.9996311919495352
0.9996632538407725
0.9997085667819726
0.9995777897045788
0.9995080419299688
0.9996499771104804
0.9997953149346357
0.9997562294733114
0.9997371746689077
0.9997482942515316
0.9997238722582862
0.9996285276153615
0.9996210225390988
0.9996262099656344
0.9997637281294919
0.9997673618960998
0.9996205731333344
0.9998340151910191
0.9997710341832021
0.9998096445584327
0.9998320378056564
0.9998543283315626
0.999849346347662
0.9998119301077478
0.9997753998391975
0.9997403847100809
0.9997026089455552
0.9998780954764087
0.9997466763907802
0.9998276849898257
0.9998676435823489
0.999854276970904
0.9998182859892707
0.9998865057842824
0.9998212649074794
0.9998908457599485
0.9996998739904757
0.9998188509565172
0.9998051890212841
0.9998782752387144
0.9998960588668135
0.9998119814684067
0.9999267083399349
0.9998461363064889
0.9998806891896767
0.9998543668520568
0.9998767344189513
0.9998788145256315
0.9998621351516959
0.9998932597109106
0.9998493463476621
0.9998930671084403
0.999891153923901
0.9996848766781148
0.9998946079282034
0.9999308621332129
0.9999033520803591
0.9999348233240206
0.9999105425725868
0.999785774692269
0.9999426558244828
0.9998860820588474
0.9998076158124111
