confusion matrix:
[[391.  62.]
 [145. 199.]]
confusion matrix:
[[405.  29.  19.]
 [150. 172.  22.]
 [115.  16.  82.]]
confusion matrix:
[[381.  34.  36.   2.]
 [144. 179.  13.   8.]
 [106.  14.  82.  11.]
 [ 75.  11.  20.  61.]]
confusion matrix:
[[396.  41.  13.   2.   1.]
 [143. 188.   9.   4.   0.]
 [112.  18.  36.  47.   0.]
 [ 78.  19.   5.  34.  31.]
 [ 19.   2.   1.   2. 104.]]
confusion matrix:
[[372.  77.   2.   2.   0.   0.]
 [164. 172.   3.   3.   0.   2.]
 [149.  48.  11.   4.   0.   1.]
 [108.  33.   8.  18.   0.   0.]
 [ 20.   1.   0.   0.  99.   8.]
 [ 38.   4.   3.   0.  11.  54.]]
confusion matrix:
[[406.   2.  11.  27.   0.   1.   6.]
 [166. 144.  15.  18.   0.   1.   0.]
 [142.   5.  52.  12.   0.   1.   1.]
 [ 89.   2.   1.  75.   0.   0.   0.]
 [  7.   0.   1.  11. 103.   6.   0.]
 [ 13.   1.   0.  24.  14.  54.   4.]
 [ 48.   2.   1.  10.   0.   7.  10.]]
