confusion matrix:
[[378.  75.]
 [134. 210.]]
confusion matrix:
[[386.  24.  43.]
 [138. 183.  23.]
 [103.  10. 100.]]
confusion matrix:
[[369.  55.  29.   0.]
 [136. 193.  15.   0.]
 [113.  31.  69.   0.]
 [ 73.  14.  80.   0.]]
confusion matrix:
[[357.  59.  11.  26.   0.]
 [130. 188.   8.  18.   0.]
 [ 88.  27.  67.  27.   4.]
 [ 55.  31.  20.  61.   0.]
 [ 19.   4.   0.   2. 103.]]
confusion matrix:
[[327. 120.   0.   0.   0.   6.]
 [123. 221.   0.   0.   0.   0.]
 [123.  89.   0.   0.   0.   1.]
 [ 58. 109.   0.   0.   0.   0.]
 [ 12.   5.   0.   0.  83.  28.]
 [ 21.  22.   0.   0.   8.  59.]]
