0.7077320802618046
0.7407966436150444
0.7570910294383109
0.7698297964078321
0.7862684385682313
0.7957223158937878
0.8029847357184257
0.8204410094701772
0.8336243896292875
0.8451916304234188
0.8556480261314339
0.8636746878017835
0.877391712599753
0.8814276069383271
0.8734084166681331
0.9012361757522458
0.9063970981738416
0.9155416229498299
0.9186363803901283
0.9269109787314704
0.9331396125437876
0.9353500213551658
0.9414953034831778
0.9431494955536993
0.9498962824576601
0.9525482683717681
0.9570708558762001
0.9618468518868507
0.9615701427428587
0.9624887262997149
0.9668450388020655
0.9697765370031826
0.9706201548540627
0.9754649115095433
0.9775811218958168
0.9740183787126074
0.9786248181834225
0.9777557985100424
0.9790390251663523
0.9824733772078214
0.9839631171790824
0.9846073898191571
0.9854537420242687
0.9858231925218134
0.9873307269012291
0.9872122100769994
0.9894075463274024
0.9869224670214993
0.9897574014013127
0.99080283773252
0.9901153579181203
0.9903781498400605
0.9928808828497837
0.9930759678460201
0.9909074983065765
0.9934207528737484
0.9943159576237566
0.993276252649103
0.9933348137930721
0.9935845952542267
0.9939578432054182
0.9952682930236678
0.9935359615827388
0.9949516738769196
0.9958796299058269
0.9945913160061387
0.9958095935416985
0.994981324970318
0.9958244159616347
0.9968503068974152
0.9958638241189317
0.9968651543314552
0.9969116711844016
0.997109704718134
0.9974235129049576
0.9976398755233153
0.9976950910308892
0.9974559561977027
0.9975225218549163
0.997980470688642
0.9977315303267307
0.9979698553283036
0.9978026422973265
0.9985257531393356
0.9983913664295693
0.9982492034602559
0.9977349041039927
0.9979851811570806
0.9987337469765609
0.9986671187840873
0.9987314534959103
0.998798497547861
0.9985741835712294
0.9979479695507815
0.9989532910762573
0.9987159822726547
0.9983238361659742
0.9989141221163287
0.9991959278839883
0.998980137463257
0.999075928974103
0.9991780302926553
0.9989055422786947
0.9991316729046213
0.9992695318846839
0.9992474444309493
0.9992551081270286
0.9993246332654089
0.9990558614092573
0.999513075453681
0.9995389619244441
0.9994212142839087
0.9993478025791367
0.9993965222366065
0.9994497397426321
0.9994695008847052
0.9991919662752846
0.9993993394500572
0.9994778618489303
0.9990857532634057
0.9992611677936957
0.99870227141696
0.9995570252342155
0.9993827801132821
0.9987867346655069
0.9995799131392747
0.9994850252629317
0.9991473035927892
0.999573725275325
0.9996423827369764
0.9996515269553297
0.9996069690193945
0.9995659271284373
0.9997589797287328
0.9996282403879897
0.9993470974940833
0.9995457720142281
0.9995110680718439
0.9996060966525214
0.9997377114869004
0.9994233123418724
0.9994296815580755
0.9991849122979878
0.9994623968792004
0.9997760674884525
0.9992974038499435
0.9998399691436021
0.9995847283542735
0.9997709708647848
0.9997738725008362
0.9996053712435083
0.9998814143869844
0.9997235972787808
0.9997880867653716
0.9997486395235373
0.9997951157285645
0.9995807886329108
0.999611954642976
0.999681079555694
0.9997517537794717
0.9997946091929608
0.9998739414234472
0.9998073351183149
0.999656112353249
0.999809767739918
0.9997357228656412
0.9998303512206561
0.999778259349306
0.9993693084549559
0.9999051496448129
0.9998288316138451
0.9998207927062076
0.9997533327947795
0.9997854899887115
0.9998936212696827
0.9996668871784995
0.9992951713411712
0.9998281843739069
0.9998603368776944
0.9996862480949102
0.9999016195294014
0.9997426580259448
0.9995974323922863
0.9999179162180857
0.9999152991174661
0.9999497529188114
0.9997272712252896
0.9990708260969093
0.9998793538501766
0.9999302294107254
0.9997605431102259
0.9993837931844897
0.999643722554916
0.9998691731098933
0.9999043898414073
0.9998599679196618
0.9998597459194899
0.9998830684446041
0.9998066284698799
0.9998554841415397
