0.7208368633371482
0.7662806503193968
0.7947348284510678
0.8126622543648184
0.8189671122799327
0.8268285744433892
0.8296848174933645
0.8350122287968442
0.8408569930438876
0.8423559484095098
0.8492149771511595
0.8479965649629468
0.8568037921770115
0.8589226256280387
0.8676406717477942
0.8708805220736844
0.8712746877054569
0.8816489281742843
0.8819758670790009
0.8920537463169942
0.894598946437123
0.9008110323779839
0.9007089098302774
0.9049064017337521
0.9096666553031225
0.9106126346377059
0.9161446936307335
0.9205134179105688
0.9175047150591311
0.9248119479549681
0.9238084950609168
0.9298939391725717
0.9333441319469811
0.9346394071476691
0.9350713322132127
0.9423584029350413
0.9416546229332553
0.9429611188220876
0.9475232830902346
0.9473066744588112
0.9511272473437715
0.9536253374566765
0.9570215696301165
0.9587523737632
0.9630031769222652
0.9625350183845911
0.9647578055372926
0.9659088156751975
0.9661321320443828
0.9708357821770925
0.9691231597146128
0.9692964375289161
0.9727258707315687
0.9708264445905471
0.9750801503234553
0.9772099512179283
0.9717940990738712
0.9782216053441125
0.977470189365346
0.9809884010681732
0.9797233204275939
0.9824280517203594
0.9826298682640563
0.984116310744231
0.9834797704564087
0.9811331596334445
0.9867539386855626
0.9867074715302637
0.9879476822428389
0.9845067101728071
0.9846772802168814
0.98809391482212
0.989613194698095
0.990081301288139
0.9895979156013345
0.9912319412991778
0.9800445126257094
0.9898739782956306
0.9890633485117816
0.9925581643006144
0.9905969464533567
0.9890321020121591
0.9916168472658501
0.9925649304794604
0.9925417293690798
0.993115900033279
0.993662739750489
0.9936115648411945
0.9945014407350589
0.9928249153821803
0.9943756690286604
0.9942589297164796
0.9939632048441166
0.99513137718038
0.9953536870642283
0.9960440450970365
0.9954389006582739
0.9936613761251937
0.9943715391920519
0.9965482747704971
0.996370626861795
0.9963388608858694
0.9970780496911551
0.9962515888669735
0.9969914270176378
0.9968134414493389
0.9968472853304763
0.9956228796844183
0.9969702973190154
0.9978343422537153
0.997824420256329
0.9977260444314575
0.9980310289689208
0.9977422455986557
0.9962169138237514
0.997926315533153
0.9978699393673752
0.9984716487690847
0.9983412472301361
0.9984248439541886
0.9981755213025869
0.9984989342618971
0.9984233244860026
0.9980555222766049
0.9986154203293804
0.9981628460807949
0.9980129122328553
0.9985140640092206
0.9988414639491562
0.9986841015900846
0.9988250225241678
0.9990619296921291
0.9991328901551124
0.9990176573242101
0.9988672819214128
0.9983797728914537
0.9993436676650351
0.9989561773037557
0.9990760854213845
0.9989431903961817
0.9987150234170178
0.9993540442041867
0.9992416684929504
0.9977081224990056
0.9991472666617967
0.99918878580531
0.9992638371441791
0.9992572397951315
0.9995930552511749
0.9994241994789004
0.9992950836438017
0.999325537942062
0.9994969651220363
0.9997092880739604
0.9994633939659582
0.9994997443202571
0.9996693273593558
0.9990386766341183
0.9992599540588145
0.9996928726227872
0.9995104974797282
0.9994735107669581
0.9996415353771478
0.9997217295314161
0.9994073814335923
0.9995538218033945
0.9997756122109398
0.9997327554159463
0.999502094950528
0.9996586391344227
0.999049747972825
0.9998196248407075
0.9998500791389681
0.999580315094845
0.9998520531489192
0.9997030413714175
0.9998510791308511
0.9998231053319373
0.9996076265614726
0.9997343787793929
0.9992442658744652
0.9998312221491709
0.9996476522106151
0.9997271710456894
0.9993218236864961
0.9997029244892492
0.9996351068578988
0.9998013003141208
0.9989015543705003
0.9998373649564534
0.9997593396157498
0.9999214811568088
0.999717469825732
0.9998675725034699
0.999874364656131
0.9993015186565044
0.9999175720976291
0.9998904943953376
0.9998967540847883
0.9996739896591749
