0.6015670915639352
0.6075769332438574
0.6074436600204697
0.6111244263351704
0.6130748682525831
0.615457574579061
0.6167822436654974
0.6140021230914822
0.6210316860486798
0.6224624356962213
0.6256563885946873
0.629280648827597
0.6275201143147924
0.6365981437197034
0.6508498671267315
0.6611320169380468
0.6649656201057123
0.6637353887655434
0.6665926963626196
0.66771334575727
0.6726217316070995
0.6729310134469672
0.6737526076062252
0.6762309188071085
0.6778754664029072
0.6783301055123689
0.6818678274638459
0.6863182293857701
0.6833125328325955
0.6851667151451841
0.6877118871317632
0.6908036593850965
0.6914533654595316
0.6929299248864796
0.6973040507146211
0.6981477135589715
0.6985270088538341
0.6988712191382142
0.696104549004323
0.6978506865645503
0.7022980283334304
0.7025496084968295
0.7008064812732012
0.7001928778880515
0.7059357034232893
0.7023155993052115
0.7067734381106963
0.706244472865438
0.6986181658313729
0.7073497147453432
0.708253278306373
0.7092461627531153
0.7091041574185994
0.7101098873914918
0.7109045095041522
0.7122381455506712
0.7116467958831234
0.71229312155594
0.7108945960316163
0.7102624253457872
0.7152868123458929
0.7154671051766346
0.7143243159305419
0.7114824656646559
0.7174893752909636
0.7146469770441837
0.7175162619379417
0.7196953399875579
0.7195581597315629
0.7177528260015197
0.7214072323002314
0.7226739150447997
0.7197492769641186
0.7193319219053498
0.714881370534091
0.7264455963714498
0.7259207658911186
0.7175493898738028
0.7265818301149917
0.7291711892882005
0.7263157248995856
0.728779525281732
0.7313095744189653
0.7335044869814257
0.7341516097173608
0.7267236290670929
0.7354745067616857
0.7344993569693292
0.7383085287290868
0.7362881801062042
0.7381113552401577
0.7333208991486854
0.7396605185772355
0.7415308485346079
0.7429164217832569
0.7450518606271372
0.7406161189732847
0.7465700879519298
0.7465028926843897
0.7481592752441703
0.7489262990463538
0.7479851454193265
0.7435057289765636
0.7535265061347386
0.754366632011501
0.7565010602932132
0.7518412869699935
0.7570370923570129
0.7601389773486618
0.7537950665892148
0.7620924011361339
0.7605202866512253
0.761713290873781
0.7649803387301908
0.7621713673179413
0.7635918120780226
0.7610447185999973
0.768379115500196
0.7669154300659382
0.7705064413801923
0.7733987485881308
0.7763427723825145
0.7758337621817577
0.777925163288343
0.7786016207936916
0.7700446714024742
0.7795577976371748
0.7847491551273277
0.7834698118891188
0.7880813273104966
0.7873138907434839
0.7894953315159156
0.7880706594746523
0.7962880457441356
0.7939321620149209
0.7945023539266546
0.8005448111447188
0.802242840252439
0.7991200821703754
0.808018743907093
0.8003576721111202
0.8057330657820176
0.8109590955178237
0.8048075616353253
0.8148543714442801
0.819282128233678
0.819743350230502
0.8062731899109344
0.8112703273156776
0.823139757161057
0.8249924449802987
0.8232084255720393
0.8273069739436081
0.8322147477628288
0.8286889675248588
0.8343775714181364
0.8327018173779231
0.8376255324595131
0.8353616525874006
0.843205742885315
0.8381789575792191
0.8401297553283812
0.8468021557255235
0.8513457570992278
0.8521832000046001
0.847409809603825
0.8553695808034407
0.849187651772916
0.859513995887496
0.8517782350073424
0.8591317827722891
0.859013817430757
0.8609030064708432
0.8559123950203822
0.866702829135686
0.8707549485806043
0.8729594330171213
0.8734844627632321
0.8730120035997648
0.8777515330512754
0.8245208682795694
0.8764246008749134
0.8761743088224467
0.8828890887809323
0.8799922411598725
0.8895472630247373
0.8898731195074878
0.8857533991468349
0.8885556880388326
0.8909351705296615
0.8908878235570981
0.8928856907300591
0.8937927200923272
0.8958253947270061
0.8986914059686706
0.897489534418922
0.8990403986317614
0.8981893558369302
0.901929624336751
0.9064698310755667
