0.5953053746878574
0.6279558449438727
0.645149245023221
0.6670638754696725
0.6840224976078788
0.7063128661112278
0.7298662745921725
0.7462932623865202
0.758058297743238
0.768007654787743
0.7777217671357558
0.7813997992951993
0.790252281266774
0.7863735443067517
0.7965329412588391
0.7908562626899112
0.8059707344395435
0.8099064155522882
0.814629046185442
0.8197512193983523
0.8253998926462695
0.8227412541716259
0.8314219701743332
0.8400392074494154
0.8454278979672804
0.8529151205395691
0.8533137296086256
0.8592069826600387
0.8603860066746014
0.8672977199001144
0.8729519942122337
0.885373287591309
0.886721277042638
0.8921001656981493
0.8950603281290112
0.9004494854022264
0.9038698686083689
0.9068337650820324
0.9109094727998321
0.9192830637821188
0.9141123480127891
0.9172041354524028
0.930219141636911
0.9339335807136689
0.9352358281406801
0.9349492403556676
0.9364223202408458
0.9439846904245139
0.9494615977035635
0.9482125603864735
0.9518803239282131
0.9610007234707929
0.9585885318210461
0.9617895400126024
0.9662853275455668
0.9618324815048191
0.9706849634763939
0.971467245443301
0.9742407057340895
0.9758864850988354
0.9775444001026862
0.9773287591309016
0.9761870755443534
0.9819038950733974
0.9845774697192466
0.9820271184858456
0.9844010361968775
0.9869280496627694
0.9886531774370464
0.9881108077201336
0.9894149221685453
0.9916693505099302
0.9926756750449252
0.9842376718243132
0.9935354383999627
0.9929053186772154
0.993829494270578
0.9946957922005181
0.9953828560759878
0.9916870872132373
0.9929547947443348
0.9958925529183877
0.9966654997782911
0.9962939625195455
0.997725034423207
0.9980060211440174
0.9968419333006604
0.997750239212117
0.9960447151625474
0.9984251674484819
0.9982730052043222
0.9982655371187192
0.9980144227403207
0.9990207472753156
0.9991887792013816
0.9991701089873742
0.9992410558006022
0.9984727764942005
0.9995892552918387
0.9994221568764732
0.9989712712081963
0.9996723377441714
0.9997862260496161
0.9997218138112908
0.99964339891246
0.9998487712665407
0.9988611169455529
0.9997619547714065
0.9997908936031179
0.9998935797801582
0.9998002287101216
0.9999271861653714
0.9993894840019604
0.9997236808326915
0.9998609069056454
0.9998833111624542
0.9999430558472777
0.9999561249970829
0.9999598590398843
0.9994482951760835
0.9997264813647927
0.9961744731498984
0.9993334733599384
0.9999533244649816
0.9999747952110901
0.999982263296693
0.9999813297859927
0.9999934654250975
0.999989731382296
0.9999925319143971
0.9999906648929964
0.9999813297859926
0.9999775957431911
0.9999962659571986
0.999095428131345
0.9999887978715957
0.999971994678989
0.9999915984036967
0.9999813297859926
0.9994370930476791
0.9999355877616747
0.9999729281896893
0.9999729281896893
0.9994931036897011
0.9996387313589582
0.9996228616770519
0.9999691941468879
0.9999831968073933
0.999997199467899
1.0
1.0
0.9999990664892997
0.9999925319143972
1.0
1.0
1.0
0.9999981329785993
0.9999981329785993
0.9999990664892997
1.0
1.0
1.0
1.0
0.9999990664892997
0.9997544866858037
0.9997843590282153
0.9998357021167354
0.9999981329785993
0.9998478377558403
0.9998945132908585
0.9999887978715957
0.9995985903988426
0.9999645265933861
0.9999906648929964
1.0
1.0
1.0
0.9992391887792014
0.9994977712432029
1.0
1.0
1.0
0.9998403696702374
0.9999953324464982
0.9999990664892997
1.0
0.9999990664892997
0.9999318537188732
0.9999990664892997
1.0
0.9999831968073934
0.999885178183855
1.0
1.0
0.9998515717986417
0.99982169945623
0.999709678172186
0.9999626595719854
0.9999953324464982
0.9999990664892997
