0.5806944495500904
0.5866660131439752
0.5992139755827584
0.6050759107451383
0.619288967311612
0.6250028795843596
0.6252295702679851
0.6299529872113778
0.6444303937065765
0.6462007049876035
0.6595147594015366
0.6706036507411356
0.67742601918906
0.6789805862915446
0.6922657223263773
0.6870527351966899
0.6978654315087797
0.7060054650835079
0.7091971065282832
0.7051210855011906
0.7233738108950403
0.7270147491902446
0.7332474767897332
0.734638581528998
0.7380783165255467
0.7443400441944721
0.7491323260914851
0.7520809387853464
0.7490912358522549
0.7620077850890629
0.7673439612461044
0.7707631102778698
0.7783273903613572
0.7709706854227678
0.7697342204903871
0.7721568291079006
0.7851044206725565
0.7782687366997921
0.7942285777303973
0.7975136729200618
0.7943982485591867
0.8025051158573198
0.8046588815776039
0.8056903854558526
0.8126196048638425
0.8109688065450297
0.8185870839409051
0.8256940615209925
0.8232267682894452
0.8308866260665695
0.8343409019430046
0.8409341289972103
0.8411490562723883
0.8411158899957929
0.8470364788197382
0.8463689053903369
0.8481322729927663
0.8568456910389786
0.8655208780077361
0.866013634117152
0.8684614033582896
0.8733214882345494
0.8783941313662299
0.8780835447070788
0.883703186331573
0.8869616504715574
0.888211022477096
0.8921904855265146
0.8949532527049711
0.894801145298517
0.893884089581623
0.9009432783148916
0.9077320720345385
0.9037088229647874
0.9137519963075968
0.9153312338916868
0.9058319548089059
0.9167376147238663
0.9221821939573658
0.921646387040645
0.9267876500549367
0.9280384924865311
0.921968573727571
0.9279705261266119
0.9317707605778774
0.9363842223284198
0.9361696218145874
0.939496379075837
0.9374900644128302
0.9418629481225519
0.9409166472652118
0.947037214032766
0.940763886336066
0.9503054810131237
0.9497916487969055
0.9520606795819088
0.9551185122555927
0.9549592160995315
0.9556200092310081
0.9571656720868205
0.9587024306959608
0.9604558320773444
0.9611607379904994
0.9502154582623649
0.9577914200639636
0.9607088270493042
0.9655956246655801
0.9664238012964257
0.96452352069012
0.968604769898745
0.9696464850690488
0.9712276832212132
0.9680404530546058
0.9631684413892259
0.9726556303022135
0.9746351505348675
0.974200394564325
0.9764511267139653
0.9732511528548728
0.9763207489370045
0.9735414803105866
0.9784347314634414
0.9760544384402048
0.9798630053057873
0.9813665976383324
0.9814994261253865
0.980818292100136
0.9799438787388648
0.9804207869230108
0.9813943723527226
0.9817889366777359
0.9835960903004978
0.9831677061761979
0.984545168629277
0.9854468665629199
0.9859584114497176
0.9835872677441622
0.9872786906672876
0.9877199818647454
0.9875618293733943
0.9873283583918441
0.9885493021603008
0.9892477545368771
0.9894823691831375
0.9897775980590376
0.9883929468563517
0.9896086624432763
0.9910777814538428
0.9865929819831963
0.9902394752212788
0.9889111903507374
0.9902732950205656
0.9900989678425992
0.9909374374558362
0.9909389078818921
0.9913071679185711
0.989300281423209
0.9917683915581206
0.9915185825092819
0.9923795986553771
0.9918128311011448
0.9933623334027701
0.9922140940337462
0.992284511103759
0.9926681289236889
0.9930999440421194
0.9943440878661259
0.993242248608201
0.994258313012862
0.994132673275415
0.9935776691296304
0.9927676277534749
0.9945885053527593
0.9948020438922178
0.9910504968814715
0.9939121093670225
0.9943913048805891
0.9953361353118734
0.9947657733828377
0.9948809567572205
0.9948278580385334
0.9956771107761808
0.9929401577440397
0.9958217026716825
0.9954469074080882
0.993315688220662
0.9958244801431214
0.995317019773146
0.9963559574720109
0.9964351970983594
0.9967227470826339
0.9952333688686298
0.9965752143350202
0.996259399494337
0.9972522638434486
0.9970140548223848
0.9967598344953784
0.995582840127927
0.9967550964558648
0.9952049406315481
