0.6555611212921328
0.6710678858396011
0.6816955149018306
0.686634599758364
0.6896148325242106
0.7003124616272954
0.7078155098811771
0.7095368980578106
0.7210350413579732
0.7246899598960552
0.7308500911638997
0.7371711253526884
0.7434165206281446
0.7489675685533685
0.755710163429987
0.7604033083314475
0.7670271464258146
0.765839606974986
0.7781352287018863
0.7781415626806567
0.7923681755031604
0.8015792914273704
0.8059223864741054
0.814861141311194
0.8189172354811305
0.8301820784120754
0.8325624344472209
0.8410794867380529
0.8491677222825088
0.8538525330013771
0.8573854107346202
0.8629567089503134
0.8668660505774093
0.8760608244108166
0.8783994031391794
0.8792676050847508
0.8856196920832329
0.8968963234494702
0.8914264894737642
0.901429515881448
0.9111710404646056
0.9120313267099445
0.9106430079343121
0.9158153080450071
0.9239578257165949
0.928339250910334
0.9326343978087074
0.9335115084635007
0.9396535598748105
0.9373580068073888
0.9421176904040831
0.9467891877095673
0.9470433696392551
0.9482086231311855
0.9531836690989902
0.9549243429287886
0.9578959010518177
0.9613108802462934
0.9574589700034114
0.962878579003001
0.9610052037075665
0.9672261638689537
0.966313233961316
0.9711548124279786
0.9679112620497385
0.9718824681368949
0.9707360250723989
0.9744556736107692
0.9732259880212475
0.9767775485093403
0.9746130229781146
0.9765071592543558
0.9781803155657733
0.9788399572518142
0.9822150600424304
0.9764183487860665
0.9845204438988506
0.9840895560194387
0.9840345007638792
0.9842283573974403
0.9841770968548057
0.9858435361697
0.9872594251306402
0.9861898125902646
0.9866636622943252
0.9849554173009629
0.9897875409034589
0.9901604725224766
0.9910470876918862
0.9916228626758221
0.9901844749683428
0.9875667968775711
0.9918618231962814
0.991642226351122
0.9930248849755129
0.9932988348770179
0.9922062554572937
0.9933129639763576
0.9947383148943859
0.9934947697365362
0.9933592807528077
0.9951630390251399
0.994668024043755
0.9959699439443589
0.9929022412723589
0.9964284445666066
0.9950111370213953
0.9950741363488729
0.9932855498353194
0.9965576066644863
0.9935580102233396
0.9965141270565784
0.9966860594702304
0.9959827537603264
0.9971997713923074
0.9960058695910232
0.9960831044116608
0.9977740852344444
0.9972864185195836
0.9972290935291902
0.9972329378925647
0.9980364382095334
0.9978712795357758
0.997850405068227
0.9979951290355601
0.9978303604724772
0.9986540472436227
0.9983860199314494
0.9986398614009122
0.9985335385097964
0.9981031400419583
0.9987808686774551
0.9983484132624239
0.9985916720932243
0.9990273760662364
0.997948230639559
0.9984045466420295
0.9987712577690186
0.9988951498263313
0.999200003586181
0.9990092891167804
0.9992154094113648
0.9990965746069783
0.998267440472232
0.9987958489273575
0.9989849603965317
0.9993412945795781
0.9982719657560566
0.9994118124036925
0.9995593593537248
0.9995567349728234
0.9991476152690509
0.999517397630987
0.9990033452486846
0.9995453011835986
0.999614145078273
0.9995717294085684
0.9987167770400888
0.999656149358539
0.9996808043531699
0.9994845432192693
0.9996911529254272
0.9994670237035218
0.9998024905119408
0.9974848784591043
0.9997652172102189
0.9997217446952326
0.9996713565819245
0.9997008773206052
0.9998156691598191
0.9996173510787257
0.9996634976250629
0.999898060534282
0.9988480244568467
0.9998854635059551
0.999746910380201
0.9991718092237938
0.9996200463888406
0.9998769378144859
0.999351054439363
0.9998516586427758
0.9998348626050064
0.999501225770297
0.9998895632144983
0.9999161191120525
0.9988956605166688
0.9999238503963297
0.999723432810515
0.9998895915861837
0.9996299055495244
0.9998582692454788
0.9998149598676838
0.9987490923897834
0.9997636071170714
0.9997357035644596
0.9998234146299391
0.9999234531927338
0.9999358090617346
0.9996763925560869
0.9995735310105925
