0.5390616092243243
0.6037376716646488
0.706364738315484
0.7449103961698543
0.7614233521239578
0.7793891760219901
0.7882020235142222
0.803041820777267
0.8018188562676156
0.7983843585020655
0.8217735451364623
0.8237769188564111
0.8274451523141815
0.8324027419075017
0.8350993313568622
0.8409653839702007
0.844404117726554
0.8485628930179182
0.8471247068514927
0.8529599219644619
0.8579080334482551
0.8590978021449571
0.8626548039955148
0.8641469045199215
0.8632238430323551
0.8694305885035749
0.8755962621668422
0.875141960163794
0.8790645132811961
0.8818907009786792
0.8819972608199382
0.8856342466360209
0.8880578806295998
0.8919921740422379
0.8951445138061769
0.8967138426591268
0.8992757391361766
0.9011902916268829
0.9051199965835227
0.903331453604404
0.9097821242162198
0.9062161569327828
0.9116620966670275
0.9118235385434403
0.9116509523583946
0.9186578450908545
0.9148857817949755
0.9192409122424723
0.9241506626960886
0.9215152419792764
0.927037423139517
0.9291428835969722
0.9299176533641432
0.928655270428729
0.933602683390589
0.9346758694175666
0.937728653784948
0.9358475790793475
0.9358666057914414
0.939659477350766
0.9400467084313571
0.9423738630882659
0.9437430878370952
0.9452148735493303
0.9463249979287863
0.9475564280115857
0.9472675988050943
0.9467303585373378
0.9476279207701308
0.9506174792899141
0.9527224783383863
0.9518383546422257
0.9526673848241151
0.9547352084071586
0.9527842879167445
0.9545314322565484
0.9563289342600886
0.9567367493080916
0.9580748097251889
0.959863493690386
0.9580840891725152
0.959990650315973
0.962748344413301
0.9610869260174786
0.9634839520930332
0.9611541699683044
0.9621051787416371
0.9646360967322402
0.965663295663904
0.9651185190494236
0.9641293671334896
0.9662146858071416
0.9680365784022041
0.967811173705512
0.9682005388026498
0.9680275488847438
0.969360258239329
0.9696935301027322
0.9712520094361213
0.9707983995465477
0.9724258274806168
0.971967449698218
0.9723697791060889
0.9723311681460466
0.9734773401023056
0.9705655482215453
0.9713717771095207
0.9751672184605427
0.9747613964430085
0.9753975512615127
0.9753262827990011
0.9762496647094723
0.9753712701748514
0.9768231704416075
0.9754256779841062
0.9775367458423975
0.9788512808098159
0.9787305710930758
0.9781405059052147
0.9795715466408604
0.9791238966173186
0.9791313496540868
0.9795097434709603
0.9788747037241653
0.9808981102841295
0.980774170704508
0.9814172466577584
0.9814806775760156
0.9806285256773074
0.9734133965074006
0.9815127134580491
0.9823504591429522
0.9824340510703867
0.9830094024384542
0.9835043981504268
0.9821703686534734
0.9838511854519595
0.9838561712323598
0.983796803276537
0.9835762946418318
0.9847012738271599
0.98464014354536
0.9857883021236297
0.9853429975957515
0.9844917621065514
0.9843619972385185
0.9853360892779216
0.9863309767638537
0.9860596939156355
0.9865643087232138
0.9833939740089345
0.9866199725902556
0.9865743443685956
0.9878724800917404
0.9876330024210642
0.9860459926322213
0.9876332651678463
0.9868577904702844
0.9867636245869876
0.9867734167109619
0.987242246688519
0.9882391592472103
0.9890651261861287
0.9870733966345444
0.9890213884596076
0.9887690618304443
0.9891838813231487
0.9891986848613559
0.9890567503313941
0.9879470873609212
0.9890042778764851
0.9904641823074058
0.9884411153957205
0.9902821885058717
0.9901189202189007
0.9894159187739727
0.9906340128554694
0.9900651724808299
0.9911960474476086
0.9890124294351862
0.9909801721281083
0.9901317819943041
0.9906049889487422
0.9908075154500234
0.9904285705057537
0.9902013201731289
0.9906195553739998
0.9905039660152802
0.9905446661326628
0.9915557029330025
0.99154368066561
0.9913498376250521
0.990178589372254
0.9919318345641676
0.9909536282946652
0.991340250571737
0.9922768082720582
0.9921605844759871
0.9916061118644041
0.9922731170001936
