0.5989111443193839
0.6083866352029642
0.6160699953144273
0.6233598551533093
0.6378936838652434
0.6529650214940209
0.6665780718076261
0.6732468772688094
0.6731276644335079
0.6821558515949234
0.6840713278371691
0.6837988979256476
0.6911791213528777
0.6941401182077556
0.6963731161592934
0.7007002080140861
0.6970629061897654
0.7028165994261542
0.7021936659235604
0.705297310677087
0.7054864975156674
0.7069978539097749
0.7103515230703259
0.7096846281247832
0.7105282976050014
0.7122584820529891
0.7066173419180783
0.7178275602680713
0.717818891814532
0.7156409068642345
0.7147464002158761
0.7174872010715476
0.7254729346977461
0.7284782385817604
0.7281553962851213
0.7306719549033064
0.727713377151742
0.7364792499973362
0.7404088241401167
0.7379280264926373
0.7422353839361748
0.7395909656282857
0.749452893866738
0.7507621399387908
0.7526782209568648
0.7567000306131765
0.7578682487218351
0.7611910887145663
0.7612799691621925
0.7611397763654183
0.7650484065452873
0.769078049488518
0.7744266005176306
0.7740630366485513
0.7782698645100552
0.7837146252938563
0.7851761020815521
0.7851749573273056
0.7886447362471818
0.786357992443758
0.7943873707255666
0.7971877707991768
0.7980070764531684
0.8009999464341409
0.8013854046281479
0.7995950161863932
0.8125712951504754
0.8126326726973376
0.8134253466157464
0.8129084576747637
0.8171299513501044
0.8202615813851151
0.8142302096469809
0.8248146434083322
0.8259670509489077
0.8258116595595907
0.8344293335283974
0.8382714959648492
0.8365377404595893
0.834813142988301
0.8460069747932314
0.8428085818266013
0.8511499740378378
0.8531124068033249
0.8448347320454295
0.8572980099131398
0.8556142708088245
0.8582434185270483
0.8620323390914711
0.8645016387985005
0.8702794150723383
0.872258263181737
0.8749103347837395
0.8708992958969415
0.8759815295702262
0.8761302972242805
0.8815180362871257
0.8824374683392655
0.8808960675459723
0.8873953485827077
0.8858226722394359
0.8771767465997918
0.8921432564183275
0.888747339346341
0.8937704921809684
0.8969514258454119
0.9010313947772135
0.8995329978651414
0.8988344817834322
0.8990145177877531
0.9020404560470527
0.9044524748434853
0.9083776787609352
0.905163144039459
0.9106236577936453
0.9108352789355716
0.9095786411608701
0.9049174682586285
0.9157595293231319
0.9191330696894706
0.9158445507249966
0.9194554296053896
0.9189702769959691
0.925911015588529
0.9230672228492373
0.9276598688903603
0.9262150018388063
0.9277837111406332
0.9234607735198042
0.9258287660758775
0.9177681410429388
0.9278023655950518
0.9336430817533086
0.9307620809011506
0.9286639839578891
0.9336735005375304
0.9352575596258568
0.9331103606451058
0.9392465385943454
0.9357992947737864
0.9387053362251218
0.9387737766896933
0.9386346494503308
0.9441362807611305
0.9420158143119336
0.9410967206462693
0.9416899625355772
0.9418555559171411
0.9468613070472799
0.9456677171526808
0.9476237421742727
0.9478306475046806
0.9481989487844149
0.9391362174036629
0.95116099679728
0.9452855420274563
0.9491731922458523
0.9505956897914705
0.949167583670016
0.9551416888969783
0.9521707276403576
0.9519751618567308
0.9544270526595591
0.9550545867782756
0.9569883574893279
0.9562765147402588
0.9557962075371771
0.9567281094909199
0.9527044855071233
0.95808429768679
0.9544664278858103
0.9613750485620589
0.9532834647664802
0.9530164274394282
0.957267958314242
0.9604586619881976
0.95814964947481
0.9610705007342265
0.9614750021671133
0.9616564061167604
0.9623008019615472
0.9634630515087573
0.9628218811350548
0.9639820067671535
0.9642204612366053
0.963051595153845
0.9635629763149628
0.9641689688946512
0.9648229547561443
0.962574758212064
0.9645638443122704
0.9631841778547796
0.9675462819102044
0.9683659331503839
0.9666524880333582
0.9653896585061289
0.9686571543108566
0.9669024260438358
0.9678919040963773
0.9689666987389848
