0.7380365861345365
0.7948235695019683
0.8110769804522021
0.8223502858763679
0.8267554476716243
0.8356906796687669
0.8386407740854451
0.8422258239463808
0.8502719764995705
0.862352334416258
0.8666765657541909
0.8652522986981266
0.8795533132506388
0.88045428341812
0.8812344028637538
0.8899161214836682
0.8926133000139196
0.8951695429392346
0.9058861445166103
0.9050661442014503
0.9109418424777879
0.9131976197542279
0.9172032112175944
0.9195531491048143
0.92556608642212
0.9282901586042615
0.9332788785032002
0.9383997620542127
0.9391642285540197
0.9404533707673357
0.944818927458051
0.9464921774665864
0.9513446825945022
0.9530711486793484
0.9551199052418984
0.955346006266431
0.9565188610118212
0.9587772514897875
0.9621196084662477
0.9657068710128979
0.9658418448414875
0.9680080050635703
0.968550421657794
0.9726742309439829
0.9739890193009226
0.9699436126263594
0.9754576122954415
0.9755048862929043
0.9777724492395451
0.979127571508487
0.9787005756922357
0.9817988281301295
0.9778864189684288
0.9817870555915948
0.9833810100352192
0.9840532462791425
0.9852703022121605
0.9853330584437926
0.9864127965458467
0.9871055969786662
0.98617459469113
0.9890943877886013
0.9894818113294761
0.9878000126063994
0.9886472808259292
0.9897689352057338
0.9905582336858747
0.9904476847559742
0.9919709711392246
0.992579308696577
0.9849698496949515
0.9925946727457524
0.9923887025651397
0.9922539979357022
0.9936546082955361
0.9943546180129689
0.9931359337533715
0.9941289240700811
0.9955503087254668
0.9946752013740976
0.9935736450090477
0.9956891498296825
0.9952343871057547
0.9955113864675555
0.9958691324433565
0.995215943680911
0.9962823203128486
0.9961879561612464
0.9965539619549373
0.9972279184471017
0.9963767238594491
0.9972169535060235
0.9972029157551102
0.9970838509398333
0.9971458324031738
0.9970604634427551
0.9979896207312238
0.9982475135190502
0.9977206842123234
0.9985516954293925
0.9982110994093376
0.9986706814546734
0.9977986600448052
0.9984220070963522
0.9987269112483224
0.9986054827331725
0.9984622031258616
0.998603933196589
0.998697785213219
0.999056122113988
0.999009242066504
0.998710509797536
0.9987054409744748
0.997919169343338
0.9989614296707366
0.9986856778172021
0.998997147802153
0.9992901415330957
0.9989885334292821
0.9993902310910576
0.999335957915637
0.9989438201066816
0.9992609892346603
0.9994300200389222
0.9995978295982497
0.9990289133021151
0.999398018168973
0.9988839922365591
0.9995947436567487
0.9993439157052099
0.9982112307259974
0.9997184439501103
0.9993456293876178
0.999541192722956
0.9993226292746854
0.9998104181385076
0.9996470339506092
0.999625694993421
0.9997311028760976
0.9995613892252053
0.999768173569108
0.9997928348377846
0.9997374717340891
0.9994458239989074
0.9994412738766516
0.9996330224630277
0.9996492400704907
0.9994776091963683
0.9998664378255012
0.9998357097271503
0.9996187352104612
0.9992553951449604
0.9997186277934336
0.9993301602851148
0.9998006875740298
0.9998156708048924
0.9998876060710319
0.9998586507475857
0.9998265306926428
0.9997576157096746
0.999900672078664
0.9999109541731123
0.9998631811723426
0.9996882673817297
0.9998636407806513
0.9997101841322201
0.9998204769946344
0.9998801341530994
0.9998468847748838
0.999807161485349
0.9997642209376535
0.9998814867146936
0.9999619181687104
0.9999575190606131
0.9993995939688886
0.9998881838643342
0.9998463463765793
0.9999486945810866
0.9999128188696786
0.999759887487886
0.9995683949689962
0.9999465935145327
0.9999612878487442
0.9999666849634546
0.9995089085221885
0.9988586809504175
0.9999373619533616
0.999870981381924
0.9998551708561059
0.9999716224698563
0.9998812634763722
0.9997272552979708
0.999928235445518
0.9997922439128163
0.9998870151460636
0.9999631000186471
0.9998333197639452
0.9999389114899451
0.9999626010153404
0.9998502596130361
