0.6280532072803233
0.6967248892911858
0.7042558963128928
0.7087417367244676
0.7110540445996679
0.7141195421646933
0.7166015803698902
0.7222638012496699
0.7237273485104139
0.7281597872490425
0.7291666371554548
0.7300316516373782
0.7326554707848264
0.7353044607259163
0.7367471957720041
0.7383882461619352
0.7403747774990829
0.7444851535721696
0.7453424134156479
0.7437843939553919
0.7471740245109775
0.7502888557418956
0.7535762412987781
0.7534781641912299
0.7571885407582888
0.7566016126960176
0.7603449691774007
0.7627141020261253
0.758933851989704
0.7682801163551718
0.7682316907265675
0.7720985947614457
0.7741220014928859
0.7717551750588744
0.7787691184072997
0.7786439636278036
0.7812537626795149
0.7856667058575562
0.7845104656564135
0.7857323206320346
0.7913476141447365
0.7899891086375449
0.7947438824529021
0.7948396894672287
0.7984749441093968
0.8003470082659361
0.7896073697613921
0.8043987977731584
0.8062417956560876
0.8078840718963585
0.8109832394840474
0.8096298825482824
0.8146880861040184
0.8056778136961007
0.8174210604139365
0.8163734941155008
0.8255833803605845
0.8270872717180635
0.8286576223246997
0.8310540689350672
0.8298848165595782
0.8381500443721503
0.836847074425533
0.8352405839348083
0.8471181929302468
0.8447109769976358
0.851239256602221
0.8515366388142573
0.8532225099247567
0.8586607906484072
0.858819288557143
0.8582383717017226
0.8628040376713435
0.8687197734817445
0.8737617050092675
0.8720007846168604
0.874087663154778
0.8681073931342718
0.8714667860481451
0.8889566466313688
0.8815452826028155
0.8906966912465097
0.8897452770165701
0.8920341575297231
0.8977748419116159
0.90049116281766
0.903938807875618
0.9049012729193604
0.9089216624971411
0.9130081027072986
0.9127349741712424
0.915091794034333
0.915279494422272
0.9224421924393256
0.9248401463915924
0.9260531752447678
0.9268398079479342
0.9285533106331274
0.9330452530552821
0.9365733865385071
0.93590147526639
0.9348707167381674
0.9419138080835586
0.9340204487818118
0.9450672672207365
0.9391269508409316
0.9450269866866116
0.9392212232722402
0.9465545051743416
0.9511416553062122
0.9496455549086699
0.9552750501245664
0.9527908689513684
0.9551822214725467
0.9606292556756597
0.9551915651762471
0.9580610174906505
0.9593084246355745
0.9616299854107465
0.9661011519397366
0.9654392835600322
0.966196877230707
0.9650668520660881
0.960959872052461
0.9681448896260698
0.9646144497281318
0.9698883212202976
0.9665857169584571
0.9696914587361158
0.9722419538725049
0.9758167967938584
0.973831037288406
0.9737876149452621
0.9753435731608732
0.976224805188772
0.975743944962189
0.9773114988139762
0.9772815245030776
0.979644827752409
0.977785793930962
0.9778441353267586
0.9803707036805912
0.9785173814136898
0.977985498571857
0.9814264604753706
0.981465978258173
0.9806384112340341
0.9818955706994382
0.9834773898170301
0.9835146011851195
0.9831639716664763
0.9845367696805913
0.9818700185301353
0.9843823488592818
0.9833460694643441
0.9855446002672754
0.9835432588419497
0.9867343198032509
0.9876888940029549
0.9877817044942289
0.9856656416378535
0.9872169597829195
0.9863177940185694
0.9852658419000295
0.9884211715940221
0.9882213761493983
0.9881912474721604
0.9877666673967286
0.9890580326267969
0.988066119933783
0.9886218750759345
0.9901311238534168
0.9912215495118772
0.9774856240444497
0.9898918197063631
0.9906605913160617
0.990317280577965
0.9904126698951388
0.9911133659493063
0.9890768834809095
0.9916360685341506
0.9918261207386673
0.9898275669878177
0.9927797051777266
0.9916493985215481
0.9915608739662768
0.9923428847596438
0.9930475761778815
0.9903799351508826
0.9936815678128241
0.9926284443261816
0.9925406098792496
0.9937994128921462
0.9915547447145783
0.9933146117837308
0.9940538086189374
0.9936358208942213
0.9943538059783649
0.9931843629150452
0.9943504099189052
