0.6221989232872313
0.6705983274641866
0.6914833795045436
0.7110196992504544
0.7077289752536584
0.7221475567584419
0.7271718160457774
0.7308458166264761
0.7357107221592163
0.7376040341860424
0.7406103397764112
0.739543773051123
0.749713062093933
0.7513457162510816
0.7562771862286872
0.7582378902732528
0.76359299480527
0.7666438422067904
0.7690819178710794
0.7714639852422791
0.777226595852911
0.7797096914815681
0.7830765337923016
0.7843738278349759
0.7907252749362603
0.7954329140370998
0.801230393051507
0.7968699667477541
0.8036803305936626
0.815050795687411
0.8191755476270397
0.8192906630138703
0.8287299684146697
0.8293571123341534
0.8349470084858954
0.8443229585855316
0.8452950532695787
0.8523862033965209
0.8560380985862186
0.8595702439809889
0.8661255498670035
0.8667939528919038
0.8712812553125582
0.8768913350471815
0.8805924340418901
0.8800218593259996
0.8860799594290675
0.8875418761069707
0.8958397102420934
0.8999391936232899
0.9023328654052396
0.9071092390309261
0.9115926426638166
0.9134408611642413
0.9139294969703109
0.9168574314094728
0.9238200502737648
0.9229195038623378
0.9216927833953423
0.9300177527254917
0.9317264884155614
0.934710964472554
0.9387789081319812
0.9428322589230562
0.9434189437242354
0.9453398690993042
0.9476552892683513
0.9477980455891875
0.9519920653784042
0.952197165522446
0.9561803013527543
0.9584920985916622
0.9566469972823977
0.9593988885806639
0.960941815447718
0.964126885974214
0.9653704981231015
0.9656474683736589
0.9641594371739408
0.968119538892578
0.96968312749573
0.9701725081173865
0.9702540792170411
0.9728838575400607
0.973980695042044
0.974040068798156
0.9730183381321527
0.9768484097617112
0.9775088956727797
0.9764775559661789
0.9774515448725828
0.980010832377211
0.9799424380767677
0.9797450159699496
0.9818274467890871
0.9814193154331895
0.9823477326599759
0.9793130045389982
0.9792131440788192
0.9833892423176779
0.9830384893477393
0.9853580197953958
0.9835429777719812
0.9846010480824253
0.9854284278565001
0.9831749469194758
0.9850197447853529
0.987074470303706
0.986905590265801
0.9866822559327597
0.9877534662613988
0.9877266437050135
0.9897630522770796
0.9875035208628178
0.9880159815724164
0.9887608431356584
0.9903181605754727
0.9893106917486718
0.9886199902324332
0.989934185152254
0.9896640101945208
0.9909366793465544
0.9864991232509063
0.988882735424805
0.9902198633085009
0.9907288114310103
0.9917247402138404
0.9916008433592867
0.9915696438619215
0.9917685923809303
0.9899353069732614
0.9898547933278353
0.9905163274978779
0.9927370089633132
0.9926874373481357
0.9925130677434971
0.993365026431942
0.9925864274811869
0.9910118505493134
0.9928157019484155
0.9941287014851953
0.9942338768022789
0.9939811084606711
0.9932275389917395
0.9941833948569399
0.9943286063106368
0.9945142952731464
0.9945035000447626
0.9944310414419806
0.9935654737773788
0.9949714097479552
0.9941079386013019
0.9946638836678235
0.9942080289428349
0.9955343707934011
0.9950940100716721
0.9957839575770696
0.9952556534445532
0.9958543564429198
0.9961420667503362
0.9947109081975986
0.996492387543329
0.9961033731208303
0.9959823175998122
0.9967259010227257
0.9956797017854021
0.9953075790447956
0.9960702885963622
0.9966744075994289
0.9963866053394708
0.9961296715477282
0.9962986803191916
0.9970565715575781
0.9970831918183718
0.9973240982821132
0.9963548265410932
0.9971917969652571
0.9969638742003899
0.9976264198483903
0.9972533316060967
0.996646159778649
0.9976713478602166
0.9970255927463127
0.9976455367817892
0.9970529670179473
0.9976629617884224
0.9979037395186058
0.9980558658034309
0.9970077723437504
0.997446395162443
0.9972465455085268
0.9978640528016505
0.9975320673454531
0.9973783778674206
0.9981859418687801
0.9979697062719505
0.9978248166521491
0.9982599084932442
0.9976811775869137
0.9980957364254693
