0.7348218566984432
0.7783354331260752
0.798725470131589
0.811604564380769
0.8310380502071502
0.8441811089195456
0.8583168965914237
0.8703903374499797
0.8822213427357399
0.884344133997805
0.9074127667493525
0.9113448114734087
0.9189851942389471
0.9284556215790665
0.9331028841317606
0.9418582003099165
0.9437756137795992
0.9508944142858251
0.9540570011773868
0.9596746993546453
0.9615093661517773
0.9662648420454999
0.9671927710003747
0.9716787802082688
0.9737966292477603
0.9743586826210618
0.9715246024195272
0.9785096340273517
0.9808453853045607
0.9821771187325951
0.9830830032414579
0.9832654388099868
0.9852124078373267
0.9849727278202828
0.9871205146396811
0.9869559635168685
0.9888535636518091
0.9888221147606835
0.9900430392919493
0.9899340970619803
