0.6543002841658438
0.7145471958782885
0.7249065759943831
0.7507997298610243
0.7611126928973578
0.7657914848691969
0.776125550819776
0.7775287162635353
0.7889632884305982
0.7943103599231538
0.7984713335490353
0.8009909065208116
0.7971204324728086
0.8034116926887578
0.8137100653498901
0.8163881758274887
0.8183188373676228
0.8185801426492585
0.8244076745650495
0.8252688664192361
0.829197036716771
0.8295275627479298
0.8353021936416897
0.8279837147210853
0.8356457868935516
0.8417557947344261
0.8446011135607945
0.8442319547928226
0.8468351447322777
0.8491750607279591
0.8515150113407882
0.8531248456714877
0.8527164882515933
0.8557726044360364
0.8604928888221057
0.8574602129619233
0.8624547464326744
0.8642829382054835
0.8660443203883603
0.8691484580821048
0.8649421916812152
0.8739019041905598
0.8710515493217506
0.8752691566012394
0.8778250534965876
0.8757935537103498
0.8803235717171064
0.8831943537132347
0.8837082934335587
0.8833690468913709
0.8874820381403785
0.8893617191576311
0.8915654753758265
0.891683450615126
0.8934434902547099
0.8914084264073545
0.8977065317879845
0.8965710005435134
0.8997480193738752
0.8992383902409842
0.8998730008228466
0.9019835962762569
0.8989351967055601
0.9043727739781829
0.9056596243006381
0.9078920435171142
0.9101898876376152
0.9083396266806122
0.9108982748866543
0.9123931276087821
0.9124730721486196
0.9108585148349015
0.9117377106160696
0.9155440210282977
0.9139069550431196
0.9184591716721004
0.9174892804690998
0.9208729802271488
0.9206392527714684
0.9208935292670313
0.9232459435581193
0.9232111939622203
0.9244708698237453
0.9239494783861095
0.9256361191369549
0.9253370134351436
0.9248154669728901
0.9281017013990946
0.9276060079257855
0.9266326234010558
0.928186665425346
0.9307055144472076
0.9303076354874071
0.9322603300894938
0.9308074243197961
0.9325850148532546
0.9322966886302133
0.9311803593670519
0.9323114987490477
0.9331799090310726
0.9328005743267758
0.9346498283763093
0.937224049783528
0.9363416376178126
0.9365998092950366
0.935122423181554
0.9378558488509614
0.9382230615331961
0.9387714904682646
0.9393340868472954
0.94000435309127
0.9394031480569206
0.9398110313724011
0.9334147066081444
0.9419585678376681
0.9401815206429186
0.9434341192423232
0.9392777933447913
0.9418159466943126
0.9426897151087613
0.9430220367163195
0.9447097972566373
0.9448501035663784
0.9460785803472819
0.9449406213871927
0.9452008520321569
0.9459358252506156
0.9467735617296078
0.9480351701310294
0.9484093860127494
0.9466097112441629
0.9474066145398246
0.9497488017214126
0.9505925901808756
0.9514553097048404
0.9491855039688679
0.9475928111466444
0.9518746106586824
0.9504838818015011
0.9525609844119826
0.9526108617014186
0.9524981889060881
0.9528853335399203
0.9538106634432943
0.9521958592942625
0.9509548345498713
0.9542836074302029
0.9548857095002052
0.952992327617938
0.9563346297826397
0.9562008751443709
0.9554562572875492
0.9556595683111644
0.9561337585153893
0.9543198621194793
0.9566148209759758
0.954039973449912
0.9577486349089035
0.9568315679681717
0.9589738396168042
0.9576153257782744
0.9574664419413751
0.9567545538451401
0.9560768253481999
0.9558380422838645
0.959573702107861
0.9565926690116463
0.9589328092662411
0.9591974227431204
0.9583562155187999
0.9614374125792851
0.9591432995852668
0.9560149915969735
0.9588549267043306
0.9612044256295464
0.9617417981486641
0.9586966119523282
0.9597030889651483
0.9595607056265465
0.9602457217856204
0.9614898334765289
0.9598959486203504
0.9599235023648117
0.9631205810797083
0.9629262690093972
0.9609629198512912
0.9632835435600603
0.9632274953877767
0.9631613841611715
0.9630626500356096
0.9628295607395212
0.9629700536808411
0.9638832239348185
0.9621574372103189
0.9596428144906609
0.9645506922102044
0.9638371966742421
0.9664281742860323
0.9660520710172169
0.9658773146251591
