0.7117687568148405
0.7424562418016896
0.7624023144161332
0.7729757842893511
0.7785865640623747
0.7890761671867617
0.7986054985179868
0.8118426041207559
0.8197271265257164
0.8332627404367834
0.8410636366702083
0.8457189637140212
0.8596076684109182
0.8652249994044209
0.8741745830580452
0.8809816740305272
0.8912170967169264
0.8964957279576962
0.8985420543757735
0.9078856404879414
0.9181540312854775
0.9188047252075308
0.9284047065724135
0.9319493438762484
0.9346472212729945
0.9407910887571499
0.9471784024210881
0.9497494429568046
0.9487598327624525
0.954903668670838
0.9597937375071595
0.9548126267041676
0.963055487487217
0.9650213242602494
0.9690835185071813
0.9687924876419503
0.9707897844071979
0.9746207432757037
0.97381857587395
0.976740635223539
0.9742822134306858
0.9800057547893422
0.9821041030403624
0.9821358126315218
0.9776059902519645
0.982991436308343
0.9805453350802373
0.982391102732285
0.9857967765757875
0.9882634621987421
0.9862759433969498
0.9885251817277285
0.9887249360634262
0.9897365921596978
0.9881390867441676
0.99056011079643
0.9911181568983654
0.9899176431142758
0.9924562327800411
0.9923532656975527
0.9923034571757289
0.9935436977893515
0.9933841123439674
0.9933772874668149
0.9945462164592171
0.9928866421014393
0.9876560030239122
0.9950223971146989
0.9957600597290874
0.9945477215709224
0.9954262256521567
0.995718081998233
0.9956203564935713
0.995774223717362
0.9959371667196267
0.9966054227842539
0.9964815991538513
0.9966960467478735
0.9963493658433613
0.9964546770508729
0.9970362501087034
0.9970438553584584
0.9975568533618052
0.9975513621850346
0.9975056194195052
0.9975080733079197
0.9972309463067622
0.9979580520887015
0.9970545430048126
0.9981194163024643
0.9979547561797527
0.9976283815025915
0.9969388764483361
0.9977349707769857
0.9981818310745743
0.9983811704144369
0.9988363757369643
0.9985313658272545
0.9984866395007986
0.9986823761956608
0.9978550143366325
0.9989890310526287
0.9989123079458668
0.9987992967612902
0.998363609775471
0.9977691026807894
0.9985579436039788
0.9984888858912957
0.9981690534129651
0.9991623609796281
0.9987064805370652
0.9985607764016337
0.9987028793956726
0.9993511630339464
0.9991779353522976
0.9992820000686968
0.9987858845770642
0.9991976506616665
0.9994678610655773
0.9994073979767774
0.9989041072673054
0.9989898039071906
0.9984222865778517
0.9991507170385243
0.9994740814922749
0.9996117232810902
0.9992883001866237
0.9995030680491706
0.999295042365331
0.9985962735815895
0.9995453840918467
0.999584074935401
0.9994829422547912
0.9995715919809788
0.9991680927336942
0.9994508462363508
0.9996159875136534
0.9994158903553096
0.9992049341392891
0.9992612638094299
0.9996677597476522
0.9992737332313789
0.9996624880976639
0.999650612600913
0.9995539125569735
0.999606006563105
0.9996831627089988
0.9995953098951025
0.9995812842387727
0.9996449500128194
0.9995874640680518
0.999486967413667
0.9998176424099857
0.9995776876082046
0.9994674866671611
0.9997935636299191
0.9998505984922575
0.9996882749765288
0.9996887050084445
0.999570431195528
0.9997599309240035
0.999391779999473
0.9995965909692011
0.9990527629854316
0.9998021702826667
0.9990478491941703
0.9997433340978279
0.9997809814373626
0.9997484704230875
0.9996813493576335
0.999727028971623
0.9996871322343749
0.9998692973625529
0.9991886545744217
0.9995696553337499
0.9998746141207842
0.9998466139308003
0.9996015107748947
0.9995635506848757
0.9995130144167328
0.9996000372389596
0.9998120038796218
0.9995843801678448
0.9997915608239336
0.9997024840730463
0.9998697153656039
0.9996142764076388
0.9999195990678328
0.9998903057748854
0.9996470836327093
0.9998308531107267
0.999821070636447
0.9998387590821012
0.9995319779220532
0.9994524129959879
0.9997838864082061
0.9998192753283793
0.9998157809431615
0.9997466901511006
0.9998061909307183
