0.6079045579303757
0.7285021265410253
0.7666690850792717
0.794146191790155
0.8095357746025146
0.8281996871611302
0.8369189271934308
0.8496765954338434
0.8535393231785671
0.8636319932992192
0.8745321228941559
0.8820473952907288
0.8866158177270507
0.8954541900897134
0.8992203286019967
0.9058392577604536
0.9064216596946113
0.9118627356553208
0.9177236360521088
0.9201107586687626
0.9270727678998404
0.9289949062486943
0.9304649150500752
0.9358556345899948
0.9343501122568434
0.9396177809857773
0.9431011577285124
0.9471680093853344
0.9486228491959531
0.9474934799638252
0.9548474740095858
0.9550450864062321
0.9578172247277355
0.9600124890655982
0.9613974957658317
0.9620631483191937
0.9664076650909008
0.9665146317223613
0.9683549500919165
0.9682501557188421
0.9702765624702169
0.9691511222381235
0.9739924707946434
0.9760001950719588
0.9758162210917642
0.9764853871284235
0.9766546602316485
0.9784796307804532
0.9795596376761374
0.9805048330592606
0.9616499353329723
0.9822297219311501
0.982040814347164
0.9818753545304516
0.9830880322385446
0.9826359237298937
0.9871596649676977
0.9859612095033705
0.9866043873349827
0.987871313645961
0.9869712780945593
0.9882401610159969
0.9893019009543589
0.9897561133452237
0.9887431361368743
0.9902302863185928
0.990706868237097
0.990304626996621
0.9902882745721135
0.9924302160152647
0.9928403731125706
0.9920852634874735
0.9930394424476497
0.9935582177239537
0.9933586171586155
0.9931492966574487
0.9940620975141832
0.9946517946599178
0.9945057641954508
0.9944417851373261
0.9948500540003449
0.9944993999517536
0.9948619830124977
0.9950880451563813
0.9955884640603688
0.9959751050142288
0.9957986629323599
0.9963195683894052
0.9959424685413857
0.9963010700050396
0.9967393928254841
0.9962816090945611
0.9970667674173782
0.9966917609321612
0.9968301122265474
0.9965487495386712
0.9973195646444952
0.997383328054693
0.9971320719212976
0.9971798826446087
0.9972516460669248
0.997418473407076
0.9976961543010779
0.9976379503996303
0.9977534114555291
0.9977956153327402
0.9976986474015014
0.9979403729484677
0.9971735394397336
0.9981938802358318
0.9980493856053808
0.9983892572576257
0.998157440995887
0.9983058278084334
0.9983952428025242
0.9981185402137519
0.9984688260829554
0.9984218674319413
0.9982194424047307
0.9984431850184735
0.9984022276914745
0.9986071037414642
0.998384008071502
0.9988078772211368
0.9983210914738951
0.9987638008887556
0.9988705729111111
0.9986447684927986
0.9987221860985647
0.9986118795540898
0.9986233351927444
0.998744939584708
0.9986421544191477
0.9990241668321371
0.9989272725367757
0.9990065888962398
0.9991039881233325
0.998744950104119
0.9991663366727415
0.9989570214312802
0.9989103152461317
0.9991811585229383
0.998994470534688
0.9992901238425019
0.9992398568367061
0.9992683854795267
0.9988850896983871
0.9991699974277936
0.9991169795960032
0.9991670519926943
0.9990392095899664
0.9993498372794378
0.9991619921559696
0.9992308469611252
0.9992250349865093
0.9994373587795362
0.9993159647757941
0.9992406352731253
0.9994403778505132
0.9986799296242985
0.9993761989235781
0.9992411402048568
0.9994149945116025
0.9993651745807773
0.9994018031701213
0.9993136505053587
0.9994460793713129
0.9993676782006117
0.999395081266448
0.999418245009623
0.9994948999580865
0.9994018347283546
0.999462742118447
0.9995155495620158
0.9995374299370405
0.9995198625205544
0.9995625082130302
0.9995379453881829
0.9995636127511923
0.999644822604649
0.9995093851871292
0.9995761624085985
0.9995607935490258
0.9993790076063337
0.999511762574031
0.9996168725294373
0.999064435137711
0.9995231971738634
0.9996959469424469
0.9995299716745921
0.9996503873731049
0.9995679151903198
0.9995268053318602
0.9995979375895122
0.999611518149203
0.9996128751532312
0.9996316838602233
0.9996473367438946
0.999692622808549
0.9995777823979031
