0.7839422747982687
0.8471633743081464
0.8704372726299191
0.9004114156833422
0.9193734422095202
0.9315259403348258
0.9404754039951281
0.9495837580862475
0.9565990469379975
0.9635638256377437
0.969485480688085
0.9719178434230138
0.9757982293888077
0.9785413424823612
0.9835110419177827
0.9858163029361803
0.988971728726612
0.9891975869570662
0.9914635983192094
0.9919148152583618
0.9936935590899588
0.9946153999198809
0.9950636622409887
0.9960064511002849
0.9963610584062519
0.9963497500839514
0.9965733551524436
0.9974891698369293
0.9975197894577442
0.9981364331230284
0.9985464448313931
0.9983344881851202
0.998219374990727
0.9979999786587301
0.9988071951878922
0.9988518014178681
0.9990033159316958
0.9989680943338546
0.9992835263804242
0.9994573493233011
0.9993092145524164
0.9993031884069801
0.9994411201803006
0.9995023169094407
0.9995319693711114
0.9996841747128994
0.9997319800077363
0.9995942501687427
0.9996912955549494
0.9996789244204027
0.9996441492037049
0.9997680518553748
0.9997148368462042
0.9998508980699713
0.9998977680900316
0.9996975661472024
0.9998454352150254
0.9998876076049573
0.9998909979760228
0.9999042512447339
0.9998511637730328
0.9999084068406169
0.9999166648917701
0.9999255606302714
0.9999196726504271
0.9998840578120548
0.9999015091891384
0.9998148687348227
0.9999223296810428
0.9999407907297604
0.9999190668474467
0.9999278775609682
0.9999574343695371
0.9999529705581027
0.9999369008369391
0.9999513869678557
0.9999604846406837
0.9999757466245403
0.9999268360049669
0.9999704006789414
0.9999774577522567
0.9999671591015904
0.9999557870105552
0.9999643532772602
0.99998148581067
0.9999650015927304
0.9999758635338873
0.9999504304368342
0.999962716546401
0.999957434369537
0.9999489743840568
0.9999769582305009
0.9999499627994458
0.9999833032196112
0.999979965989158
0.9999522691020201
0.9999879051966376
0.999967105960978
0.9999773408429096
0.9999797215423413
0.9999930917203993
0.9999792220205853
0.9999848549254907
0.9999697098509814
0.9999880114778621
0.9999854926128384
0.9999651716426899
0.9999846529911639
0.999954883620146
0.9999708151757175
0.9999912849395807
0.9999749813997229
0.9999902858960692
0.9999890530338635
0.9999898820274156
0.9999895631837417
0.999994143904523
0.999992602826766
0.9999891274307207
0.9999166967761376
0.9999741417780482
0.9999901264742322
0.9999771070242155
0.9999801572953622
0.9999704857039212
0.9999780741833595
0.9999948028481158
0.9999874056748818
0.9999966840257917
0.9999894994150069
0.9999955361885657
0.9999891061744758
0.9999949197574629
0.9999957274947701
0.9999909448396618
0.9999890530338634
0.9999938782014616
0.9999910617490089
0.9999930810922768
0.9999680731201221
0.999990859814682
0.9999945902856665
0.999992167073745
0.9999960357103214
0.9999924327768066
0.9999781910927066
0.9999933680515832
0.9999930598360318
0.9999971197788127
0.9999962163884032
0.9999948028481157
0.9999849718348378
0.9999930492079094
0.9999949728980752
0.9999909979802741
0.9999940801357883
0.9999898288868032
0.9999936868952571
0.9999944946325644
0.9999932086297464
0.9999909554677843
0.9999890317776184
0.9999890105213737
0.9999904559460285
0.9999918694863161
0.9999916250394993
0.9999975342755887
0.9999882878090461
0.999992719736113
0.9999934849609304
0.9999949728980752
0.9999936656390123
0.9999958656603619
0.9999837496007546
0.9999926134548884
0.9999885428839853
0.9999965139758322
0.9999957168666476
0.9999922414706023
0.9999947709637483
0.9999959081728519
0.9999959188009744
0.9999922095862348
0.9999973642256292
0.9999971091506903
0.9999958656603621
0.9999972154319148
0.9999913805926829
0.9999802210640969
0.9999980656817118
0.9999848017848784
0.9999969284726083
0.9999941332764005
0.9999962695290154
0.9999970985225677
0.9999953342542389
0.9999977574661604
0.9999983738972632
0.9999955574448106
0.9999984695503655
