0.7169376186855017
0.7657388306739188
0.7765575243385835
0.7925799381761315
0.8008103319757001
0.8098734844774402
0.815744082910147
0.8241838143049862
0.8236134525988366
0.8341974497117177
0.8388587180676926
0.8480961234415144
0.8514005426236693
0.8561055742444943
0.8628780589711201
0.8649368764983373
0.875360417257409
0.8772050423615945
0.8831241299976802
0.8832386641919935
0.891445095335069
0.8984446077041391
0.899549698614011
0.9081870870174173
0.9125385163990066
0.9142971884962064
0.920296063937652
0.9237108069325223
0.9203422868386909
0.9333288705436549
0.9327005033124534
0.9363725414378883
0.9405381716203094
0.9415349150190325
0.9432184178417067
0.9485548187387759
0.9512135726806381
0.9480987280780897
0.9550105689170727
0.9531740692049254
0.9607772557763857
0.962953346394109
0.9595818349960045
0.964288026619923
0.9685573750418891
0.9676640437707833
0.9720637314292098
0.9717180182850859
0.9758217547839385
0.9772286129800049
0.9792024549102502
0.9756565402692926
0.9791725848305965
0.9816483375437148
0.9820550206652403
0.9844416840667131
0.9829394693200663
0.9851445385335844
0.9835745065690545
0.9875398106617173
0.9883621722991262
0.9890300763024257
0.9886975635638732
0.9895951052165769
0.9904029614449343
0.9890635552805919
0.9901970071920192
0.9920852451902834
0.9912775554438515
0.9923931400854106
0.9929124455442991
0.993604032944088
0.9940350600194193
0.9942077501095559
0.9945068375737891
0.9949869392244306
0.9927548301239915
0.9953159719537029
0.9958262122032325
0.9959255750607929
0.9961720273846656
0.9946993229018981
0.9964383555022813
0.9967967481246617
0.9967852340198834
0.9973630337088305
0.9971572727897645
0.9968619123725071
0.9966008042688114
0.9978128893528901
0.9977932444856891
0.9974970033253422
0.9984733607437768
0.9980951460315005
0.99830641696526
0.9982232941510067
0.9970877370487803
0.998361463408347
0.9988269683533971
0.9985751617559868
0.9986436986054184
0.9967737521374131
0.9986724838673643
0.9989118795057527
0.9988894688904357
0.9977397608245475
0.9991640566597069
0.9976937419981268
0.9990783238384932
0.9993103244571616
0.9986322059821789
0.9985497168733191
0.9994075069385371
0.9994424466613392
0.9993879372567216
0.9986319374629443
0.9992297686867907
0.9995853418572079
0.9987193136218734
0.9995480391651415
0.9995588443791407
0.9991869989431083
0.9991637773997026
0.9992560943125478
0.9995731188616503
0.9993904291152185
0.9996095246994733
0.9995551280729341
0.9996961436341608
0.9997521567464921
0.999709139965114
0.9996461883157615
0.9996759563581059
0.9992699499050517
0.9998470084809116
0.9998042817003068
0.9998231639728817
0.9998019509533507
0.9996934154787376
0.999598982634324
0.999595330772734
0.9994601904123596
0.999364871454472
0.9997880631385387
0.9998243024944361
0.9999096271664132
0.9997812642315195
0.999897866023939
0.9998592099949305
0.9998182769228124
0.9996735987592263
0.9998736348482113
0.9997327589169867
0.9999057819709741
0.9999312375944114
0.9998173854389537
0.9998406714269756
0.9997273133469097
0.9999229027573702
0.99963576976946
0.9998198235936036
0.9993329337767123
0.9999577780355562
0.9997157777605925
0.9997791268184123
0.9998014031741123
0.9999195946004006
0.9996126663745177
0.9999275427697438
0.9996554468589693
0.9999332461182859
0.999788127583155
0.9998888115553493
0.9996876906486566
0.99983798623463
0.9994248532810901
0.9996620524321399
0.9999651354625835
0.9999584224817192
0.9998432814339356
0.9998857504360752
0.9993306889559114
0.9999415057699412
0.9996943177033658
0.9995160477835349
0.9995135129619604
0.9999346101959975
0.9998413051323692
0.9998645051942361
0.9998342752988081
0.9997490902568332
0.999923762018921
0.9998066339288015
0.9996360705110029
0.9999533206162623
0.9999694317703366
0.9999323331528883
0.9999598832263553
0.9999683254710902
0.9999064586394453
