0.7806581354372123
0.8440967258382643
0.8841082813938199
0.9112281499013806
0.9213202051282051
0.9361060092044708
0.9480833346482579
0.9563565075608152
0.8000524016842916
0.8543575423403432
0.8893607211005425
0.9108178712736059
0.9305929123909131
0.9447515958814883
0.9517101524432207
0.9636282629031271
0.9695877809716258
0.9736920211821556
0.9775624876155229
0.9813708888929824
0.9840599061902713
0.98612183100756
0.9884509838706768
0.9900600375946134
0.991666239635899
0.9933345994008019
0.9940682164115626
0.9949349174204513
0.9953296739088348
0.996142882726098
0.996813032628066
0.9967004120657542
0.9973089820457735
0.9975726536999393
0.9978140732712654
0.9982353937060986
0.9980980620445461
0.998294202568886
0.9984472304292371
0.99878792737552
0.9988456687235978
0.9990137268924535
0.9990838364808858
0.9990522649199806
0.9992012272662701
0.9991894771393278
0.9993065514028682
0.9993970557478488
0.9995141568858853
0.9994164979528097
0.999400241868674
0.9994390396829975
0.9996123712252153
0.9994923795858115
0.9996250918200755
0.9997198721960044
0.9997505359961497
0.9997289169569976
0.99975860730317
0.9997311564983462
0.9997711517207775
0.9997784406813534
0.9998264355454819
0.9998807966791508
0.9998635970015933
0.9998581534230887
0.9998743796466733
0.999877305980702
0.9998584729309876
0.9998996745196921
0.999852459015953
0.9998444743045314
0.9999161336555769
0.999912093522984
0.9999236615005633
0.9999215384153649
0.9999217802858306
0.9999474364715203
0.9999170563466125
0.9999095822506184
0.9998971722054919
0.9999225357577787
0.9999459583742303
0.9999495058077265
0.9999274388603047
0.99994197796274
0.9999588312579022
0.9999348592073064
0.9999576995430072
0.9999476216069384
0.9999532234463653
0.9999437128607713
0.999972862730965
0.9999442593088603
0.9999642688642966
0.9999565917165535
0.9999687270446079
0.9999559347844247
0.9999347427511563
0.999959192570573
0.9999698020244552
0.9999678162977927
0.9999586849412007
0.9999717071276292
0.9999543685985081
0.999971321926517
0.9999676938695324
0.999947702230427
0.9999749947743288
0.9999733643882271
0.9999721401056231
0.9999809609124815
0.9999835080175087
0.9999768521006206
0.9999701215323542
0.9999772104272364
0.9999339305441606
0.9999623577890123
0.9999782047835952
0.9999673355429167
0.9999791692794026
0.9999854967302263
0.9999799605840125
0.9999841619635825
0.9999803129385181
0.99997933649849
0.9999721401056233
0.9999853324971941
0.999970091671803
0.9999890143031711
0.9999839828002747
0.9999779181223026
0.9999852249992094
0.9999815670816733
0.9999877004389134
0.9999834871151229
0.999967887963116
0.9999755322642525
0.9999823912328896
0.9999703126398827
0.999980178566037
0.9999888888888557
0.9999835647525563
0.9999859535966613
0.9999894293648345
0.9999893547134562
0.9999802860640219
0.9999868404550355
0.9999802293289743
0.999976383289965
0.9999818686732415
0.9999885663949015
0.9999797724625392
0.999985490758116
0.999986037206205
0.9999701125741889
0.9999895517930948
0.999990122129625
0.9999888650004146
0.9999882648033332
0.9999886261160041
0.9999878706440558
0.9999859744990474
0.9999837110692578
0.9999834811430126
0.9999869807996268
0.9999907014243206
0.999987646689921
0.9999868852458625
0.9999869658693511
0.9999852429155401
0.999984854728373
0.9999889456239033
0.9999833407984213
0.9999882797336088
0.9999844336945996
0.9999907850338642
0.9999754904594806
0.9999879333512135
0.9999893845740075
0.9999916032129702
0.9999846337602933
0.9999902774044919
0.9999933888739388
0.9999827047686783
0.9999879751559855
0.9999895338767641
0.999993233599072
0.9999916569619626
0.9999919048045386
0.9999853504135249
0.9999873182238566
0.9999932455432926
0.9999918331392154
0.9999827764340015
0.9999866642777828
0.999981674579658
0.9999925408342815
0.999989483113827
0.999985669921424
0.9999902117112789
0.9999859535966614
0.9999914300217726
0.9999867090686096
0.9999930245752129
0.9999859058197793
0.9999847382722229
0.9999914001612213
