0.6805123682304658
0.7518586363900059
0.7724153551625211
0.7917548339044205
0.813076211774437
0.8199882356683964
0.8267105750606799
0.8394996580963057
0.8429266851435641
0.8504330712757855
0.8545615342437041
0.8596359135490801
0.8633839984579713
0.8743096431064393
0.8744999998128606
0.8807262416231725
0.8859654832594446
0.8860518009360714
0.892912767211679
0.8947171054773833
0.9023178068758761
0.9041085752889901
0.9080955234382749
0.9109746212766275
0.9162109719833595
0.9158859288009417
0.9132024859598662
0.9246477852987026
0.9254565149777023
0.9261480998800437
0.9282464715800742
0.9313945291666121
0.9351739472004882
0.937927362213934
0.9389985406869141
0.9405928426662874
0.9425331085165272
0.9421338009323286
0.9435763074026735
0.9455127062042328
0.9478501372667543
0.949405557666072
0.9518340313009369
0.9544480364397852
0.9568186690271183
0.9574529248953423
0.9560134815227908
0.9592315337384276
0.9596102799418372
0.960876108847764
0.9634214502929666
0.9630708019484955
0.9638427699626282
0.9640657323419937
0.9649976536461307
0.9677429333353296
0.9680729020269068
0.9701029962890255
0.9702911342706522
0.9701714997913398
0.9716637119849689
0.9717991170762837
0.972758212519252
0.9735213056342061
0.9752786674177194
0.9764803733805424
0.976311037669291
0.9769535471338664
0.9768818128568515
0.9782064319813759
0.9779158104726955
0.979694510639811
0.9811016372826611
0.9802100602401747
0.9815828580304325
0.9826625176612814
0.9833037830230875
0.983725084727366
0.9846248315277499
0.9836910642805144
0.9841478700728534
0.9849783872700292
0.9857879418595294
0.9855436171427181
0.9846018223635332
0.9864557435890718
0.9857168633189921
0.9869351857639312
0.9863924994526172
0.988250784769098
0.9874308626565187
0.9877554851495527
0.988900642075301
0.9892437180108579
0.9893640217006855
0.988241773632432
0.9902319862415109
0.9906096111056008
0.9903197456401197
0.9901214691940469
0.9912038281236842
0.9913581627401697
0.9911012862091356
0.9917838465007738
0.9918282868697378
0.9922741876746246
0.992154620565498
0.9922086035470403
0.9926625663175269
0.9922965650562072
0.9918982979671046
0.9933933397085489
0.9924345137463251
0.9935911580373565
0.9940665999202788
0.9935473868789076
0.9928649837843705
0.99418583167559
0.9940624050033592
0.9945567195210729
0.9950393056379487
0.9947711169041153
0.9946730229189632
0.9947342758921404
0.9946764558042223
0.9949594300482258
0.9954324046852223
0.9956976979981699
0.9951891863365776
0.9956751005406458
0.9955628438452657
0.9960138063967993
0.9959874916021192
0.9957930058518493
0.9957860697169143
0.9965841174786335
0.9963549061402309
0.9961793454237865
0.9965725028585545
0.9967181467210371
0.9963346097488404
0.9967817262113067
0.9968148873140066
0.9968884420831611
0.9969549110058556
0.9969574905354245
0.9968353124573087
0.9972193629400349
0.9971596280417173
0.9968698404262285
0.9976828713173305
0.9974267942458375
0.9972141320193652
0.9971715031598489
0.9975824897400822
0.997671575582799
0.99734689170804
0.9976102926673166
0.9975634599081895
0.9976802049550773
0.9980114836224949
0.9979226148614887
0.9970505122941233
0.997770033366956
0.9977957852463035
0.9981437567487149
0.9976481666888114
0.9980768042577957
0.9979138687142213
0.9980388389122709
0.9982456878402428
0.9981899816790522
0.9981279232578725
0.9978835566218344
0.9981644573612222
0.9983519276294489
0.9982709741167488
0.9982897883640459
0.9982642146414128
0.9981481462906164
0.9980184931160769
0.9981700940001237
0.9983280276816608
0.9985514796177116
0.9983536553004428
0.9984842965710445
0.9985186014697929
0.9986768270888033
0.9984751402141998
0.9983994011539016
0.998560164383254
0.9986528657592902
0.9987482814052673
0.9984526355778209
0.9986999530280092
0.9984877698784155
0.9989282361549588
0.9987990530746068
0.9985332911645871
0.9987424770894585
