0.5308334022394448
0.5425025714468485
0.5531453400914197
0.6187560562948375
0.6761082317377249
0.7102058243440473
0.7425999786684605
0.7540924654496906
0.7712216041597044
0.7862161767482092
0.7958508144160437
0.8029541972826402
0.8070535203408027
0.8143242528244748
0.817408550820788
0.8237378420490168
0.8260555625949682
0.8301456987505959
0.8357491569362447
0.8388339812383753
0.8447001494020676
0.8445571505482055
0.8503534867885463
0.8538039216724377
0.8562177946435575
0.8580483019091937
0.8592794979663647
0.8604297367247383
0.8641735323868486
0.8668272965917122
0.8705873295699307
0.8715947935452354
0.8764843830264893
0.8764389070773
0.8754953762314333
0.8735118703014049
0.8822562694955921
0.8860944250165224
0.8853512812024051
0.8865899758147364
0.8913507558554024
0.8924416054315928
0.8947095822613803
0.8976819021813638
0.8967743633580761
0.9016028440440805
0.9017865143524431
0.904367841159612
0.9035920090643826
0.9081976539516948
0.9099404088414459
0.9114157170007973
0.9102892610122301
0.9122332418964694
0.9133682282080366
0.9131956259546851
0.9177934075204286
0.9174501206428417
0.9177479784697774
0.920895136140099
0.9210323352080729
0.9231226707971285
0.9248949248673954
0.9267944511483878
0.9284563633802123
0.9276052122326646
0.928937729976101
0.9318954123412232
0.9321521766268147
0.9301412558957455
0.9345064259230605
0.9348696603122204
0.9353667587621946
0.934444003968742
0.9380567182166366
0.9377730602248724
0.9411323035067454
0.9397370719958635
0.941837876380831
0.9405639609663258
0.9410119253811325
0.9450113441310721
0.9440565472141444
0.9442765013582131
0.9446540919110048
0.9471086519694707
0.9454161254141114
0.9491113237687689
0.9473762237626389
0.9504760034875003
0.9503190288692603
0.9511852083928207
0.9523427529012529
0.9525840250363989
0.954759882715302
0.9547886575739505
0.9544768656702263
0.9554527773512328
0.9544110982868504
0.957991525496682
0.9592548887400967
0.9584899058400331
0.9590201771893472
0.9598368631222809
0.9613938841679892
0.9614999061299704
0.9617346854230528
0.9621811490846375
0.9624986678209683
0.9580947491792182
0.9653393331223803
0.9642790874478273
0.9649063032865097
0.9618515044707125
0.9646044121852907
0.9624129216603277
0.9672935587317377
0.9670718901855513
0.9675875760894909
0.966016740818814
0.9677809596062056
0.969603561862684
0.970319858869167
0.9690606070642664
0.9684465592929152
0.9689930888021319
0.9650447373493225
0.970609024833693
0.9660906998135252
0.972134946937639
0.9720509203900649
0.9723272517879755
0.9729650145868004
0.9739843022046755
0.9742101186660164
0.9744814788188798
0.9745463394971839
0.9751448951180894
0.9740841439815139
0.9752905619776793
0.976174140858905
0.9755086037035797
0.9737766458995075
0.9767084663262973
0.9780431778791309
0.9778253341692806
0.9782230441949521
0.9774619538735576
0.9759932115095515
0.9770731441482432
0.9771219498936435
0.9787578647024697
0.9786829781588924
0.9791210261383478
0.9804057646932754
0.9793503287243605
0.978710200154832
0.980876855298354
0.9808787833493682
0.9810012823310967
0.98094289886201
0.9807998270548661
0.9810318966546313
0.9812642424346768
0.9828014462425297
0.9821277852182019
0.9816062422079381
0.9830005722246973
0.9823751176866706
0.9825669691844713
0.9831115341660331
0.9830199673757092
0.9822100035665816
0.9839974423413218
0.9849069925908023
0.9843323969119583
0.9837640856372312
0.9838424947821207
0.9853583545441525
0.9825572194994784
0.9851859398849535
0.9841732597500132
0.9852026878740329
0.985645019253309
0.9848372700973732
0.9854473054382358
0.9843416307130313
0.9857627450060403
0.9868775128367031
0.9857985963330054
0.9847377878759942
0.9853822102672407
0.9861217793705587
0.9865876694488477
0.9869085596689788
0.9875375941287531
0.9874987412953447
0.9877637180360669
0.9875679739595971
0.9873074265252588
