0.5427975898212607
0.5589338469053695
0.5705741145452297
0.6083966598235034
0.6362520200878707
0.6649789229873647
0.6946563076740682
0.7279525700418548
0.7416748367717713
0.7504184778798573
0.756104324481023
0.7588194103901978
0.7644593958695384
0.7687105185248043
0.7705781450397545
0.774673487527465
0.7774861562161915
0.7765857771541391
0.7789709958387088
0.7829220979102185
0.7853587403689216
0.7875760692703169
0.7903612484840153
0.7907558082540928
0.7939241370011196
0.7935510118982607
0.796289980300699
0.7976451434244094
0.7951711036233536
0.7969212668668003
0.8002648742052482
0.8030133554554642
0.8042422677416845
0.805267194524164
0.8067932651213578
0.8071479861987683
0.8048156612791052
0.8097074020278024
0.8102533319931162
0.8102565051009524
0.8126308445586556
0.8132978836316189
0.8119683903027286
0.8125458570744938
0.8157816111251699
0.8140772636734366
0.8174604895297221
0.8175494531122742
0.8189533914364348
0.8181522917952666
0.8202765838797653
0.8202217992016176
0.8181560930489395
0.822639590809483
0.8235404879299576
0.8248116867348899
0.8262462358360723
0.8263848099882803
0.8266606760981017
0.8257425600108191
0.8281196322266998
0.8285730045791573
0.8297077079413007
0.8304464657270875
0.8321198591880945
0.8298024284480696
0.830350307608197
0.830664095594523
0.8310796820608115
0.8324230658311473
0.8336395576666955
0.8349802734361568
0.835201089362889
0.8340280950076148
0.8369678887574186
0.8351288849702949
0.8370032656719246
0.8386800329884063
0.8395683283377607
0.837982687497744
0.8395512324098281
0.8376155912997734
0.8385653607566523
0.8404285060662504
0.8413909679544731
0.8417530713643996
0.8408722360563248
0.8408384910258488
0.8419857249260791
0.8398293002679438
0.8428710673424273
0.8445653903636912
0.8443996375715084
0.8433656900967524
0.8450583359038744
0.8452770018881546
0.844306400006973
0.8450859548935081
0.843700090332552
0.8461419198512075
0.8461804245434374
0.8477691025009543
0.8485334523727976
0.8478919535800485
0.847949768899966
0.8483676931048846
0.8491570651985202
0.8484367502925636
0.8502927010658237
0.8506645698770086
0.8501304322165302
0.8504238087010217
0.8507671065902224
0.8492325592620951
0.851874715496885
0.8464105784732296
0.8499054912496113
0.8527754960542145
0.8520455258344144
0.8520608215093297
0.8533437802404463
0.8541585112938486
0.8531830590906891
0.8548062656420456
0.8548545551627248
0.8529114410599299
0.8553644930191563
0.8542370748535751
0.8548313072910286
0.855753295865017
0.8562305183320866
0.855057750627372
0.8564585935524599
0.8569520053452233
0.8561010037265367
0.8550621800268818
0.8568985676189733
0.8578646623918817
0.8573246123896598
0.8583883287965015
0.8567279321261613
0.8587319763751372
0.8575281186893604
0.8579661111824088
0.8579107631157272
0.8589937124414929
0.8599736264228135
0.8600707753284363
0.8604642601272878
0.8582553755781742
0.8591237192025437
0.8580397272842035
0.8587440147577231
0.859179028414844
0.8612986838764637
0.8599947114005971
0.8619767899724715
0.8591510014542031
0.861696921861339
0.8613661415587647
0.8611724524661647
0.860024978963914
0.861443720807489
0.8635371366100244
0.8636847638331604
0.8640858964694694
0.8630071045625418
0.8631535402513069
0.8636431378389366
0.8631447008794779
0.8632548983816102
0.8651322255405158
0.8632177665441989
0.8652309221456752
0.8652459264127282
0.8654813451112361
0.8635502434881059
0.8646646519115597
0.8658461942308004
0.8662126234285524
0.8664168355828531
0.8650112524232021
0.8657542259093994
0.8640396468038276
0.8667361279399152
0.8664818842934905
0.8662012844248366
0.866304585274223
0.8672849719838538
0.8669331131792261
0.8664838140611132
0.8676464083935619
0.8667257214413592
0.8666937572367097
0.8677968525593686
0.8663536195038841
0.868317663166936
0.868748480550837
0.8685951093549449
0.8662821274416207
0.8691968083094084
0.8677828261275875
0.8694743581091019
0.8681190719465159
0.8670277235985806
0.8700059508075813
0.8698047174892081
0.8697134161680258
0.8699147660495438
0.8700348196131583
0.8706489131153728
0.8702255881514028
0.8697221195495186
0.8713802043841498
0.8707616361523134
0.8714130751910383
0.8690895054587104
0.8684800744822955
0.8695854881163938
0.871233982394484
0.8717672328799143
0.8708042982633815
0.8707296719476636
0.8713667801952846
0.8711082819940674
0.870028207892545
0.8715868514130347
0.8733358749279526
0.8719145816466483
0.8723269172963376
0.8730576516523104
0.87312461717911
0.8729422411873051
0.8730303370220001
0.8729356747968035
0.8728898266264389
0.8739825802078449
0.872385127635802
0.8730049068292003
0.8740512812303588
0.8737340352040646
0.8718990657969037
0.8740945326328821
0.8718452524782977
0.8736004732670911
0.8752212967497054
0.8753105323129292
0.8691817910908948
0.8748284077180396
0.8755526339650835
0.8754159960562286
0.8749017194605111
0.8751358365372334
0.8742803666646553
0.8755030233954276
0.8749674481228278
0.8748027703018709
0.8748032300787207
0.8753627007960446
0.8751396377909062
0.8765119939785033
0.8758987811756063
0.8766188888581938
0.8756337424868091
0.8765630810146626
0.8764422503634148
0.8756189389673947
0.8763387422906593
0.8750136265554364
0.8767958770424082
0.8767001204187947
0.8761849307451083
0.8772977396631836
0.8763537206547911
0.8775735928215441
0.8778972757237344
0.8756080273618772
0.8774570491037401
0.8773307335089475
0.8776530500320491
0.8780802539584553
0.8774025687849155
0.8768944570844224
0.8741052499664914
0.8782136928565532
0.8790058559899384
0.8778695466466863
0.8789656028505337
0.8770151582210646
0.8783631850900092
0.8780434264803672
0.8778722858805936
0.877431722522625
0.8790858765889774
0.8786298491871062
0.8770062864705844
0.8797049045976636
0.8789935650538717
0.8781120368426572
0.877647772311873
0.8800009490830294
0.8796309323307038
0.8785853868230208
0.8802361411309778
0.8783669474893003
0.8793408455171933
0.880179860559136
0.8791170119001517
0.8777447657999691
0.878493301938475
0.8795651389110846
0.8793046138062905
0.8793589387075886
0.8790642994556929
0.8796021930397322
0.8793799718795299
0.8802299114784509
0.8801097607788821
0.8792755183501539
0.8784237396438341
0.8800741766410075
0.879269217464594
0.8807491290563699
0.8812647914583668
0.8808507073615026
0.8812215983374159
0.8801403845073644
0.8810838660301439
0.8814327654260345
0.881499005671043
0.8812376063426618
0.8783721539764436
0.8810005169057422
0.8821202030493722
0.8807269432044393
0.8814387878551927
0.8809091378757966
0.87887684001562
0.8796858400477265
0.8819315974050401
0.8824570252082954
0.878061811078625
0.8792778884674353
0.8823459016767337
0.8809651917970784
0.8824550047804488
0.8825521795889928
0.8824446241848141
0.882877047549824
0.8818137779683716
0.8802134307448946
0.8810220357574543
0.8829886308582354
0.8814409766520265
0.8834346662082886
0.881570135092411
0.8802266541861211
0.8830750624302491
0.8821768333106488
0.8805140017657245
0.8833316049609223
0.8834953567524493
0.8836840336298142
0.8818882229636416
0.8815917381286167
0.884004951395176
0.8834511145631934
0.8826443875124141
0.8835883611906945
0.8832817936436276
0.8846633842226006
0.8820629705451797
0.8830849962004947
0.8845468728834481
0.8827757671282839
0.8844056890119382
0.883983056951108
0.8848472625838301
0.8831488922311429
0.883942434695077
0.8843597696085405
0.8813778253303604
0.8834119169678238
0.8820942288952291
0.883509072349177
0.8817795602095853
0.8844780617735194
0.883547110788827
0.8831510162706737
0.884255490923882
0.8851564722288502
0.8835894167347299
0.8856475203800621
0.8854202675774341
0.8848212754782265
0.8866906051102397
0.8844310026415929
0.8863024433616764
0.8834631658972399
0.8853587546155284
0.8854683045446325
0.8852868092521452
0.8863478058522702
0.8863804435328687
0.8859987769417739
0.8859960118049455
0.8864367759105528
0.8869542450412969
0.8851306081621219
0.8862639645723676
0.8851721434961217
0.8865059690885677
0.8862603640663334
0.8848409034166976
0.8860540926298043
0.8876170684138498
0.886511499362225
0.8862716383127465
0.8865770531798239
0.8880095689016989
0.8862288207841517
0.8867615467354296
0.8870472559552727
0.887151463406898
0.8856114635138771
0.8859206602074365
0.8875016190944627
0.8876769106373439
0.8871025198374609
0.8860783183367724
0.8872841964503958
0.885731691922209
0.8887114150249039
0.8883624184930589
0.8858049777617594
0.8874004228574163
0.8874739806776383
0.8870831509282007
0.8870899633964527
0.8884514662601047
0.8890325335379042
0.8888512325173252
0.8882940671599802
0.8887606953323157
0.8872080289108719
0.8869620482962813
0.8872107875719701
0.8887553787577578
0.8865195292677688
0.8862332696108524
0.8880720596988767
0.8867564827143526
0.8862490444898082
0.8892111277032273
0.8884953976143073
0.8886480176254874
0.8873504366954043
0.8895387867038078
0.8876526136973429
0.8882170318725989
0.8880688412609288
0.8882775540477724
0.8895568151369003
0.8897272952121857
0.888895494133772
0.8897836470170606
0.8900970658867606
0.8896678221053171
0.8885322509953164
0.8897671792349646
0.8881465305970679
0.8904757406904675
0.8884540565522157
0.8889558608914188
0.8889471186555441
0.8901181961946563
0.886639783579022
0.8893320619661593
0.8901203655642991
0.8905349223894734
0.8898709204340102
0.8893937109184011
0.8899817072275975
0.8897951543897635
0.8901088840945172
0.890262384805015
0.8905305188928847
0.8908216418232399
0.8884380938770818
0.8883562859764863
0.89058874865954
0.891393371097979
0.8911328395174549
0.891563371969224
0.8906294162456826
0.8907218767225848
0.888783476951432
0.8914146892020525
0.8881533106866685
0.8904815753234474
