0.5512455845935712
0.5990338381416236
0.6377871367230649
0.6609156080176064
0.6898695887155087
0.7168655090569794
0.7434997793092699
0.7477109926905907
0.7648973628922228
0.7712670156628019
0.7773789072637941
0.7824177299850825
0.7880427011730354
0.7884301070038044
0.794043075825158
0.7943360545489415
0.799320385889139
0.80174818767448
0.8039863265983396
0.8064481807213848
0.8077265187228004
0.8098325934102487
0.8117716664684312
0.8121302220482391
0.8114356384074711
0.8154871916601572
0.81833066373533
0.8075591477899473
0.8174955855486667
0.8185264201060078
0.8216834563963255
0.8224371859168496
0.8220726960104261
0.8252678597125187
0.8250080673731994
0.8254562300114433
0.8263094040739024
0.8279591150365394
0.8256703051135301
0.8280636916248824
0.8281722859815669
0.8303012129203279
0.8312751110521357
0.8311630719844006
0.832975594890774
0.8336973223452357
0.8320328710756082
0.8338845019584551
0.8353081290851024
0.8304116474276475
0.8364404648233238
0.8341415499900797
0.8364714735900818
0.8365425645307081
0.8385123980308222
0.8394532371242304
0.8393577721468178
0.8351878507269804
0.8374178267680918
0.8375545900742911
0.8404663705785764
0.8409402061834664
0.8399574702347675
0.8423862398502002
0.8418163343740903
0.8426200217558016
0.8426694192943041
0.8425850843629474
0.8442060724206881
0.8442272309693404
0.8428276595143174
0.8454718095290004
0.845425468296051
0.844102457295134
0.8455198317300039
0.8465293230868992
0.8470673793122243
0.8456180537497177
0.8459028759580562
0.847936777263328
0.8476118728811207
0.8470272334653233
0.8496247047799854
0.8468830713527641
0.8494670312499603
0.850219882082638
0.8424705365777375
0.8486200080024268
0.8495500417822439
0.8502287772052581
0.8517135304429682
0.8516737984707775
0.8492185727104007
0.8526692881278575
0.8529366957618466
0.8534064244561494
0.8521025790379718
0.8535926044027609
0.8539658111473142
0.8511015752962897
0.8547521667296181
0.8547062139021661
0.8553245236174737
0.8547785655688331
0.8555831061691782
0.8546989806456904
0.8561405189963399
0.8568693205246962
0.8523716994765314
0.8582905981164498
0.8580993752656758
0.8563814895872944
0.8584135762111439
0.8549036639755047
0.859465480174892
0.8589107097785733
0.8607189665917786
0.8608237278319154
0.8595599391183935
0.860757476041748
0.8609831523703306
0.8609350410270818
0.860721137842182
0.8625564556941393
0.8627575096611091
0.8630594853843648
0.8630763714725458
0.8613187156181543
0.8618533971727647
0.8633624671415315
0.864361726242127
0.864005405585755
0.8594629205189913
0.8648436101183071
0.8631896266951988
0.8644622977967347
0.86405549716031
0.8651369708802849
0.8655003146721258
0.8663207480613473
0.866516045986192
0.8635942879177365
0.8655787152768668
0.8676811351322578
0.865867332397934
0.8599892227025432
0.8671672555573186
0.866232484503894
0.8691826025409615
0.8680468793974188
0.8694610701806711
0.8684735014488162
0.8674202348821757
0.8692739797096968
0.86772793481104
0.8679005524017596
0.8701679618185936
0.8678608650006914
0.868926554175945
0.8695273601746577
0.869208498363221
0.8692959660077696
0.8713461739766278
0.8715701247660335
0.8693683240417401
0.8687506510567559
0.8724907349370619
0.8718247468551252
0.8710261342140927
0.8729270925951065
0.8730838173969496
0.8678845768379413
0.8720804513857671
0.8720197391494149
0.8736903539685745
0.8741351228341936
0.8715323793924523
0.8738423223949008
0.8730258749375049
0.8741123533578228
0.8740658656768991
0.8741314297983169
0.8725864355046942
0.8747243467083207
0.8756774046566381
0.8759633857141658
0.8735687066402569
0.8752852933887783
0.8767752041421091
0.8748112158263652
0.8757134499602554
0.8750839083220399
0.8768880582246583
0.8771723837833446
0.8772068563630626
0.8737720719383012
0.8775335117536598
0.8773011943278025
0.8758355366324962
0.8787069038631448
0.8777394876460309
0.8787671958574834
0.8768139873861176
0.8765289359548624
0.8789125613903541
0.878938247091607
0.8754381341356475
0.8792164282026708
0.8752424796418214
0.8791489156864627
0.8801981772193681
0.8785710447140049
0.8801818387192653
0.8790288474493475
0.8806700835313775
0.8797201582962524
0.879045179582147
0.8792728998150681
0.8801216294998686
0.8807586527193861
0.8815246902370649
0.8791454136696831
0.8812780527462307
0.8814632139243244
0.8814754773503563
0.8821735630079038
0.8808270630253504
0.8809527790604356
0.8817121627462331
0.8792129070839816
0.8819580297933759
0.8827831176812624
0.8810713382466842
0.8819070213271547
0.8822751979021519
0.8831287667374117
0.8810465312332779
0.8833935765116806
0.883285141337577
0.883857077983419
0.8839903074363225
0.8830671885478193
0.8838041083878013
0.8837664903602851
0.8815920117341758
0.8841985564559489
0.8824215057959015
0.884133017803744
0.8824951245559125
0.8846950023546287
0.8824180929213671
0.8853062443633448
0.8832489814225014
0.8828500189363598
0.8851759820737491
0.8843545681198295
0.8856438960866299
0.8866691719882465
0.8852300150090073
0.8849659565765201
0.8861172859802935
0.8831513833985047
0.8863234401571554
0.8847964143932634
0.885161572866527
0.8859687558977146
0.8857828306432325
0.884823927510545
0.8864596940790958
0.8855278265159466
0.8857913182584458
0.886248891770872
0.8859402049100058
0.8857497843394395
0.8869107220037954
0.8878088301251887
0.8869411131421393
0.8879638039186422
0.888435748434471
0.8883772010812191
0.8866628428888302
0.8877094747254993
0.8881373511356341
0.8867417656124365
0.8885269282168061
0.8890633862490191
0.8891295043258184
0.8881310984438564
0.888814781261485
0.8896382964254723
0.8877698813312962
0.8896901390084173
0.88858906036178
0.8883031875484074
0.8900282937486582
0.8902995344991951
0.8888376271454945
0.8903140837870887
0.8876781730627925
0.8891271102198018
0.8906725438573478
0.8896903427621208
0.8906497552790674
0.8908554637447026
0.8886435199063547
0.8888944935306925
0.8896926477258923
0.8895753174291683
0.8889898884677696
0.8906000202734935
0.8899526119823986
0.8899881924728796
0.8904619835066472
0.8908006985695726
0.8916684664910479
0.8920964002069117
0.8909799126864443
0.8902858002261157
0.8913485286053644
0.8893729072266088
0.8921864402419678
0.8920979219923852
0.8925680454594889
0.8905463630091262
0.8918877691490916
0.8914284891993982
0.8895841170422398
0.8920171845873567
0.8920969286930804
0.8917095483315246
0.887929191258253
0.8916861102883141
0.8923533208924718
0.8931207273803463
0.8909165198154297
0.8927114434956597
0.8927986628153821
0.89164877242214
0.89242451370995
0.8936307674714343
0.8925780866966915
0.8922786324255172
0.8938388318392669
0.8934042442915217
0.8935457830751476
0.892023647400141
0.892681141499561
0.8945763629403595
0.8945381654882487
0.8936613177923592
0.8920666903700143
0.8940228214335653
0.8902982928750641
0.8936464055681812
0.893728964021935
0.8936563640304419
0.8944585805651057
0.8935302404879493
0.893995505702684
0.8928892058673936
0.8950006863952888
0.8948042168866486
0.8924404319680391
0.8937606986612618
0.8941872315704138
0.8939437267927716
0.8934192965963708
0.8950299632555665
0.893234944065788
0.894777079440258
0.8956655347299461
0.89612215951419
0.8949772101482587
0.8942920564835829
0.8935888324123241
0.8930323746806479
0.8949607060982718
0.8911586046844504
0.897101979238007
0.8956596640763627
0.8950767056286196
0.8953367781292813
0.8939361879057405
0.895766169957586
0.8955837658217934
0.8955660519841917
0.8949829025173516
0.8967559163071475
0.8957369758722505
0.8952290815623528
0.8957202999050763
0.8968179720444824
0.8956320108784102
0.897134668972819
0.8978269221806027
0.8970475515299484
0.8954255319690835
0.8957271001849321
0.8965819424808389
0.8966458765726283
0.897860834437636
0.8971729109960527
0.8943706863112404
0.8970041201545778
0.8951260076575734
0.8972112548961377
0.8974320220339256
0.8983428201906676
0.8978336715220324
0.89735674140777
0.8959607929482881
0.8936775798848231
0.8973098207502264
0.8991758863095086
0.8964010219267002
0.8977244340677211
0.8982340921206151
0.897415498882029
0.8979570443895272
0.8986466105953453
0.8961629930298405
0.8983872958037689
0.8980493193480188
0.8975316830641704
0.897062642038617
0.8973995042163008
0.8969570466817564
0.8989382585527527
0.898844226218568
0.8976258682136328
0.8989991490735957
0.8999295585243037
0.8989002075486163
0.8951241420377255
0.8997848679255759
0.8982852279329008
0.8984022080279468
0.8991189435166719
0.8985819633655936
0.8990891572721352
0.8995988726307583
0.8988650345655423
0.8944086036020089
0.8962693588303925
0.8999583132657161
0.8992034949363384
0.8980462630424656
0.8984851357852883
0.8972236647701443
0.9000993044612638
0.8995047320524185
0.8996551277548455
0.8984720127733197
0.9003994018300648
0.8981939590083204
0.8991374978383005
0.9000271374463906
0.8981507313866537
0.9002717883386151
0.8998611609529459
0.9000871683812965
0.8997835371591996
0.8994593268130451
0.9012583892403782
0.8990189450193553
0.9002730108608364
0.9012805156191224
0.9003436433556299
0.8990871706735256
0.899054245348494
0.9004416934581562
0.9010230919166065
0.9004133589587575
0.900098852382734
0.9006832562083117
0.8988091041739201
0.8999857245061456
0.8988368019429953
0.9001763488304154
0.9023055813997318
0.8973535386542425
0.8995167980920503
0.9015838794144833
0.9005055766115199
0.9007246118428274
0.9007619879128209
0.9006917310889182
0.9010095231934114
0.9018531908721397
0.9017791327682054
0.9010944630185755
0.9016960012571603
0.9013710395692239
0.9028935636497281
0.9007905962062589
0.9004431643052038
0.9010142095285929
0.9024176204674671
0.8997083074714699
0.9016647887366991
