0.5490501016760887
0.6057112586619207
0.6569077217112937
0.690327683478841
0.7154096503586149
0.7316380959389543
0.7548804179343069
0.7757335710496209
0.7880893421278414
0.7913112834458356
0.7842413077794281
0.8049442563309557
0.8092706852536187
0.8120860996519826
0.8157923932160819
0.8150149235146964
0.8220854560939077
0.8224326070426234
0.8192074537624116
0.8257998248936631
0.8317143878124996
0.8319265845422326
0.8291388668422651
0.8348398083707075
0.8217006617250887
0.8348433829738208
0.8368245678949171
0.8325370386840312
0.8391874776886807
0.8426275086509605
0.8410681009942979
0.8450980645091268
0.8437293412062153
0.8472898596060381
0.8402095098197262
0.8479549106298063
0.8491281316356404
0.8504996006481894
0.8483650380554708
0.8538993590438733
0.8521522976752296
0.8517850331082719
0.8545036418147177
0.8568013474803173
0.8517297951290049
0.8550481406436401
0.8566122496804843
0.8561231118697039
0.8562474458910319
0.8604882397565053

0.557699445893701
0.6047525128478541
0.5603067155911877
0.5964026137668537
0.6427727493035233
0.6872365185147767
0.708386423742851
0.7299764805056517
0.7391959642572382
0.7457126964429214
0.7594041896218592
0.7651328843800611
0.5563193571429297
0.5947244941754458
0.6518175224159851
0.6924330957548381
0.7093364531047548
0.5418729370518751
0.5790858805301233
0.622769803550064
0.5447060133992913
0.5529926187629113
0.5641115846225958
0.5865318478550549
0.5462093409609869
