0.5425455532382939
0.5504774638364331
0.5675146384278174
0.6129996730438978
0.6652914956495792
0.699042158291194
0.7200160557666485
0.7236848397121516
0.7422822932637521
0.7519858488320049
0.7556230799264825
0.7632559494900437
0.7668919743387075
0.774718668558568
0.7770225218790769
0.7813104400575188
0.7816073225469563
0.7860439136962862
0.7898343951470825
0.7919873026756437
0.7943734664012926
0.7968365124259191
0.7963335142702055
0.7993420183031931
0.8010779393512302
0.8022909274443144
0.8042470391426766
0.8054134978906569
0.805178883079863
0.805461741374549
0.8059892834582432
0.8105066359391417
0.8038308525935872
0.8107459487599475
0.8093710380380094
0.8121899519723705
0.8138287194430953
0.8071682935113498
0.8157896688220375
0.8158451751754612
0.8144521644176532
0.8162775508131048
0.8177175861116666
0.8182005097975728
0.8180035362048332
0.8200114656838936
0.8207983760122148
0.8177857453488114
0.8226622479977906
0.8178179775066899
0.8223382757668392
0.8240773520999787
0.8239215813247753
0.8253800975789375
0.8250589505026553
0.8257584334041209
0.827109435064296
0.8230321591482634
0.8273070308259293
0.8261389214257826
0.8280972932478804
0.8292396588228944
0.8298285162859056
0.8267733241912599
0.8280476594069714
0.8318316398276975
0.8297619759576162
0.8318993102178545
0.8314662425760332
0.8280217251219737
0.8319800652007605
0.8341022642503659
0.8335879781732994
0.8327286550041743
0.8332056363422817
0.8326255717763875
0.835818161617893
0.8360426058718777
0.8355574728515333
0.835263656765928
0.8376660032314691
0.8374136375612248
0.8368985325067374
0.8373480241376137
0.8369492583175411
0.8375242820456659
0.8398860351652397
0.8396595339447095
0.8402077980617534
0.8388724839458206
0.8416833922171749
0.8369896231116698
0.8419750688036264
0.8419633745678942
0.8421148472988029
0.8424316518901553
0.8413009995968598
0.8410801677316547
0.8446299713992769
0.8434272427442728
0.8432258314366707
0.8455617391525171
0.8440620200808184
0.8461199960638295
0.8431248750107133
0.8464566275271643
0.8472102010303879
0.8452721322299357
0.8475132036301651
0.8478162379732531
0.8479293838305925
0.8481858189932926
0.8494117329625714
0.849288708586883
0.8501195707034636
0.8497411904376451
0.8497291216308445
0.8502935367444695
0.8499378338999515
0.8511277700006668
0.8487747335942633
0.8498378932599427
0.8519341453272259
0.8508000647563541
0.8512295707986934
0.8521802004272649
0.8536289079983621
0.8522757922336817
0.8530406663555822
0.8538468258276275
0.8524374672647107
0.8552402048078418
0.856096144140026
0.8532383827417969
0.8561228783564584
0.85199551149584
0.8549918197487835
0.8547211508854797
0.8569939148073021
0.8565476419481505
0.8539818809181435
0.8553941598656624
0.8574024702644536
0.8575642532227395
0.857372872801379
0.8587200398695984
0.8572594983922014
0.8596067321213737
0.8600619756401833
0.8597890403044819
0.8585763632958443
0.8593837353623657
0.8598959327295758
0.8598614785399348
0.8591602180130593
0.8604642967110756
0.8615863783104305
0.8604690455103847
0.8585058677510182
0.8601834318963137
0.8613538204661824
0.861588352744368
0.8617607760604648
0.862209455062582
0.8637437933891381
0.8589753957597286
0.8627100915159654
0.863051846349678
0.8640226583753139
0.8612473534014545
0.8637135483625213
0.8630731461112857
0.8643855161621068
0.8637766985052076
0.8616017738162125
0.8649875851911106
0.8623486177375272
0.8654634491646748
0.8632010335622027
0.8655018585708527
0.8654284362927622
0.8674703120684893
0.8668863684700041
0.8666610734952878
0.8665958473400692
0.8654201639859441
0.8667917226142522
0.8641128411215547
0.865314077840947
0.8667403492399065
0.8669934323089766
0.8672756049481473
0.8674340992994252
0.8689531690934427
0.8653178679922673
0.8695567300580586
0.866252289486298
0.8686736438464004
0.8693437832312787
0.8698326175216728
0.8698041818637767
0.8689933116843953
0.867949966193374
0.8699359483472845
0.8702295803216866
0.8699484171198024
0.8711036704790383
0.8713230040599694
0.8687403238452577
0.8719869852425348
0.8716582451662873
0.8696374406003294
0.8685109403320985
0.8717846724249032
0.8721161614718738
0.8725441628812768
0.8717541099651774
0.8711985893272641
0.8722666374628207
0.8725076009357929
0.8699686820494752
0.871286042148768
0.8725826357740765
0.8739455348271735
0.8726400530748158
0.8734119424684234
0.872557139546769
0.872405336685427
0.8732618918378425
0.8739142041793243
0.874035387442981
0.8745545175492895
0.8745607709815348
0.874453834115806
0.8737231729343834
0.8747334101521457
0.8735488132763225
0.8743539379164326
0.872105622692658
0.8742302151879046
0.8736740025458136
0.8751254400416473
0.8768201265288371
0.8763184235002079
0.8756195056296762
0.8761628876255051
0.8758201550978169
0.8767606586102142
0.8776995432137562
0.875555822199367
0.8768159998984214
0.8771413688350522
0.8746045577045777
0.8773342284947004
0.8772589079666189
0.877352030143448
0.8776651398134128
0.8774061397911925
0.8778888476225847
0.8774593352315833
0.8779609303329555
0.8780957505229711
0.8789053128779438
0.878299148961835
0.876206395007412
0.8785721033435229
0.8788601992845056
0.8758623610039775
0.8786058972722972
0.8790140845070423
0.8775055788868891
0.8780625597171036
0.8801240274643126
0.879469093125351
0.8794274078094894
0.8769016877918402
0.8789291394070984
0.8808921901932216
0.8794391020452215
0.878119158040422
0.8800954267412
0.8798599993016472
0.8806914899357833
0.8794556403101956
0.8803670415551683
0.8792384970177158
0.879110108022487
0.8814122154608969
0.8805689544070827
0.880541991638812
0.877711224752164
0.8808743821958118
0.8814483647433394
0.8823918902189336
0.8796575658594342
0.8819969208988436
0.8822790237027303
0.8823410501322109
0.8824052033635214
0.8812015731984879
0.8810182174861203
0.8824362356242481
0.8824981477778095
0.8813441704996715
0.8825073787326164
0.8817070917730861
0.8817689277427014
0.8837251854602939
0.8812681452700879
0.8824894628079498
0.8840112117374067
0.8840709716944897
0.8825942347798761
0.8834394702676279
0.8836268510318164
0.8830695781631417
0.8838915775473213
0.8823328476606767
0.882350357270964
0.8838023534490694
0.8852187780729905
0.8845752776746121
0.8851159424430288
0.8839401575103086
0.8781909868043056
0.8825037853898238
0.8845648531713155
0.8849369101696045
0.8854486821764485
0.8850322543781961
0.8847018953930931
0.8850031394134472
0.8847738511302206
0.8852428902919433
0.8861048862478453
0.8848679636983497
0.883381925993645
0.8822414015306626
0.8860433232707038
0.886324340453358
0.8855739222352371
0.8871721788926028
0.8868928123621148
0.886996505061471
0.8835854894977255
0.8881848539966416
0.8867765683576329
0.8868489050144908
0.8870366793957344
0.8868719887501708
0.8864145168509368
0.8863136810495608
0.8879772781380644
0.8872413094750609
0.8878388963485669
0.8873791325822866
0.8867685372999774
0.8880368158919711
0.8880987851834924
0.8871187929923466
0.8874865519463411
0.8869253111638049
0.8870069676567405
0.8875434296107952
0.8876803639053161
0.8881966053703334
0.8885361127776349
0.8877316547470533
0.8886221117555003
0.8874140057836313
0.8883633021931453
0.8882365448040961
0.8896410402917845
0.8885172445536414
0.8888012138642084
0.8872125754300426
0.8895947268011948
0.8884724166500014
0.8896109095410869
0.8893423484336263
0.8884191005850293
0.8901972656311998
0.8895485974218083
0.8888607833614262
0.8899294219225654
0.8904166817447393
0.8902328117907355
0.8893826560897954
0.8905692337482183
0.8897283978833559
0.889942595396585
0.8880445168191933
0.8903210581950118
0.8894181070193983
0.8896868204947512
0.8910056598323318
0.8899010941919265
0.8917888307986299
0.8910638834131677
0.8910512114834601
0.8914045399283236
0.8897027619854807
0.8905205395093118
0.8916645303418438
0.8926403324159516
0.8905277388922219
0.8893491732454679
0.8921213419802112
0.8919636412117057
0.8903948486955087
0.8922688848892317
0.8913714126090779
0.8904760925254025
0.8911659000657086
0.891900472023033
0.8930357207477454
0.8908680525796201
0.8911823431007501
0.8920498687414095
0.8929504201227195
0.8910039012529086
0.8917507197795745
0.8934012449726532
0.891813203312732
0.8914682931939168
0.8917410380697527
0.8919021988591456
0.892348433626324
0.8929213749932545
0.8930971377056569
0.892280153764598
0.8931590117672454
0.8929488964437968
0.8918119526262828
0.8920655562856517
0.8920030791011564
0.8930524113806118
0.8915966567944971
0.8941592434934148
0.8925423090719209
0.8914569481346043
0.8925071946214134
0.8935390299879058
0.894442501753818
0.8927872468074164
0.8921899837156815
0.8936192707291757
0.8935870068279863
0.891879946798211
0.8939160262453695
0.8923519952258061
0.8932354496598705
0.8932199144835204
0.8931914978716109
0.8941929358435944
0.89458182949398
0.8933366536836524
0.8931561929612382
0.8943802531211611
0.8933334730039014
0.8945132448964692
0.8918792928860066
0.8945301831271605
0.8939824840410505
0.8945586759230163
0.8946342059569496
0.8940503575883971
0.8950376126490746
0.8948849844616493
0.8936120713462654
0.8939562640662547
0.8947037301564628
0.893717846406816
0.8934369625460674
0.8933855193364378
0.8941300459960575
0.8944604176784847
0.8955132861627734
0.8958317858469274
0.8953661813114432
0.8952678214883169
0.8951463969754974
0.893396178740235
0.8938062134356737
0.8945771822732655
0.8956106111539645
0.8959177022921845
0.8934093204709438
0.8935295768299225
0.8966994003688572
0.8960271341821495
0.894788478447879
0.8956941024102696
0.8957711942150991
0.8955021696552994
0.8952207779015766
0.8944497900179984
0.8968414199417827
0.8964800223472909
0.8974575830008222
