0.5385566967283734
0.5770433210497602
0.6044916672261782
0.6348698907919657
0.644369416230707
0.6569994261273483
0.6779799451811486
0.6799262344931405
0.6981010688966613
0.7071811066426426
0.7158589770178196
0.7230458471580866
0.7260428334998812
0.7346617006517409
0.7406809891484778
0.7455513132402988
0.7463791286579844
0.7602762650361762
0.7656671066283505
0.7719306239853816
0.7780335765756723
0.7824147490964932
0.7890625687973758
0.7895119374499172
0.7923372898413025
0.7940884839805569
0.800186002490054
0.8025993179748745
0.8067199853313538
0.8042619651293609
0.8045155771816697
0.8112446033190406
0.8112733235384135
0.8129684649397452
0.8156428886551528
0.8156952776035189
0.8172180004198639
0.8172512014862874
0.8175332484363043
0.8198068341204818
0.8216859236958827
0.820062702807774
0.8234274752597909
0.8213159328273429
0.8246105680265404
0.8248353042294774
0.8257940758066201
0.825018603945218
0.8291916148579804
0.8287042400628009
0.8306947153253023
0.8304003022749591
0.8318175274058267
0.8305424248868346
0.832734927341606
0.8342626627408307
0.832878197724723
0.835866501209498
0.8339242128853934
0.8366894013130528
0.8343395115373511
0.8377322714508297
0.8369016482085814
0.8387085449182611
0.8357541363503211
0.8384907666731898
0.8395339999476306
0.8399299745413964
0.8416429420621807
0.841266570363688
0.8417024640521613
0.8421365355727315
0.8424248401456194
0.842748939618245
0.84293755669228
0.8440165913510419
0.8448515268411753
0.8456117015706064
0.8411832240147152
0.8467887701594833
0.8463107785563182
0.8463344991619779
0.843345287835543
0.8458645938341703
0.8462073559374925
0.8438733404216746
0.8475535554276307
0.8486803814652091
0.849061655508666
0.8490678807086205
0.84933684825415
0.8508664901208607
0.8514555626357116
0.8507078318216063
0.8486230447797957
0.8507956979251291
0.8514503555153332
0.8541500042597227
0.8543428622512266
0.8546168553488026
0.8522264434121476
0.8538570372714522
0.8555775333934317
0.8517005501922503
0.8547326635217043
0.8548500928404275
0.857287278076323
0.8572182432026619
0.8563278969483512
0.8563577325160493
0.8580564858302712
0.8582288460540085
0.8589817775039094
0.8561576636679318
0.8564423433587629
0.8598454007904993
0.8605125347189453
0.8598872263526928
0.8598208436735959
0.8609430332341248
0.8599111090729347
0.860471286284664
0.8611888702710738
0.8611972029605961
0.859375910476022
0.8619491163309211
0.8621994860915869
0.8622312281267711
0.8622525559211983
0.8583322167961679
0.8613666451218549
0.8585802067147678
0.862955847886046
0.865158595982409
0.8654389439716053
0.8658103095718012
0.8654138616034556
0.8636561050659161
0.8665592205800648
0.8661657879429471
0.8667967962579078
0.8657210298291219
0.8676358494584275
0.8671004628086
0.8668129299011229
0.8681510885079866
0.8643462138729436
0.8680985828371213
0.8659631771381815
0.8691756721208973
0.8677824269790204
0.8680932265713271
0.8682579738942868
0.8689300490751967
0.8694386608806373
0.870109484536973
0.8701045562536758
0.8693435514975839
0.8700934935545901
0.8704811873355
0.8690528800517969
0.8714076202957962
0.8713332161871747
0.8718387283618048
0.8726237779527202
0.8729154739626668
0.872338229327729
0.8688829774851249
0.8716033250193627
0.8707727017771144
0.8714361654314207
0.8738574504690994
0.8736747084275215
0.8733756653847121
0.8736529785889305
0.8730541532608175
0.871715320257292
0.8734550042612143
0.8743965203622335
0.8690664198616975
0.8724031594601699
0.8761421053369456
0.8731922100389726
0.8746982739608563
0.874182321607136
0.8736607406351237
0.8752552413038593
0.8763369865184345
0.8752697019245869
0.8745835551979466
0.8730276637380948
0.8753142121042607
0.8763009970811984
0.876925430028707
0.8769555379489031
0.8776904746801859
0.8750838213446984
0.8777667139258774
0.8735272749419348
0.8772289993106498
0.876309816114467
0.8768496965805119
0.8770211359934226
0.8790882136382797
0.8784086293099247
0.8788090004511585
0.8775548755590961
0.8775064616602839
0.8789875339981839
0.8761621362147155
0.8762197841601265
0.8781670656133611
0.8788242067989638
0.8793239152715528
0.8800967025154749
0.8809398928801312
0.8804796560660028
0.8811095620018049
0.8794224420299976
0.880217445456257
0.8793278319598575
0.8786338064645252
0.8794908932911631
0.8802977051435859
0.8807518464494254
0.8806945486715118
0.8818268023053005
0.8808665911506682
0.8820907572679503
0.8816113974177119
0.8804981630667006
0.8828703144168226
0.8802114407321342
0.8805356374735094
0.8817818900814628
0.8823441488444271
0.8831012563659639
0.883436911366005
0.8828211612755159
0.8822749194332677
0.8806362782061055
0.8792849753489214
0.8828373532799807
0.8836560773118995
0.8831120921046346
0.8837060799336165
0.8842051529170438
0.8842869818735276
0.8832932778462241
0.8813774271681758
0.882475935030545
0.8830463708530327
0.8842779942410934
0.8837504928445413
0.884599052444158
0.8832586566560608
0.8832424711361796
0.8802408548019187
0.8835151802862651
0.8846927546726382
0.8844197602008882
0.8838981921980424
0.8853708929389205
0.8839584793688509
0.8828807870188292
0.8848285159083104
0.8851370394118837
0.8849802097651159
0.8859758397136555
0.8857087332435287
0.8834935866239232
0.8840910890970459
0.8848092631805348
0.8820215408259572
0.8851640541858523
0.8848434693573676
0.8842274469143805
0.8848328151870288
0.8851905372239917
0.8838296306989615
0.8862812700710011
0.8849989826337282
0.8850244864997915
0.8860181191966789
0.8839561578880345
0.8862748957256311
0.8868284067857429
0.8858264543684997
0.8852615045034717
0.8870853973059437
0.8870843143805349
0.8860965632006877
0.8872661810033693
0.88484540824777
0.8871772514281874
0.884762172136713
0.8855702355137101
0.8863911448501962
0.8866483623308119
0.8870569494390687
0.8852589625468238
0.8856989544919336
0.8868073902513134
0.8854234764247851
0.8857914635570895
0.8870185671905999
0.8878953801195931
0.8882230072055263
0.8863318433360472
0.8834254206844225
0.8869628581355913
0.8874993860720773
0.8884293920377643
0.8868015152188566
0.8885227830062469
0.8867732748586468
0.8867631200012213
0.8872697669779261
0.8867879040785396
0.8888822364269467
0.8889275053028654
0.8840372670557737
0.8878444891099657
0.888391385895126
0.8890117465243313
0.8891520858758034
0.8888856084102557
0.887309147852221
0.8872375969602452
0.8877072429047214
0.8891712413348296
0.8878681383852095
0.888174314469633
0.8903934037158763
0.8887059919378214
0.8876328906727661
0.8879218501885658
0.8889180248421015
0.8843408168839666
0.8885983089477768
0.8880451934472455
0.8901001773442745
0.8890379377562229
0.8892896563102122
0.8874290607663424
0.8886698144476697
0.8891768245610386
0.8873694674459457
0.8888942329060256
0.8897950906698429
0.8893281877040966
0.8895590842611552
0.8891783419535279
0.8901427875410457
0.8908041631595338
0.8900990490267827
0.8900574309712543
0.8878398461483332
0.8909544563463494
0.8906481765085932
0.888996241885695
0.8901054752488189
0.8891517940695555
0.8913498278738696
0.8891595820540817
0.8893495284676902
0.890747066403702
0.8905880190294507
0.8905877596461192
0.8873074099839005
0.8913870818048468
0.8912460745412963
0.8905910602990116
0.8903468314387174
0.8909861011127843
0.891407028383034
0.8922047423651068
0.8907599253323579
0.8913996294735049
0.8922245851899615
0.8915479254086685
0.8917721039374429
0.8892220934369572
0.8910298915037134
0.8922251752870404
0.8896801968231844
0.8912578375753769
0.889589911970096
0.888382015672278
0.8898632241864269
0.8902853511045845
0.8915339316779376
0.8908581408308052
0.8913217042361592
0.891370682293717
0.8910557844447737
0.8912725251565193
0.8901108704221128
0.8929872370302077
0.8918210884795839
0.892389896671667
0.8924990516621174
0.890059784874987
0.8917249026557054
0.893532551577046
0.8908239994998051
0.8922828751091176
0.8931723653984347
0.8920560768086958
0.8912193061814926
0.8934328835319428
0.8920470437841788
0.8911992947574725
0.8918189874745994
0.8916361935563551
0.8934579269925926
0.891398176926849
0.8905005549700914
0.8922974654215109
0.8924796822118426
0.8924745464218802
0.894044911471626
0.8906364977740955
0.8928597955148913
0.8935958086869994
0.8927088149622474
0.8928504252920434
0.893353596532107
0.8928229047205783
0.8945125990719498
0.8940154260714251
0.8933069853474486
0.892078857149779
0.8934003309238481
0.8928641337011094
0.894703129098054
0.8882599758148387
0.8874997167858251
0.8939518901243907
0.892853434138688
0.8942292811436087
0.8934486151309943
0.8929075285324584
0.8932335085342369
0.8943545114160246
0.8953472038483355
0.8935347563353634
0.8949508726024888
0.8947788560616657
0.8945775032660577
0.8890434431674324
0.894617169462017
0.888010494442083
0.8941113460273894
0.8936523737070017
0.8940399377962459
0.8932665085785783
0.8923573700019054
0.8952075129551923
0.8962836943973083
0.8949904350451159
0.8956511816590256
0.8937854762635266
0.8948239887613352
0.8934732306091475
0.8955190582745766
0.8947086993550966
0.8946500787221926
0.8967472902255789
0.8959678951912885
0.8948909745066779
0.8939573760818506
0.8936949903883561
0.8948178802838802
0.893912373073847
0.8946323822944056
0.8939764407567109
0.8954044173266664
0.8945356452809478
0.8958366407410001
0.896405286818501
0.8926120714642062
0.8951861657070154
0.8939299009024685
0.8962953082859733
0.8948148001068192
0.8952509466940407
0.8957093354019326
0.8943757224879525
0.8952360191833167
0.8947836157457978
0.8923552819660874
0.8946913725485569
0.8948491424599011
0.89598723870323
0.8956273832383662
0.8958065068824708
0.896758411285914
0.8948709176905748
0.8938483118755661
