0.5417507693085699
0.546632300155788
0.583883605177466
0.593191857557988
0.6033796243848631
0.6737602469120902
0.6783004527429537
0.7055524269444914
0.7319419917822779
0.7363056785080182
0.7479056872980063
0.7558966064152706
0.7575556912079213
0.743078438192264
0.7650240872920174
0.7390122665913762
0.7704408347096973
0.7665198939813357
0.768443595102082
0.7664213249083895
0.768716824447208
0.774136920310533
0.777694421003203
0.7671442390451017
0.775332309039991
0.7813532217254384
0.7780280496872667
0.7729972201789914
0.7797662749290823
0.7773149389845726
0.7824116488426232
0.7848422002338412
0.7855625170971252
0.7868467160265749
0.7876080545319456
0.7805308409286393
0.7902248457060437
0.7865061994752337
0.7912449312108314
0.7867404442554716
0.7797111465273958
0.7918792770504691
0.7912642707124853
0.7888218533465854
0.7902930368652661
0.7889982069391863
0.7883050023002421
0.7877302091393317
0.7930250183890778
0.787416130030508
0.7928981021137401
0.7943803113127581
0.792921095622619
0.7866646331543532
0.795880905133493
0.7973960131292681
0.7957741813858863
0.7947836207687456
0.7950517510550087
0.7930929612795167
0.7925476866403869
0.7952108658818166
0.7942378686896473
0.7955963254488514
0.7998071868236347
0.7995567791089992
0.796594658788678
0.7966555419334507
0.7909399871200701
0.7966102296975147
0.7984967414276545
0.7977221873839583
0.7906584057584302
0.7991199215378976
0.797218068070106
0.7997885093720702
0.7929289065405023
0.79528281926799
0.7961426186265806
0.7963790596306735
0.7973020911386811
0.7912781483009007
0.7977940198186733
0.7971793063105367
0.7998703871437205
0.8008492536645683
0.7984545739296438
0.8014666090071965
0.8002153661673
0.8005175665697094
0.8010279371642148
0.7966371445800008
0.7986223399686795
0.8037675131664574
0.7999386228640067
0.794411886009336
0.801066253313147
0.801179960416025
0.7957994666066136
0.8011645422879784
0.799989957209411
0.7959076545034569
0.8023779527847773
0.8021938201036246
0.8023879408289167
0.8023981389466421
0.8040852590142386
0.8008946550226317
0.8040715978652755
0.8007268444225323
0.7904425010388456
0.8042691561583402
0.7996534320562056
0.8040423212464121
0.8007108788299884
0.7984159967801958
0.8059079656669988
0.8038031492857001
0.8035960803884645
0.8057993130619199
0.7978015697360406
0.792642856340758
0.801351183120432
0.8047774132852521
0.802173608478295
0.7992649423368376
0.8034621425626579
0.8043032517379516
0.8001566219535861
0.8012114714539407
0.8059331553997328
0.8031616736758674
0.8010982799862283
0.8076980345235186
0.8022878503139377
0.801720339704012
0.8061413255918288
0.8053660203759156
0.8006451830903343
0.8001729694981047
0.802302657318825
0.8066815330014272
0.8034867911967607
0.8082179284539275
0.8026452173132312
0.8007334649234277
0.8069473333806445
0.8061676866439518
0.8046596065645117
0.8096696833488266
0.8093102028819397
0.805815603313642
0.8097064653239935
0.8026848893916735
0.809866248566757
0.8032081126701287
0.8063049856471359
0.8069928875194977
0.8057186002437924
0.8014100037245411
0.8068772833884782
0.8035129485411636
0.8015335333590362
0.8078869861654194
0.8028581555391452
0.8090150431275981
0.7993648546075618
0.8083203170466211
0.8054546777951176
0.8057310136829712
0.8023579894282314
0.8087832237423995
0.8049115548187787
0.8069364350176321
0.807958500306822
0.8051291974198483
0.8062021578096716
0.8097576150592765
0.8106244868952658
0.8079696787679493
0.8061527332241409
0.8081236627065631
0.8057149144072363
0.8052591947744488
0.7991535778727379
0.8093613016902927
0.8028068912182698
0.809785287479846
0.8099256484646944
0.8079599962853896
0.7992036008496954
0.8071307658165104
0.8107601817001564
0.8100737121477
0.8084031306006095
0.8111184335548578
0.8080094845295828
0.8051483777748463
0.8083584804147632
0.8101454936554849
0.8090698086749087
0.8071246609507808
0.7988224509741088
0.8107693103523524
0.8102308153607742
0.810744126985485
0.8112247498870249
0.8114207230793946
0.8061201399889636
0.8114885895794385
0.8085281944088699
0.8122738382784275
0.8065805958262378
0.805310656437178
0.8062491124390987
0.8039945072250416
0.8083889729140794
0.8086706370319805
0.8046404707705777
0.803796376004015
0.803837384914369
0.8067567393452524
0.8105153759478171
0.8100540479868673
0.8089189249131563
0.8078872471659355
0.809776165193516
0.8078504715566348
0.8076355726439172
0.8071776886166064
0.798911713150604
0.8102752618389006
0.8082108432447961
0.806179928204742
0.806508820684319
0.808678059632023
0.8038592643966549
0.8070853453608483
0.8033261931231176
0.808731259176237
0.8005415722513214
0.804148344748732
0.8019681501452195
0.8122546388258307
0.8085947240770023
0.8078819953262829
0.8094151378211315
0.8109228996072592
0.8075107316409754
0.8075343171754152
0.8035078622140335
0.810774925046381
0.8104868314035719
0.8086610755008797
0.8106043643920636
0.8082482681724539
0.8109209261887231
0.8069023330721546
0.8053216311905854
0.8114433155387001
0.8110489501247874
0.8080646129312692
0.8000284834319291
0.8109122558788966
0.8131429890945325
0.8051744778264529
0.81042508250099
0.8090836417022601
0.8106593336470941
0.8113794022415947
0.8064043504533629
0.8100496173439604
0.8119828736299415
0.8034383851498295
0.8098586095272624
0.8059798617603764
0.8098308034235019
0.8099760215642955
0.8057042070202112
0.809967917816565
0.8065091198800325
0.809079930402239
0.8100156490816741
0.8073764755218564
0.8088639047311958
0.8079564886930883
0.8113205243446895
0.809471456639806
0.8092790992594638
0.8062426319872606
0.8083670552365959
0.8095122618424401
0.8039907831932881
0.8045701534120293
0.8055620826904126
0.8081363689755894
0.8056622050347229
0.8061403516142932
0.8087835611333106
0.8127702548941226
0.8099086770652837
0.807420769219193
0.8053346048259937
0.8062413906433429
0.809928825031951
0.8070664514698314
0.804053518805138
0.8072932163572307
0.8091037642054625
0.8112831057828982
0.8093494611790761
0.810136320442225
0.8069960449891554
0.8118940188688859
0.8108653712739979
0.8079927104720257
0.8023481796283469
0.8122966599089176
0.8099859523156385
0.8120074522395156
0.8076178755357546
0.8114315577837445
0.8066325858558652
0.8078649029754135
0.8034025707863319
0.8046107421752108
0.8125498558729687
0.8102534842104746
0.809671637669764
0.8053950614577278
0.8064164901602933
0.8097415476128729
0.8093972815663127
0.8051892975630727
0.8093014752793171
0.8101285859147366
0.8092584738528283
0.8120018821065507
0.7998812664091343
0.8107116037748364
0.8054323845315255
0.8113568861726841
0.807864005388273
0.8121317521438265
0.8085874669894824
0.8088866754347563
0.8091930009184927
0.810924401951693
0.8076246933785036
0.8098709211125813
0.8120833524627614
0.8033622302919338
0.8093293386758739
0.8093373914966745
0.8105059862951047
0.806235222118951
0.8016711506555328
0.8083282934770267
0.8124887753863426
0.808380302604253
0.811305787364331
0.8073270636680585
0.8108634105871944
0.8125750074105048
0.8084580107335124
0.8097539483203191
0.8088311523493625
0.807149398707011
0.8102859883235245
0.8126122413621752
0.8116829267441831
0.8116200638150082
0.8076527159217164
0.8074675710678306
0.8072583823371351
0.8087886283628422
0.8065548904583382
0.8104470129102059
0.8128829243608028
0.8116195036187785
0.7965116669904345
0.811367459876518
0.8076667080957242
0.8054270626673443
0.8095658560703616
0.8088900175145352
0.81442536102037
0.8108528941761567
0.8131062835097609
0.8131180412647163
0.8064618851524905
0.8106042434406051
0.8072108229504145
0.8109187617941995
0.8101812061651226
0.8101347417073961
0.8027282664042708
0.8046457862688927
0.8106532478789634
0.8125806539338647
0.8077818920795714
0.8026517104968016
0.8124073686887943
0.8099088744071373
0.8115464680353432
0.8108630095376209
0.8079527137344049
0.8070908391034181
0.8064707973652342
0.8156515032496603
0.8106123599200682
0.810387753061326
0.8054645257901994
0.8082118172223317
0.8083454049254948
0.8128115566343237
0.811585528990626
0.8089490099970328
0.8125058104444156
0.8119828163371452
0.7980887785234413
0.8100463516545765
0.8047331514172469
0.8113732209854703
0.8111049633818822
0.8109540477907986
0.8127578159914786
0.8062769694697893
0.806519139753503
0.8102542035533603
0.8097913605162441
0.8142136004797113
0.8097991459706626
0.8072166986449592
0.8097253655808764
0.8047796731677693
0.8086880795054933
0.8131470887123949
0.8096665386109014
0.8104699745897537
0.8129297644046376
0.8110969933173429
0.8100556076240976
0.8093803292645009
0.8083344874648837
0.8123252490142265
0.8121245650808352
0.8121803491667452
0.8113279469447318
0.8051162938089684
0.8067735325004082
0.8051508604626819
0.8106744207500962
0.8124060191251502
0.8072979971227812
0.8129700921673032
0.8030216564477961
0.8089764978074812
0.8102685522158779
0.8113584712733792
0.8108763714908703
0.8078646610724961
0.8133673158551602
0.807398781517181
0.8048588518121316
0.8123282473372281
0.809368590607144
0.8107422108597451
0.8109870357096832
0.8108640344420865
0.8072909883040449
0.8089484370690706
0.8126991418022934
0.8104374704767039
0.8052098274817145
0.8128001999289416
0.809955058766749
0.8046236457860906
0.8138930409190498
0.8085027946025499
0.8090481901931385
0.8057369403044456
0.8108307091322908
0.8103785352870024
0.8134734603089386
0.8098075616458392
0.7984426315645671
0.8097751148255855
0.8080291614221476
0.8109082772124931
0.8063763470077487
0.8128152552026124
0.8136061822542923
0.8068302269051911
0.8120695639964736
0.811291916141782
0.807684462496683
0.8125517910963073
0.8078429725661976
0.8084375381076669
0.8055252306907172
0.8108817188185167
0.8130771087447574
0.8089258446097651
0.8033819071844989
0.8063149991547404
0.8125595956483245
0.8098007438030903
0.810188507813706
0.8108891414185591
0.809891030884051
0.8057665861435512
0.7998626080551687
0.810092281379538
0.8107331076710139
0.8073485993935673
0.8101873173967182
0.8133811043214481
0.8114404318012908
0.812269343976858
0.8077912817322838
0.806223069680288
0.8135290725164599
0.8059114350641028
0.8136004593405375
0.810455855098421
0.8133877311882096
0.8109536467412253
0.8113817639779717
0.8092752733738503
0.805803132581667
0.8104331098583255
0.8081608966582334
0.8124438005413175
0.8129568002385825
0.8025278180079305
0.8081339563122822
0.8123129055995765
0.8104395966760299
0.8072547092323116
0.8119226843645897
0.809208126216692
0.806979360053726
0.8125461191094825
0.8056857396422328
0.8043952639686649
0.8095534489970488
0.8084964541997695
0.8085489725962953
0.8086446961270298
0.8114253828934864
0.8060960006241604
0.8056573415129112
0.8109486495362224
0.8129435337733266
0.8124449654948405
0.8099603997285288
0.8081319319668161
0.802955699707626
0.809698367942129
0.8069447488389487
0.8043522752739086
0.8097459973533784
0.8084287532122479
0.8083454303889598
0.8067966087655482
0.8102122524948021
0.8070330179403096
0.8125001066282596
0.8143917046855297
0.8132127207933865
0.8095176091700863
0.8050199082281444
0.8147192476014626
0.8128477083887322
0.810762632558661
0.8118391832970466
0.8060294327608305
0.8110303681612169
0.8084727349821386
0.8123619609648647
0.8118356375095479
0.8109355422176228
0.8108038961036645
0.8153082621075656
0.8091853937083292
0.8107696477432635
0.8114516166282842
0.8109340653366539
0.8091702684101296
0.8116722257230242
0.8127316268177445
0.8088905968083635
0.8109845084607836
0.8079668141281388
0.8124171402934811
0.813013144520722
0.8135468778443486
0.8118959222628932
0.8139406130375029
