0.52623351607421
0.5392226886861062
0.5545282096471481
0.5750377104196452
0.5954095025457975
0.6159503644637476
0.6248267306186479
0.6300734578311445
0.6366167088545435
0.6402622494007029
0.6441026003807998
0.6465839831266681
0.6496890964913358
0.6525120353289935
0.6560862523196258
0.6588050223908222
0.6639079657612579
0.6650830930157681
0.6704260697687097
0.6727590901726269
0.6777080822736601
0.6793046904401073
0.6837741525657711
0.685922416289992
0.6859408881688582
0.6881839805197649
0.6911069769467416
0.6928165635449557
0.6926659845775409
0.6958492355686062
0.6938761231470716
0.6959966948409235
0.6973469418222586
0.6984749894675557
0.6963154847367086
0.6959600352659429
0.698982577753285
0.6963921951341749
0.7000461853808208
0.6973477312187915
0.6987869589772978
0.7011005665416817
0.7019728686558854
0.7022207454823404
0.7037598540053425
0.7036725088577869
0.7044032437553934
0.7048974312455829
0.7037930276052347
0.7065681984799026
0.7065482299052102
0.7053663769922411
0.7060656054954326
0.7067447833266924
0.7077115541027628
0.7056316963244837
0.7059231162636853
0.7087761911033773
0.7079092063642184
0.7052531333232392
0.7064032272349028
0.7032403679350715
0.7068564482026287
0.7085589112865315
0.7048620094443654
0.7079416284586114
0.7067449601515157
0.7084049789626455
0.7084334667047193
0.7085789240674296
0.7078500458304682
0.7087398725476987
0.7034932905841641
0.7061069382978872
0.7088007129172706
0.7086917951412681
0.7094790382002749
0.7095904757300099
0.7099488301800162
0.7110003063616368
0.7077882581850569
0.7111114091872419
0.7120660800932584
0.7118884279823564
0.7125266456063251
0.7133799201065031
0.7097423619380829
0.7124285078293737
0.71195957471306
0.7102135622012387
0.7125128216942435
0.7136544785357651
0.7141870243822739
0.7146242742793492
0.7148024758102378
0.7137901031752636
0.7159298856231365
0.7151369589090939
0.712753473963631
0.7150343878812148
0.7156878692765405
0.7150380443659543
0.7140478632463088
0.7161888645224281
0.7160061981647503
0.7155746382378831
0.7153795120453321
0.716015039405917
0.7151121402821041
0.7165358264016739
0.7169544528557487
0.7164900666634636
0.717691907096642
0.7168625355234755
0.7173714878864134
0.7182911790532709
0.7179229097828131
0.7176617016277129
0.7145347188215019
0.7155144420158818
0.7149829823790023
0.7179385335189892
0.7173555483916241
0.7187033198254325
0.7179364495121427
0.7193528037167163
0.7185399210583259
0.7198490373227185
0.719906682215126
0.7197372145674756
0.7177990376788943
0.7176055913221653
0.7207338371628286
0.7202497413179139
0.7171905645162797
0.7200092469278329
0.7193856173517896
0.7196911264403076
0.7207501366224367
0.716089185843445
0.7208981263692241
0.7213010154140219
0.7186519585294258
0.72063595830794
0.7207507428789738
0.7206088977947973
0.7221789759225721
0.7210000848253937
0.721862061632949
0.7218783610925571
0.7213801571528091
0.7209468921294311
0.7222892198847496
0.7234971481439886
0.7196786350295734
0.7223376888318603
0.7232939701068036
0.7240167036811543
0.7183092783369737
0.7206647807541436
0.7239945311113425
0.7227894004734157
0.7197914240061725
0.7224651668991409
0.7244319578332412
0.7236835215077843
0.7243558284316229
0.7246549402506397
0.7226638043274692
0.7238510756582393
0.7250619531029245
0.7256450519033903
0.7225528088597927
0.7262453216572367
0.7261675313653134
0.7232674400681312
0.7199941662964713
0.7260906946644018
0.7250554042692889
0.7263434594341879
0.7272034785383419
0.7270366316871801
0.7267420541618476
0.7245647659059106
0.7277173946266776
0.7276003997453522
0.7276416693960842
0.7270385199236864
0.7268422885759898
0.7280098502541301
0.7269965303433166
0.7285072458518286
0.7272341260693291
0.7264394247918811
0.7294668489073818
0.7281841616389053
0.727986875657441
0.7254871094451181
0.7282833793103135
0.7285197562080796
0.7274367104803214
0.7270470138303788
0.7283521325907296
0.7266800328550626
0.7288765002891592
0.7294642281108931
0.7294898108737263
0.7283261393416993
0.727851478364144
0.7298661572495071
0.7288073933590962
0.729922608574357
0.7267877128573017
0.7280823231710086
0.7308341279083074
0.7249890696998489
0.7254394298945401
0.729816210552087
0.7287660858173305
0.7309684389919753
0.7296524076139557
0.7305848743742991
0.72837971726317
0.73065986704491
0.7294602874434015
0.7309033990328491
0.7305810031737026
0.7324205497018962
0.7299733572986541
0.7315383769734471
0.729653140173938
0.7312589811222323
0.7321961400555665
0.7308818895561247
0.7298295734565935
0.7332459364013654
0.7319690212003365
0.7302501323533803
0.7325560480379493
0.7308005122463568
0.7315387874596442
0.7328955390684091
0.7318486161259894
0.731797090635504
0.7307451345007915
0.733588585017956
0.7318031595160476
0.7313514415593202
0.7330890485768607
0.7325173865533613
0.7328321347388987
0.7321153311113021
0.7328327599409526
0.7325122838941736
0.7340995771815346
0.7326408355407386
0.7327447959065154
0.7337226750705949
0.7331691186459706
0.7313661180196569
0.7300873082669495
0.7336984311242811
0.7329687255997532
0.7323058472281017
0.7338745802241846
0.7339354458544456
0.7325806835249432
0.7352360366362846
0.7337062303620245
0.732908314661895
0.7313957172320488
0.7330577253224413
0.7339817108064368
0.7319442215188635
0.7328825992804443
0.7352908081253129
0.734150496415483
0.7349864547133187
0.7364607253627069
0.7342175130235271
0.7354207933159813
0.7344756456897358
0.7326443278309995
0.7353448659998754
0.7339771259913748
0.7348216476627978
0.7367807277715662
0.7347584959401778
0.7357343984553393
0.7355868634009546
0.7362029905523506
0.7344095953030478
0.7361266148590144
0.7353673290676113
0.7355268440037768
0.7337997138570188
0.7349734391432867
0.7359171974316346
0.7354986593899715
0.7367941285671061
0.7374661513081929
0.7373631824244613
0.737620955125851
0.7374316830979871
0.7356959201107469
0.7359625782595093
0.7374136406508345
0.7335500624671579
0.7379242602192496
0.7376919376620759
0.7369810829267499
0.7378784120686277
0.7343708517212204
0.7376509521940955
0.7370909290330749
0.7362002371372445
0.7327775148140048
0.7379693316036834
0.737082498278105
0.7383565211302381
0.7376065249572323
0.7343638481951817
0.7336188978448135
0.7363487573585019
0.7381838769509399
0.7371900898679326
0.731814665759909
0.7363463639082145
0.7375192303310549
0.735400610025432
0.7378001481387848
0.73526600844384
0.7374839853546609
0.7371391958946731
0.7379724512987809
0.7364159444761972
0.7375360160589274
0.7371330196562009
0.7387627445859902
0.7385230017014085
0.7389580602337089
0.738207697780712
0.7389404472182702
0.7373415213836028
0.7389047791253345
0.7394766621798632
0.7393035191019562
0.7390152630640581
0.7376366041227163
0.7378572815022391
0.7387589933736666
0.7361875941623761
0.7381348838445314
0.7396457509171777
0.7380030609387347
0.7385267465985598
0.7380888778146029
0.7373069710761574
0.7390286259685642
0.7364605422227113
0.737634936917239
0.7385271760302736
0.7382465360901234
0.7375307618356053
0.7380131525840095
0.7406863397418186
0.7392469667343502
0.7381505328413966
0.7396641912201827
0.7397080816674035
0.7384144123143637
0.7391140197278907
0.7388816403341665
0.739492450110518
0.7374574868918495
0.7381990207340241
0.7384576459836694
0.7370444430500545
0.7365670097118762
0.7385905108928892
0.7400828871411523
0.7409634368703301
0.7408475976655283
0.740622082864053
0.7405148259783554
0.7378865396953287
0.739729161712414
0.7393218520470327
0.7367815866349939
0.7399007891489779
0.7406876911886826
0.7401326064923709
0.740433897045818
0.7369070249016335
0.740155145342174
0.7414322184225093
0.7408271428225719
0.7391554283124127
0.7408319865596967
0.7411923871255159
0.7402957400222425
0.7397765381347233
0.7396409766469476
0.7409058993358509
0.7397764812981731
0.7400991297642102
0.7393446308733816
0.7409029880414382
0.7386101573937961
0.7411204446831074
0.7421651194242018
0.7408135715173807
0.7414740248628837
0.7410567182798118
0.7407749984452046
0.7392742798543832
0.7386650741317863
0.7401110717549576
0.7390805366845578
0.740391351730289
0.7389083850886962
0.741962471861487
0.7401597238420639
0.7401606458572143
0.7399978975528505
0.7415247356961475
0.7401054575668167
0.7379015508597956
0.7406940442519783
0.7415642434138183
0.7380483154631641
0.7410622503707132
0.738702308387443
0.7414178387752688
0.7390602270905632
0.7401279395800693
0.7408320055052134
0.7419239366803443
0.7403436848100555
0.741079939168219
0.7413507527003298
0.7412679229009416
0.7397237496097856
0.7396343899222784
0.7407386483136645
0.740745285559712
0.741412780322287
0.7378656933116919
0.7416788827358902
0.7424377580410962
0.7379199406414225
0.7407924662116813
0.740758882125592
0.7356205043235942
0.7405864400318063
0.7398909374802493
0.7401261523863192
0.7394071258180863
0.741982819346515
0.7412052890224472
0.7411912946007146
0.7422340305839246
0.7420154498415927
0.7420622831590877
0.7415977517178406
0.7402196169357966
0.7413141183860379
0.7407480516051627
0.7409175255679852
0.7426395530555556
0.7378797635154917
0.7414522122578909
0.7402897911299717
0.7402729611958935
0.7393716850713521
0.7400594957430939
0.7409339260703497
0.7425129780579087
0.7422391079824231
0.7419532011886064
0.7402542240797922
0.7408752012834854
0.7421549330513432
0.7415671168171977
0.7389550794724011
0.7382478433307815
0.7389541511420786
0.7411244232416325
0.7415431759991524
0.7417806833127534
0.7415221401603478
0.7410163643290576
0.7423440282543838
0.7411108708819583
0.7407752826279563
0.742351795916266
0.742343649344048
0.7425957383904022
0.7407701294473907
0.742045876341551
0.7414977067588662
0.7433000758679535
0.7404324129803364
0.741892929184538
0.7410902581596952
0.7417801970444894
0.7413163539570187
0.7412233251544273
0.742375490442593
0.7405388425784678
0.7422471345663681
0.7416545945833707
0.7426966043217704
0.7420472151580705
0.7424962744272758
0.7369782853054379
0.7427104408641965
0.7425583715161279
0.743830108275902
0.7415366650565505
0.7428595673419909
0.743368134479421
0.7393265505351957
0.7429680493711073
0.7419566555878337
0.7429849740327695
0.7435120004187212
0.742195280686925
0.7422384322589911
0.7427237785080139
0.7436887999813677
0.7420681499541191
0.7417419018398926
0.7414816346454595
0.7416192548793925
0.7422683472299961
0.7404672474705335
0.7417188198852751
0.7405294456021418
0.7434773174926583
0.741550248992086
0.7424665678569553
0.7403091092419212
0.7427178611916043
0.7424103565086514
0.7410943819671824
0.7436402047308117
0.7429833636638425
0.7405729255631656
0.743667833609458
0.7424009784778425
0.7436488249409494
0.7434791994139924
0.7423707351178797
0.7415897125035509
0.7417766731783672
0.7405122557032446
0.7433169563234098
0.7435271315714609
0.7424052412191193
0.7408917912410178
0.7431618367471386
0.742456962479945
0.7431231310563449
0.741067403551279
0.744135257399601
0.7419234440969079
0.7404626500251267
0.7430473426740288
0.7435849659190361
0.7429925459243116
0.7425135401082401
0.743146661388193
0.743873045132111
0.7441848630777189
0.7436270123359564
0.7443894620286626
0.7441833916425817
0.7435518238950053
0.7431237625735712
0.7440128314701302
0.7434718548686517
0.7439228592109137
0.7433060689664301
0.7424524534469499
0.7435082555215698
0.7434044593502718
0.7439332666148014
0.744694086993064
0.7430761335443712
0.7425437140013078
0.7450723216053511
0.7433740139047968
0.7441252604819103
0.7435032854809998
0.7431551995010913
0.7428282440875715
0.7432075207032818
0.7439042168223964
0.7427023384981843
