0.5239422740241442
0.5338614371951983
0.5420171563986025
0.5509904303318439
0.5554325967214216
0.5648055737653213
0.5738386461045968
0.5918496016238909
0.5996736601996606
0.6152013151033671
0.6284976073585888
0.6308091862865228
0.6399005825857144
0.6473348040185453
0.6501762283642663
0.6544534683396033
0.661998818135277
0.6654229435867941
0.6717416824250766
0.6710011963527587
0.6803610187730327
0.6835587141752865
0.6881257982042273
0.6907742560169261
0.6918682437513294
0.6958899558037983
0.7010294967433331
0.7000922490418986
0.7042229483050215
0.709611375749259
0.7127238673978038
0.7143801191326821
0.7163159130302446
0.7185139596070999
0.7182368406645572
0.7215300417114396
0.7184872400791893
0.7192029618673617
0.7247784516495142
0.7273727524152389
0.7280842175415752
0.7298748938879593
0.7278276767383303
0.7299813488976721
0.7300132097550893
0.7327772385008908
0.7324667970760835
0.7340936304055921
0.7350827080933886
0.7333539071988742
0.7378503203843202
0.7361104611439214
0.7388347247189866
0.7405437423929799
0.7409624915011002
0.7412551177704221
0.743361178141426
0.7423864410447849
0.7447507730905635
0.7446367727631081
0.7452144671627388
0.7447770246420975
0.7438370716525682
0.7471286572193561
0.747779682876129
0.7476885813379484
0.7514173401786952
0.7506660714178106
0.7514186928227424
0.7527159425704519
0.7537617415593407
0.7509060343181821
0.7562426445973282
0.7554967351275504
0.7560056241785573
0.7517551486055778
0.757093284615924
0.7576490225896685
0.759697425706827
0.7603189560306064
0.7603699462237448
0.7602311752015087
0.7627226365558272
0.7647620647835724
0.7652023664475553
0.7609462366942457
0.7656010053927548
0.7659697835987487
0.7692795817804103
0.7707489250326205
0.7707534573517743
0.7717370347144876
0.7684066071084457
0.7745520985278747
0.7769195589636773
0.7786010301378068
0.7787978366413707
0.7798480333260722
0.7800835600668193
0.7811893882446129
0.7844712552882933
0.7799510073608196
0.7863613990519184
0.7859804470494987
0.7862149480885985
0.7908918270682409
0.7881075919999887
0.7939902858361245
0.7940758165322336
0.7981038110072916
0.798964316993607
0.7982924311295834
0.8037131553544383
0.8054769647282999
0.8066165384902878
0.8071346524454842
0.8063101421763517
0.812014626761915
0.8097653335665095
0.810227687815908
0.8155213276066702
0.815233105443796
0.8166859028463093
0.8159964197884003
0.816406706857931
0.8155116347261037
0.8207022299651301
0.8193182250899701
0.8204091485407022
0.8226878665521128
0.8206467779698263
0.8181603874280262
0.823843755380927
0.82463418671283
0.8248144794198734
0.8257655740935459
0.8260384107317112
0.8264129585094709
0.824970373248983
0.827906687818344
0.8289100804547551
0.8275973426121723
0.8286090370212906
0.8212571409669213
0.8288843673965859
0.8309183850481419
0.8318668770038845
0.8316447356696338
0.8294221555915035
0.833048440427056
0.8321455409095332
0.8320753893274975
0.8333352778927063
0.8323188267921989
0.8357345030263967
0.8320173602568048
0.83584650323564
0.8352965091911201
0.836743960123797
0.8376119986065844
0.8382087005398652
0.8377790020666606
0.8330134960540617
0.8383537091102435
0.8388054665794992
0.8384420092008003
0.8391053560986105
0.8392649745068267
0.8396842621083117
0.8408101299320384
0.8404909828645001
0.8397323995687436
0.8414467316593968
0.8418056695402125
0.8395449590033464
0.8418151124060024
0.8418800713734491
0.842131592649258
0.8411721320965252
0.8423865820787613
0.8436354379406269
0.8435457339209407
0.8423154047950783
0.8443604102755303
0.8432941293068731
0.8429839122543012
0.8441832459585112
0.8450289561985651
0.8444893409725882
0.8409056612192081
0.8459405100737364
0.8466278519794567
0.8455400056336663
0.8456005220308535
0.8450269112059058
0.8471945777820971
0.8476579256799666
0.8451854782699337
0.8466092098520182
0.847026317837503
0.8457835392578972
0.8481693148787384
0.8474081224544169
0.84864530454941
0.8490716566709905
0.847762919064832
0.8492967084336652
0.8487879347740936
0.8449442909382209
0.8467369225283701
0.8488432713779621
0.8507951431488451
0.8493734886125962
0.8489357127389197
0.849950689393309
0.8502151024566964
0.8511247331412792
0.8501909664148098
0.8471161436592599
0.8514092050825055
0.8509331641267517
0.8514222763678725
0.8518129981784821
0.8515041658231339
0.8527566052301296
0.8519215430553011
0.8514229046101315
0.8529773362246154
0.8519977270451499
0.8534241446834229
0.8519627185658024
0.8523802111894049
0.8518014269817742
0.8531659242937307
0.8544859830818207
0.8497099379847964
0.8525068597002976
0.8552455856685888
0.8534367351711428
0.8528933120278006
0.8540782218025963
0.855235815860399
0.8547393377993239
0.855433622423069
0.8548634605199102
0.8519037535423568
0.8533188820518751
0.8543606551617986
0.8556112867696413
0.856399826964132
0.8569134791171631
0.8564108404355694
0.8552746066145704
0.8571643465081719
0.8571816424021984
0.8567800866179398
0.8550928330507739
0.8575317528382127
0.8567604123782186
0.8569611486012186
0.8577460411442267
0.8566015440143321
0.8577616318092647
0.8567433921415099
0.8570110553969922
0.8588131298529311
0.8581361218913067
0.8585961298481872
0.856522744485283
0.8591651570688985
0.8586816413123904
0.8588600557032922
0.858589546125739
0.8585489988574966
0.8584120612769549
0.8598051436116929
0.8595263514933384
0.8590900180126031
0.8607204733510532
0.8598896357848842
0.8589479839770018
0.8560287152868907
0.8589621963554512
0.8579502455209211
0.8559080735412694
0.8578840941753096
0.859580194419183
0.8610178563117641
0.8607347754783968
0.8610612114382658
0.8613397150780321
0.86023152778645
0.8610350816888023
0.8615476183912922
0.8616140005197743
0.858887563739344
0.8599307087252208
0.8581344487154946
0.8619289293892882
0.8592385139685821
0.8612645439685602
0.8567259808560481
0.8631409048663004
0.8630576114819094
0.8626579724776041
0.8630749714822888
0.8633738160678471
0.8594862722014724
0.8615606448022122
0.8619045946177074
0.8619615659335763
0.8629373223212295
0.8614659725401719
0.8608085747119157
0.8629951975366749
0.862376891762449
0.8642828056889004
0.8622111511975259
0.864363682263785
0.8646558790205421
0.8640697354035924
0.8636750325884645
0.8641734787145753
0.8633742391697764
0.8639100208358469
0.8640143475146417
0.865147683728487
0.860482837511294
0.864821158019724
0.8649217601194121
0.8636188561913724
0.8664483888086207
0.8662428125559729
0.8653147769374575
0.8652386250007853
0.8650244392649359
0.8662582237232226
0.8654303606918305
0.8666815500249437
0.8662853022467096
0.8649855523512351
0.8669782149945015
0.8659611100091942
0.8668146219924022
0.8675264332930446
0.8654845497919812
0.8648375564248092
0.8648297098072079
0.8663692110520891
0.8678776014838826
0.8637953409810502
0.8684021965913626
0.868756409833966
0.8687697888298269
0.8677058605643231
0.8663352987913773
0.8656829589543691
0.8688739488321042
0.8689278366323958
0.8682009026430919
0.8657237241842114
0.8685020999318036
0.8677961671837271
0.8682794136935529
0.8683642584516854
0.867732977551622
0.8689153230722995
0.8691680944219908
0.8690709412440915
0.8684341984827565
0.8671601680560863
0.8692510352214406
0.8693211226971236
0.8682311351991444
0.86967377815535
0.8680831200408127
0.8676820258222953
0.8706789721802789
0.8698004843619603
0.8697344035333371
0.8697744571826618
0.8704430543907787
0.8680902230247197
0.870830493956117
0.8683281922175146
0.8696094089663503
0.8686481598463704
0.8707972548121112
0.8714510306314258
0.8707069161395307
0.8698243191039879
0.8683910997816666
0.8696691689085727
0.8712534484409912
0.8714437032752833
0.871901108514234
0.8706370145722714
0.8697536931349402
0.8700888283269049
0.8682898245652724
0.8701505883873392
0.8713710323135764
0.8714095666423363
0.8711559747313271
0.8721205573816606
0.8719579323854909
0.8714526973966025
0.8719606825480327
0.8705848512328741
0.8722572898218728
0.8723770404891878
0.8705231937426045
0.8726821482654296
0.8723265503256026
0.8725201707434247
0.8706899856517162
0.8726645190183676
0.8726757440407698
0.8721759003961643
0.8729283358926727
0.8723335956137921
0.8727696342053037
0.8730909801207482
0.8720837282818894
0.8725749111582108
0.8715919748590268
0.8707846002180384
0.873847576119563
0.8696558988935116
0.8708169482837383
0.8722962151993855
0.8714157080309489
0.8689539150967769
0.8713943413835099
0.8736702066622142
0.8722063509138168
0.8720932352540324
0.8730848002683236
0.8708441293773901
0.8725484544663473
0.8731608688667368
0.873373054484374
0.8727286766564024
0.8728088352401342
0.8729436380791223
0.8733504954587701
0.8727467033628526
0.8736796687599102
0.8739484025914865
0.873827600579983
0.8744908192650873
0.8733188461523176
0.8743529906062396
0.8734789517688162
0.8753663774230759
0.8736622126000011
0.8750838671362501
0.8744864279799102
0.8743557407687813
0.87421370673318
0.8736086389208388
0.8727677174253504
0.873197806947308
0.8742083217995319
0.8751099648325369
0.8746240130346165
0.875101739987453
0.8749912014030572
0.8733020310559381
0.8752936808188277
0.8743779407988088
0.8741962569839064
0.8756910696901443
0.8754000396690111
0.875176257212125
0.8753267020012336
0.8762639817558449
0.8752561721917155
0.8748196976770037
0.8741806534975979
0.8758368475367583
0.8760891124462613
0.876362327311909
0.876111645829324
0.8737088115079623
0.8757703179636642
0.8757117632208775
0.8766512354127595
0.8756672605906579
0.8759088517923944
0.8765657239485566
0.8748759894655312
0.8768611580761376
0.8720554317376962
0.8769190268809477
0.8759498542157427
0.8768785308977877
0.877256976341807
0.8769873193787479
0.8768104307190463
0.8771896646712068
0.876198304797245
0.8772318466514496
0.8776164911797992
0.8763394413439051
0.8755603119620275
0.8754562160661034
0.877443801486216
0.8759617074804038
0.8746128328866616
0.8780378494164848
0.8778886931650703
0.8774123124456458
0.8776336203973082
0.8782935888903177
0.8772146917913995
0.8778615889990422
0.873377266271763
0.8769923581380898
0.8775334606314553
0.8775642124489667
0.8757246998829032
0.8769931081824196
0.8777383381248559
0.8791144771505085
0.8776941432051305
0.8774764123879628
0.8785725092213784
0.8755904868223623
0.8781603117825297
0.8785359878321013
0.8761274993304091
0.8779226567108646
0.8755076165399007
0.8790289144012229
0.8787748801563784
0.8775809249751811
0.8779202591332641
0.8793784030056135
0.8773468342167402
0.8788122413388793
0.8783055895995905
0.879139049115595
0.8764387484952636
0.8792594600783457
0.8771802025735111
0.8770343798524503
0.8793955194018518
0.8755353553588232
0.8798072296324181
0.8786400388535783
0.876660601350926
0.8802796421685949
0.8787053696378722
0.878510249131391
0.8798952284231157
0.8785813494874505
0.877832747550849
0.8796030124344529
0.8802163435556896
0.8795093145889776
0.8796880687435501
0.8773771693429572
0.8778805644795161
0.8808295015897736
0.8807100073478703
0.880810276094523
0.8793481448070201
0.8799433466516419
0.879826141006539
0.8803236191267201
0.8788813287554559
0.8793460998143608
0.8786335128268479
0.8791042329553067
0.8808147314860532
0.8788789760523026
0.8750522242404327
0.8796254945324333
0.8810203141493363
0.8761674760521102
0.8786748806564081
0.8810287249028437
0.8807844540555538
0.8784220708429049
0.8804333179178924
0.87962390469488
0.8802546406909434
0.8805293556452503
0.8803037333360343
0.8812068508151571
0.8799640978780926
0.8804520690261308
0.8805040464571047
0.8810868437224304
0.8814819055331349
0.8774399422837683
0.882114590362328
0.8780771209683034
0.8820471633002923
