0.5275052474255209
0.5608088247266921
0.6474168152758772
0.6839968746870809
0.721521560440944
0.7381630952803749
0.7562474782163408
0.7640007954316275
0.7658180053974984
0.7738241388369235
0.7782343097457427
0.7739235677903528
0.7790831804289972
0.7818639922180015
0.779928890669051
0.7867062976414375
0.7859241424397005
0.7858516445651468
0.7855989180899026
0.7893496782309827
0.7935596193569902
0.792208327953742
0.799293798005241
0.8042002738879823
0.8063257136094839
0.8107610398512015
0.8172037475548234
0.8162625829552234
0.8147401019470509
0.8185835021787825
0.8225751355304463
0.8219500729466189
0.8206710935095011
0.8213974184884517
0.8249173124206444
0.8290948413745992
0.8266711853097984
0.8289974894670057
0.8273307435221492
0.8214614671456864
0.8291599862504695
0.8290727246828307
0.8238759560020149
0.8278853211709052
0.8340398195329237
0.8286120820730559
0.8305261503276027
0.8302837001007368
0.830828668207185
0.8334504321345146
0.8284140896019624
0.8352771106087168
0.8288596095230757
0.8332180594263326
0.8291980974772996
0.8284017106652072
0.8322243404385824
0.82650522037264
0.8293706525475416
0.8399300074017195
0.8395320736264027
0.8305374971520751
0.8356804741921284
0.8366103560736089
0.8373203531644626
0.8372937939024345
0.835713488963899
0.8362554056079468
0.835799949202126
0.8355156888118644
0.8398747925999216
0.8325796691317269
0.8353795205075581
0.838935243480416
0.8403826431280105
0.8395323556943558
0.8381720765804236
0.8382846986212902
0.8342444598328184
0.8390812328779945
0.8417032468201006
0.8406944628394064
0.8413915809639518
0.8422730304957767
0.8394951163139257
0.8414947857815699
0.8444846804407287
0.8469389280571583
0.8456092533161255
0.8487466502827925
0.8441537826786943
0.8325913813624112
0.8478347822864916
0.8469482170677012
0.8411695165573246
0.8475468550128412
0.8460233483030215
0.8419694228081941
0.8438524956410886
0.8449942554297118
0.841870577222577
0.8402903620329355
0.8443693082373201
0.8448808384700685
0.8431616278859558
0.8486389195566559
0.8449238602435349
0.8374653937880174
0.8497134638342085
0.8498407149448192
0.8413403087028606
0.8428732198146582
0.84586013993904
0.8490810097878863
0.8483308628881785
0.8444102016798686
0.8487349124095667
0.8510331956798984
0.8515007104907097
0.8491937856840002
0.8493534553772986
0.8495706989861836
0.8482260810542777
0.8489530535073933
0.8477531620779125
0.8525649015922608
0.8440980229728963
0.8456555060497806
0.8501100321442074
0.8519058754626396
0.8484437285331865
0.8523972186048431
0.850975121734759
0.8517391348386103
0.8521520887324239
0.8521518900027296
0.8497871156231156
0.8515980111132209
0.852424380466589
0.8517528279556009
0.8457125030081907
0.8477501875431355
0.8537650302152473
0.8549113479655657
0.8532361720352959
0.8538102187834434
0.8516989465659446
0.8576327011122068
0.8523190216755119
0.8460158158065496
0.8561716211688922
0.8509919240098678
0.8502394756920891
0.8520682440333974
0.8474784214810644
0.8540066150063483
0.8492427885801968
0.8542028830165475
0.8579601435418169
0.8577546313955222
0.8536753518381022
0.8529420969623975
0.8498892434540041
0.8495644357955002
0.8454087799291726
0.8555692842871867
0.853150141309634
0.8501129169300904
0.8512795051092121
0.8509809361809717
0.8534006048306187
0.8517010556649566
0.851400768686457
0.8534806928973622
0.8538545867903218
0.8470481909251303
0.8576728060466138
0.8512301368068036
0.8558399092561754
0.8590937554129803
0.8554135058495125
0.8569166523816343
0.8513399189362344
0.8558874377062541
0.8560524154055771
0.8521424407263045
0.8424875624059319
0.8556830410105007
0.8554591816259909
0.8559737569105046
0.8564978968628786
0.8526079169550917
0.8534927192491761
0.8538921274706106
0.8600457091117821
0.8568281663826541
0.853074431706797
0.8548712686736998
0.8528388408596971
0.8571641541891131
0.852726064963583
0.8551929415315445
0.8511654086222276
0.8555667328543392
0.8558740138359457
0.8567199356269647
0.8557430381462288
0.8526839406790581
0.8417464609126256
0.8524136426524695
0.8510108866690711
0.8497975200841998
0.8525134241908399
0.8571817449723632
0.8582758032237547
0.8487155202377987
0.8608381662044384
0.8515346996790452
0.8611176186182286
0.8492956891426532
0.8526869536776469
0.8510110533455887
0.8589276366205745
0.8493513783314629
0.8541200832510741
0.8520411270460985
0.8513312902211272
0.8558792513249821
0.8564927875865485
0.8529053768434264
0.8588895318043797
0.8499334127311884
0.8532367105286607
0.8553434632482766
0.8584890978812978
0.8490225576152641
0.8513180522592424
0.8485412086534857
0.8560831928656296
0.8533012528048133
0.8535065854533197
0.8559284208976967
0.8567771249044334
0.8569208898115644
0.8557315502877798
0.8547675381839875
0.8548764228244773
0.8534183238265748
0.854849363532896
0.8530268519716357
0.8490078708498029
0.8559452680472526
0.8517891634364544
0.8550947241881861
0.8571539484577229
0.8571906813979647
0.8522330678774732
0.8508156507711546
0.855403768094499
0.8547543963816323
0.8565172441601997
0.8547543643284558
0.8557239152211431
0.8597164973468303
0.8546556405449091
0.8591629133465454
0.8574425809012558
0.8614354386842608
0.8428322238019453
0.8537277587816408
0.8580008574865771
0.8445892186704881
0.857004260123579
0.8544234729770567
0.8574396897047377
0.8566960688317604
0.8532569681361939
0.8522262469615193
0.8566224747385711
0.8511998145018571
0.8589563690879678
0.8573496972064631
0.8568306537091488
0.8563485290604996
0.8529348401232432
0.8605875360069359
0.8588470998093605
0.860214546013553
0.8502603743631514
0.8590560160029972
0.8546751224655713
0.8529515077750107
0.8595489105189421
0.8542158260892085
0.8547695190702937
0.8574096943421913
0.8587224706485856
0.8499637093935937
0.8552341106314104
0.8569833935056932
0.8491933369395295
0.8610815139202458
0.858043456158114
0.8603620739636023
0.8592278274395448
0.8531751748404617
0.8575612353499356
0.8553646375766567
0.8564514069357175
0.8573475304117333
0.8599024762873807
0.8558037981475571
0.8589149243307842
0.852521328504159
0.8595736235180054
0.8555908047898728
0.858299413593547
0.8587828203692552
0.8567414945934625
0.8525552599967768
0.8559542237047599
0.85895533056505
0.8571991242046484
0.8606899330845067
0.8606752142658687
0.8613026487847552
0.8506392044452884
0.8553014543551869
0.858803988287
0.8565606441611485
0.860552732667918
0.8615713313312492
0.8339886883058089
0.8565471241313108
0.8616190136365752
0.8612726341903028
0.8570499294894224
0.8570483652944104
0.8579381935265662
0.8589845053662787
0.858132025495353
0.8647693088014561
0.8584679812486354
0.8604108076131166
0.863219755680432
0.8554082298966643
0.8595919899881262
0.8616459447154505
0.8571574999496765
0.8573621723027478
0.8604045059586213
0.843707980689628
0.8579563163925458
0.8572285682525594
0.8618086338179731
0.8593441420063415
0.8603028461041096
0.8622055034278309
0.8593883946217846
0.8634704499842876
0.8550079049543826
0.8590896782489325
0.8624442418968608
0.8599586462738376
0.8592639321375276
0.8621640971344589
0.8586382092582652
0.855591330461967
0.8639082963749524
0.8627071484609539
0.8543267172585458
0.8569083506089271
0.8604141539647406
0.8598086245866582
0.8601545809310012
0.8529551233733172
0.8615297840039007
0.8612851285184933
0.8550372272002229
0.8614901534565056
0.8605489952675407
0.8548252531335506
0.8586315165550169
0.8619266151499467
0.8603019293832623
0.8624619352502757
0.855996848018838
0.8562818264002527
0.8615485607546804
0.8536068541999726
0.8586562551966211
0.8631984595499811
0.8579314110744237
0.8643096470188815
0.8606194737919767
0.8614726075477025
0.8600135020800589
0.8597048684544049
0.8634000419768401
0.861469838153255
0.8638505044977658
0.8638925839078437
0.8585593328015925
0.861065730936149
0.8572257732155707
0.856144978568605
0.8588047767951413
0.8580216151236629
0.8597938801254792
0.8622035481840659
0.8519775591865109
0.8571401463599324
0.8557114080716822
0.8588522283175968
0.8560144516233588
0.8600335545472624
0.8600184959649539
0.8588733898247063
0.8635982267669923
0.8612773652391507
0.8606567195830419
0.8589037057190176
0.8620079340586668
0.8582543404167862
0.8595203703706077
0.8539700551532596
0.858802879247094
0.8609263957780069
0.8625587999495867
0.8590326300054401
0.8568600272400715
0.8576026929283898
0.8612512034365108
0.8583198314669622
0.8601899804591016
0.8618042874072431
0.8569219796195647
0.8565700229205855
0.8652301886047367
0.8604916585454602
0.8539693115195656
0.8626576134820276
0.8571223440257175
0.8551437078524768
0.8626302849437639
0.8632121077925247
0.8590976402579692
0.8607157679447465
0.8594381155091345
0.8596111513770237
0.8581499624529091
0.8612251954891179
0.8576657287052478
0.8581127038405731
0.8588935448620745
0.856211700460758
0.8634152159505838
0.8613176112075343
0.8592091724908356
0.8530533407166756
0.8564755237456984
0.8562048923660744
0.8629891651288621
0.8576814860468036
0.8511945000851974
0.8576486123090096
0.8575466191014622
0.8546157856252787
0.8573898790684936
0.8558845977948184
0.8577411177763199
0.8594045494227287
0.8575985452473537
0.8599221248845605
0.8535364077287131
0.8607112356255928
0.8619709318717427
0.8620926249615521
0.8515672721169804
0.859359303158815
0.8585455242931666
0.8541920041684516
0.8563879095931183
0.8599767178547347
0.857043775279539
0.8605377638345035
0.860802721801891
0.8613151174704042
0.8614691970897254
0.865113681718881
0.8519556284031659
0.8603033653655685
0.8622851427501036
0.855859141162061
0.8589568370643444
0.8582936183792401
0.8579503224485447
0.8528087621588918
0.8602476889980293
0.8594094343268237
0.8631231345852619
0.8633481222415839
0.8592510082967725
0.8529678484843783
0.8571863285765993
0.864141572982711
0.8580983696600529
0.8608729246690093
0.8585920526841394
0.8604511048665826
0.8595309222763038
0.8618023449847484
0.860801240945138
0.856615653822617
0.8581260379619873
0.856856847564965
0.861034203431767
0.8639281821656383
0.8582753929430957
0.8611210995931939
0.866910826396278
0.8587882758198914
0.8618629190776531
0.8631193651317084
0.8624803401842083
0.8573800643858567
0.8629229496768976
0.8631222114537794
0.8574213296452521
0.8531949965247947
0.8603457204329643
0.8616154941977979
0.8601534398379186
0.8630219555283971
0.8574587485234704
0.8552459895386124
0.851156991458085
0.8597255619851378
0.8651114187646218
0.8580124543258262
0.8640363231724336
0.8561898466050366
0.8602856014951653
0.8615081416991441
0.8630395014372004
0.858414381926932
0.8587213680193149
0.8529655727088487
0.8528825549817752
0.852102130651568
0.8606073961550803
0.8603903320439837
0.8598604609836555
0.86165602864477
0.8543649438768112
0.8556818935067829
0.8576793128414385
0.8604367065797095
0.8654193023459462
0.8631300773032867
0.8545115294634722
0.8522728074056685
0.8598543516482192
0.8603451947608699
0.8616882549083991
0.8643187116571889
0.8588415866630066
0.8584528842025151
0.8593195251668079
0.8587947762040808
0.8612128421949041
0.8595909514652084
0.8583369350419301
0.8594539433676784
0.8602278160286141
0.8583537116744976
0.863221948117703
0.865179512532728
0.8583757514386428
0.8581519433392153
0.8621072476206607
0.8587271311804455
0.857001195839908
0.859730972561327
0.8558243314124079
0.8629071987459771
0.8603120453657582
0.8567043577831972
0.8581904456147985
0.8620479556548148
0.8635363769576638
0.8591743050454649
0.8625439208650666
0.8581197170755862
0.8611917447941475
0.8572562045013172
0.8599857889036775
0.859631723105686
0.8542981194144934
0.859956985919296
