0.5452607530021104
0.5414154670669268
0.5453252911171227
0.5532278757687553
0.5628354204677657
0.5763642698922322
0.6005320294247345
0.6062913079354504
0.6118100793819452
0.623677421742829
0.6217310931019584
0.6300265351015744
0.6452482257283273
0.6428757719461817
0.6533791794539947
0.6589179064711059
0.6655781531492724
0.6662081607881652
0.6728282027669766
0.6769896954717384
0.6831425524623462
0.6867492203160089
0.6905182960099708
0.6948592165444253
0.6977463670586944
0.6996935572288369
0.7032381566847333
0.7058191771310565
0.7067748555981216
0.7110743716739387
0.7135330932538428
0.7151709305983927
0.7177892456896415
0.7205909069733455
0.7252353538428352
0.7303048664916805
0.7324810511422921
0.7367714732980171
0.7387557156085491
0.7405018631368216
0.7433827149148586
0.7433374048568553
0.7452410335543316
0.7478520288376184
0.7489000504792336
0.7494113776746496
0.7539318855812547
0.7533791028736149
0.7579293686394409
0.7579415449198171
0.7567874594522844
0.763202757404206
0.7648765811455276
0.769677022248515
0.7696701363960381
0.7726356924557477
0.7772357673768859
0.7774196113418095
0.7782986775206592
0.7793999225261824
0.7798944977635338
0.782634671384018
0.7850151214341463
0.7868027436197376
0.7877321933067472
0.7890736390549726
0.7895016021253608
0.7908634884532741
0.7895676271760792
0.7938376789507977
0.7948315199737586
0.7934357085376275
0.7949112592941459
0.7964265871762324
0.7971814399791701
0.7984416658530002
0.7961778158126998
0.7966058044098812
0.7995851959915277
0.7999000179325723
0.8014783267952835
0.8024147644419427
0.8034106348449662
0.8030141590740411
0.8041768343074995
0.8061569157507333
0.8023059245772604
0.8060266397614265
0.8056364180548456
0.8059352091697347
0.8073026794836696
0.8081760978595145
0.8079162989213015
0.8092974260696204
0.8088464569768237
0.8093888311345192
0.8063739892187588
0.809594021880291
0.8084240140754738
0.8079182261941913
0.8115255322176848
0.8102717710042432
0.8116726814173242
0.8130348932118513
0.8128048904230492
0.8127444365949557
0.8106443345515996
0.815033168876968
0.8142556482816321
0.8135440314847467
0.8163283345490469
0.8135626405170198
0.8174160950260405
0.8152223351782822
0.8155690464657834
0.8162106751772996
0.8181601436137388
0.8148247170833596
0.8188302538448136
0.8188436362661705
0.8196968246583718
0.8189736761326399
0.8199072292516629
0.8185862240831254
0.817706998361818
0.8195589799748688
0.8215666303548032
0.8204256018420134
0.8204334768577283
0.821175125926862
0.8225858003383576
0.8217983306753559
0.823611696631931
0.8225321494006629
0.8231448243469449
0.8242175942146075
0.824086456696029
0.8219563925791059
0.8213832267270631
0.8234651409302346
0.8223718347574094
0.825085754071045
0.8251986207873611
0.8237670335505025
0.8236418373930507
0.8252180785855093
0.8252138347561331
0.8273187422183165
0.8249323316619666
0.8258918263846211
0.8278483019258052
0.8271515161957932
0.8276330089516082
0.8274451891886373
0.8262769235874587
0.8248571488741727
0.8276863344226891
0.8255793592902531
0.8285066315417992
0.8264608632778572
0.8283090924523016
0.8299344535766547
0.8279429999470318
0.8297214516321513
0.8258645956779309
0.8274906396440034
0.8301310737015956
0.8302019807515215
0.8315131453412645
0.8307459503337947
0.8258350484147543
0.8313315413524479
0.8312384323741003
0.830404101900406
0.8328987779685907
0.8310614870250501
0.8294619781605522
0.824961030159268
0.8304320282122118
0.8309873955076672
0.8330824177191684
0.8340119695133509
0.8309359334924928
0.833570502769338
0.8294335030226915
0.8317344817837612
0.8342327060762065
0.8315623801437285
0.8329599656919898
0.8342375242584308
0.8348855346682569
0.8342677224548349
0.8344280051895971
0.8340659969712458
0.8345362962282248
0.8316004150656582
0.8356005337652466
0.8359778133876543
0.8352462984554376
0.832751992525755
0.8352502295815967
0.8342640529783067
0.8348876597737943
0.8348242895095729
0.8337978826801345
0.8364815718888743
0.8372293027164974
0.8374574803395829
0.8374619347650035
0.8361220589145625
0.8359013095883103
0.8339166460856897
0.8332586929898957
0.8354703854099061
0.8373813849689308
0.8380687257854436
0.836763923748916
0.8388823540298191
0.8391309084156093
0.8389394255578083
0.8362300308682746
0.839938486809987
0.8355766406867728
0.8347890561532016
0.8389208803425185
0.8388916840727488
0.8393208086122296
0.8403233032180992
0.8379958850809295
0.8391925939114769
0.840504728519363
0.8408394549774375
0.839781662955709
0.8402160332512008
0.8401332562424177
0.8406626372623536
0.8409879507154203
0.8396469708311716
0.8418573358579332
0.841925894442881
0.8399410841611991
0.8418732135233292
0.8431451817220503
0.8394842949595431
0.8415869113920335
0.8408863540783198
0.8414826216782464
0.8395996569198989
0.8414448228791542
0.8428611514753529
0.8416327447492982
0.8432246274843154
0.8396916937729304
0.8444861552246007
0.8435908731503445
0.8428536402164417
0.843895905566181
0.8415499422137218
0.8439172140568392
0.8431223671505907
0.8452210269301287
0.8435573756159137
0.8433664288207706
0.8432302433788285
0.8456118612797475
0.8457322264915783
0.8431586151969935
0.8462807270796519
0.8444375713553642
0.8465301621398089
0.8428449291982482
0.8446522197780318
0.8470754527336324
0.843455134427284
0.8458624322822038
0.8460458933452288
0.844442727767599
0.8467477397620009
0.8439512157454366
0.8451508793023019
0.846777912431612
0.8473141537772315
0.8432249593326275
0.8476779041992213
0.8471061040306167
0.8476032510923871
0.8459456049562822
0.8465185538305825
0.8453606521074603
0.8464812655673553
0.8495167395137528
0.8464128856699602
0.8492019048093117
0.8480857585382336
0.8496089741994319
0.8495990761853527
0.8491166389381877
0.8472074071095949
0.8488286775653311
0.8492793977718938
0.848327280292486
0.8498457734969346
0.8499484294959543
0.8506211753684314
0.8485254575518145
0.8501189293297111
0.848695580865371
0.8503392319370815
0.8506364659175828
0.8508186187324545
0.8496733208634947
0.8510568985839648
0.85089470133971
0.8506839393713135
0.8467794887110948
0.8513618863279134
0.8505849017952355
0.8481611008684852
0.8504312177365265
0.8520756665205258
0.8529852563623938
0.8508338773731142
0.8525584802878912
0.8522654199380848
0.850384810026414
0.8510827763706132
0.8527202882485492
0.8527504800632554
0.8512618787336925
0.8514545549690775
0.8529072720090415
0.8521573905490878
0.8530897694356216
0.850219983522455
0.8530971275337735
0.852728424913895
0.8523130593159713
0.8526892349045712
0.8534463978822973
0.8511533707173221
0.8524606297076991
0.853128436145684
0.854227907039077
0.8529655560597096
0.8539833029245409
0.8521280985538433
0.8537654062174334
0.8550386379924199
0.853411043273658
0.8534591166070297
0.8530157481169203
0.8541925332853428
0.8536544986824983
0.8504129979878506
0.856220209434575
0.8555366465834622
0.8535031949972591
0.8538865180879667
0.8504641026279195
0.8556797114961828
0.854884711429175
0.8546176437365864
0.8510860501818465
0.8548661087786004
0.8562616521834023
0.8563432358146015
0.8539181649298875
0.8555455171441134
0.8547757949841127
0.8551462653344233
0.8552890558341166
0.8570177047456223
0.8525093412109017
0.8508009095196432
0.8560214833491919
0.8565896906216477
0.8556100488774274
0.8559919041775236
0.8552888069478825
0.8566775027903977
0.856895399497505
0.8569759748203711
0.856565778398079
0.8574250357853732
0.856576435834257
0.8577757356343184
0.857434653004727
0.8554616552466175
0.8583340768011865
0.8566716188645553
0.8526123035314404
0.8582814469352211
0.8591551843959818
0.8568696684899179
0.8565423894737715
0.8547295659615527
0.8550500101788089
0.8577982949378454
0.8566334244001682
0.8584261710895027
0.8577750847010908
0.8589591067153972
0.8574415260938071
0.8535441080651265
0.8572494242112699
0.8582737888972489
0.8580143664792361
0.858736174848323
0.8596527717949356
0.8588380458984507
0.8561571774003641
0.8593203810384427
0.8566935336165531
0.8581267226596876
0.8607516045184975
0.8598804261187596
0.858747508744522
0.8590506840861504
0.8588336297632198
0.8581491798560417
0.8590051570504045
0.8603486130335976
0.8594097503415804
0.8608529777961571
0.8583010259856373
0.8610964459683939
0.8587554603406167
0.8609424236796744
0.8575181256186258
0.8606855411775892
0.8545601765433021
0.8601532564849222
0.8593252375108569
0.8609799225389458
0.8615113584657376
0.8586920645496021
0.861735630489457
0.8597232193625833
0.8615531458262736
0.8607924601510805
0.8601255343874623
0.8620490931287617
0.8575634292949307
0.8616602243422223
0.8614193152310079
0.8620806187184145
0.8605270644634491
0.8587377000742189
0.861446692716759
0.8590430324298763
0.8596640354924533
0.8587253004344022
0.8619076746942049
0.8611536706571425
0.8617840292894425
0.8577000550740564
0.8613732712776989
0.8610104334385675
0.8621127058975189
0.8625111472315234
0.8614114019251032
0.8619185235813325
0.862259070148266
0.859094992217519
0.8612567414665525
0.8622966455879172
0.8621657761006675
0.8623625685314628
0.8618272525320984
0.8639307432572572
0.8590125215302546
0.8595534470424339
0.8628141183588058
0.8628837490690698
0.8624361878031706
0.8617631866627611
0.8629313373933698
0.8627702697097157
0.8625933115972689
0.8626589856545804
0.8620737711561277
0.8635889841676446
0.8603740377196659
0.8632520624053516
0.8632563189981246
0.863399651942174
0.8642310468346457
0.8610962289906514
0.8637351378223475
0.8644271691871184
0.8654325100304343
0.8623870295810863
0.8649178324434056
0.8620477593538147
0.8640124991943106
0.8648775766904642
0.8645813956901839
0.8632226874480291
0.8658972763549782
0.865675231543969
0.8618656639742281
0.8660116491520956
0.8637488201835251
0.8618901186421534
0.8642165922879728
0.8668436758327
0.8615458706901997
0.86463519340694
0.8631924828699262
0.8658217234286824
0.8650156894052959
0.8648013473041473
0.8658360886315789
0.86572810391447
0.865127401034218
0.8660281777507194
0.8649577691114316
0.8643825036806445
0.8648055719884287
0.8674029423458228
0.8658691394471281
0.8654921725279375
0.8651888248804548
0.8660250251917541
0.8666475343351324
0.8666786323509986
0.8667725900952213
0.8665309343253045
0.8674170139905972
0.8670845083635347
0.8646630431383662
0.8652582513763728
0.8641279824069341
0.8668505999753666
0.8684451694053724
0.8651632725604204
0.8634991936724186
0.8668976522370087
0.8678842308872922
0.8649992118602587
0.8657208989770775
0.8673469237980551
0.8623336977283068
0.8657920549132376
0.8627709844599264
0.8659775836465151
0.8675272259204163
0.8679318511200838
0.8666796023691415
0.8663529296143347
0.8671020388887931
0.8671556451545998
0.8689706703527357
0.867308059255345
0.868093186835067
0.8670607046288372
0.8644793076623138
0.867717483492142
0.8677762908420716
0.8672574204792526
0.8684894073380597
0.8674558466248155
0.8670386941513649
0.8672794756286133
0.8644919178981748
0.8688065458355907
0.8685749795307027
0.8684017355666726
0.8687829207884461
0.8692765260076541
0.8682173427756942
0.8652524504126087
0.8693349121654953
0.8685418457530755
0.8690693122635181
0.8696414698072281
0.8687036600954319
0.8680909149504684
0.866860600096619
0.8692383825968535
0.8696676411519986
0.8690138616868998
0.8686737044035633
0.8696890772766231
0.8692865452740014
0.8697468252646331
0.8702499647411169
0.8684289662733624
0.8693837193941725
0.8680970413808463
0.8668388193602858
0.86989368090615
0.8684704217855864
0.8696127202563401
0.8688406049594729
0.8698895838558348
0.8680254195807097
0.8688980466259644
0.8677118420708355
0.8682646758320617
