0.559995558337976
0.5882112099636179
0.6220296927658983
0.6641986086621345
0.6995026168153922
0.7097392182802472
0.7238335563736892
0.7430281349933406
0.7586404621370648
0.7662846773509061
0.7780909979125463
0.7765452676197095
0.7820063931853674
0.7862060675911196
0.789983260805332
0.7885208691107294
0.7883606438112524
0.7955794103438396
0.7918157271849499
0.7976766725314475
0.7962200690372123
0.8009000811113854
0.7975424207440932
0.8000110339563784
0.7980607295174605
0.801603663350098
0.8044084261391811
0.8012254137095473
0.803488817030966
0.7984093808412481
0.8036666558177795
0.808391709918627
0.7984812323825241
0.8099107519491302
0.8071878408225754
0.8031104014662589
0.802764002881975
0.8111920310456859
0.810772383328196
0.8047557436880217
0.8059191400533892
0.8113654281704755
0.8107914901329372
0.8104504394118371
0.8068766692129644
0.8026211549469968
0.8122378892915741
0.8097196137030378
0.8056089384619214
0.8130032336065338
0.8128068304593354
0.813143879855595
0.8093191174621772
0.8128998181854151
0.8132284182131118
0.8089431333245266
0.8083400436891067
0.807908883387865
0.8130679695541937
0.8109014212680307
0.8092744264289102
0.8113643369000646
0.8145982752822147
0.8148879278051233
0.8159177233163644
0.8099596421398856
0.8134203414080963
0.816205442184685
0.8178030046311985
0.8096384512639273
0.8181745598702218
0.80911829179805
0.8068562796868629
0.8163367966810063
0.8065155991042647
0.8161916832431281
0.816403644970807
0.8181459443349984
0.8087547519721042
0.8147826361647014
0.819255791869844
0.8181710818446426
0.8174217683558385
0.8183041593995076
0.817872954426378
0.8136083143318267
0.8093704454616871
0.8130557868921193
0.8154208442859232
0.8158146461252562
0.8162605672946897
0.8165588351103172
0.8202570101360515
0.811376564234027
0.8183032212898561
0.8171996405827512
0.8165067859788983
0.8184020737966828
0.8213570936724823
0.8190772766230094
0.816158715389657
0.8176886637425724
0.8154992753581569
0.8139184074344232
0.8189205867843963
0.8167366356069409
0.8119718426707153
0.8180320374018574
0.8143950500995226
0.8179726493173817
0.817786278199927
0.8205083724690982
0.8177972483393225
0.820181935837129
0.8224995389222971
0.8135006359362367
0.8194997450511526
0.8156800497261932
0.819788529663091
0.8181558678758709
0.8174516729941207
0.8165001617760522
0.814627586422554
0.8149363138417122
0.821975869522349
0.8190005175557329
0.8179455462446577
0.8168851951619069
0.822611263314616
0.8206517628484327
0.8202601754584133
0.8188515942439635
0.8212959761477644
0.812419665586245
0.8224151537255397
0.8241159018520328
0.8187506293949958
0.8171429455749623
0.8156370498429784
0.8205256987800107
0.8206955093903501
0.8209423279541997
0.8205671032386479
0.8223740428250246
0.8140233736082314
0.8201546349317572
0.8202670996010801
0.8199639880764349
0.8170287578470958
0.8142807411193881
0.8226228907689372
0.8239564551197494
0.8172755508841524
0.8223300473968733
0.8211739899845627
0.8234996403913003
0.8214316957257299
0.8183099093096852
0.8235710069235046
0.8236297951283391
0.8199720481614007
0.8191388983018939
0.8251850724418484
0.8224562710077531
0.8233613808974072
0.820193556909752
0.8242440846442937
0.8233666138900216
0.8247563116591714
0.8220180972200684
0.8221285006008369
0.8219778542305236
0.8241736051681545
0.8270863399109498
0.8243284060240679
0.8255731945696853
0.820255478528457
0.820855217772264
0.8264664855540687
0.8213275464093056
0.8288647979777674
0.8232495161077256
0.8236888130743129
0.8219242607281135
0.8246296349477115
0.8195672634192757
0.8266171000158904
0.8236495528663079
0.824642270710366
0.8194175041050274
0.8239730922072444
0.8271031429226008
0.825381769147169
0.821426679710858
0.8199712568308104
0.8233947188893802
0.8231690365103342
0.8249222294335413
0.8192382358177924
0.8210061959908895
0.81975182213441
0.8262896678389846
0.826208441582891
0.8237011233703536
0.8237545573303059
0.8231127180227455
0.8202746938220693
0.8237798224739163
0.8215061254731232
0.8238599829863924
0.8262751750021219
0.8221153862108093
0.823614715175232
0.8193249630978294
0.8230985187440052
0.827625931648182
0.823365056755634
0.8199985449727852
0.8211848133448969
0.8288186327721906
0.8262151998014016
0.8239508136984431
0.8257471149937364
0.8252290678699996
0.8265549295109513
0.8229691744826517
0.8255928438187827
0.8209362461957102
0.8246824115927379
0.8271492762196861
0.821926143329115
0.8215131517229629
0.8230214469735115
0.8229655496780114
0.8275439842601792
0.8187371640115612
0.8238503849121335
0.8269746474271227
0.8252125711798675
0.8244952108545031
0.8250194737523939
0.8243017815787173
0.8282276619818618
0.8242888522579405
0.8233746548298926
0.821365045268577
0.8278235600814561
0.8204816140080831
0.8247789858332679
0.8233296000398218
0.8217525356082811
0.8175007993077135
0.8260905652334012
0.8237001022986239
0.8258558016976594
0.8265550379998227
0.8256202787398188
0.8228263712195617
0.8211822096119863
0.8182462837775314
0.8226240139478398
0.828028635956658
0.8254722807743042
0.8258239761681858
0.8162686018528623
0.8245805724511018
0.817637999439687
0.8271779109000046
0.8256064113093905
0.8266017137412643
0.8217787452432417
0.8210624315164
0.8269709907139908
0.8281058672696096
0.8239139466273043
0.8271849818217324
0.8251677397492375
0.82279170583434
0.8192553323875656
0.8259467345168832
0.819609695331341
0.8222723823709415
0.82640831637397
0.8233119291172005
0.830297348851071
0.8209411026681241
0.8231397572784864
0.8124990411498288
0.8269268804152698
0.8284008548923056
0.8262791380367726
0.8268921384496685
0.8248820374975829
0.8270912538186487
0.8223958809966426
0.8270513107689245
0.8253396818468125
0.8250734820651942
0.8268208740246372
0.8256038394849714
0.8287584023035379
0.8276614457992791
0.8249924089698598
0.8254979671100033
0.823459984518
0.8309842620937969
0.8235053775380813
0.8302038505891265
0.8288411601672261
0.8217596320568022
0.8261494300186154
0.8273286721408875
0.8251367055503545
0.8248067845111078
0.8262702866212164
0.8227094840333099
0.8220008028176473
0.8278272806115708
0.8249757080653818
0.8288429661878478
0.8277523530917094
0.8215458898352949
0.8274680867221746
0.8254405062984171
0.8153403965970232
0.8299103754289299
0.8127027577232909
0.826381130339168
0.8257716079518514
0.8265408514844789
0.8272009807393963
0.8271809613517969
0.8268358710156665
0.8267712754653693
0.8301558410727379
0.8273792598633933
0.8250793213191481
0.8269844943876153
0.8279724833932256
0.8249109976445151
0.8263011740410382
0.8235814218551468
0.830340227482018
0.8271450451537065
0.8262680849352991
0.8282671008774196
0.8258707923069903
0.8282270301937293
0.8259607742531659
0.8237123870678713
0.8271624161365071
0.8289013906358788
0.8285244875336714
0.8290806078695275
0.8275350371191483
0.8252138539012279
0.8294092653325087
0.823233587388743
0.8232796058152587
0.8315941482379174
0.8222228986822433
0.8262907527276974
0.8274463315126348
0.8295608370490771
0.8224534311520052
0.8241874789802812
0.8254523315853861
0.8267134891871692
0.8252082252433183
0.8282132393436807
0.8318301179146398
0.8253376397033533
0.8245846056844338
0.8251289198784159
0.8263903008396402
0.8250930738790068
0.8256424679048436
0.8299631584556546
0.824973308546817
0.8232036189334778
0.830070313551983
0.8268574028657656
0.8212350692190908
0.8240730040759907
0.8206491718789188
0.8286278391378069
0.8277487410504659
0.828897095752916
0.827972489774924
0.8227049976993978
0.8281087454155474
0.8288751746192199
0.8281085220561066
0.8239869787827675
0.8290351318873681
0.8293118933796899
0.82905676584464
0.8225729922698488
0.8246555637879465
0.8257055318475462
0.8240948422476085
0.8282196401870858
0.8276216559103142
0.8265975720190608
0.8256705601408056
0.8273341540197359
0.8236104330556655
0.8288375353625858
0.8247713086502007
0.8203262834712098
0.8305462606119665
0.8248191650058296
0.828685357384678
0.8319755759642268
0.8290771170805518
0.8252859734738328
0.8288580397592569
0.8277997627284568
0.8269110091315721
0.8238484576392439
0.8260669593313511
0.8306436836183718
0.8221373647797898
0.8212572711475123
0.826652441861133
0.826764746987998
0.8291521147990945
0.8257078611674297
0.827570506598357
0.8310536311544301
0.8269892232260634
0.8245284595026996
0.8253802758297644
0.8288312749165435
0.8257705741167249
0.8218755492249108
0.8263963379262416
0.8284086979995291
0.8206188269034531
0.8253822094843524
0.8279347037392284
0.8279785842968103
0.8290702567548681
0.8267510327183292
0.830038660328364
0.8215237963957444
0.8303641397055868
0.8284141352064894
0.8253090369315264
0.8287702275905068
0.7584216911372889
0.8252367322896703
0.8307876674956493
0.8227168995667465
0.8225989338734804
0.8268415060552743
0.8271695827837096
0.8232396180936463
0.8244638256622128
0.8273242942958465
0.8269048763194958
0.8244753191008698
0.8253948452470068
0.8265966339094093
0.8297119556650654
0.8268822149087959
0.8249010485768493
0.8262088500115828
0.8253976212857719
0.8207143928356503
0.8158091451013126
0.826584291704877
0.8252668156155052
0.826359432564913
0.8292571320264892
0.8276995445381916
0.8277355373166618
0.8298146690993701
0.8269867216003258
0.8243713803804896
0.8262765534489569
0.8307072772420343
0.826766578535413
0.8289530696287958
0.8275433141818567
0.8265724026009251
0.8264762431707852
0.8236566876050188
0.8269685465235379
0.8249440548417626
0.8266489191636657
0.8241805484559162
0.8280424012799134
0.8265746936306183
0.8251184219846954
0.8276798442355077
0.8299387867498075
0.8256646762149636
0.830730551295772
0.8265454080170723
0.8242046968023224
0.8298092255107112
0.8268711745707191
0.8264537540659396
0.8276004814353205
0.8275703087657094
0.8289114737192091
0.8307960339021341
0.8270964740478666
0.831647690686741
0.8194981942984629
0.8311169822735567
0.8280427331282255
0.8242617045133286
0.8282495065351781
0.8262261125055121
0.823950360597863
0.8278651049374561
0.8312209529024283
0.8308359386616685
0.8269243468810408
0.8250604251104513
0.8270671309990356
0.8288884549334039
0.8233952932422282
0.8332393181538257
0.8304547023863084
0.8275889050345857
0.8243341495525474
0.8322314948298671
0.8289476451852319
0.8245223011638303
0.8266790280162938
0.8295988528259117
0.8296262941286461
0.826845277638976
0.8300943853180096
0.8302923711263889
0.8264507163775439
0.8268645695129678
0.829372130230041
0.8299765664038045
0.8303526271218349
0.8226482771648158
0.8315594637076009
0.827320190863833
0.8260418026766119
0.8294738545011077
0.8296757012369647
0.8233675647630698
0.8331711041805868
0.8283313262892147
0.823487955501694
0.8278257426222781
0.8311713224346688
0.8312595557955074
0.824820198840956
0.8241247468858908
0.8301622865880314
0.8274062735923409
0.8220333813875216
0.8325161121928089
0.8304649450120964
0.8302530279563058
0.8232655979874676
0.8323490584761396
0.8308050320967517
0.8235094043897149
0.8303267812436781
0.8293157734522627
0.822452710020096
0.8302422620312563
0.8213654856057604
0.8276153380289869
0.8317894601147047
0.823946372036419
0.8314980717698556
0.8309627238619997
0.8307056180004735
0.8273251302983252
0.8313907060774828
0.8258643531733952
0.8320761515295975
0.8291558991461927
0.8258676525114217
0.8304505734275016
0.8305350032961473
0.8290647557309245
0.8307111892230985
0.8278898404001069
0.827610609190539
0.832228508195058
0.826972356397429
0.8259481640173048
0.8226219973311738
0.827878570320891
0.8293795585268743
0.8310876838966139
0.8295637853936966
0.8285950691169834
