0.5346077772093483
0.550858687878344
0.5696922241172981
0.5919898928886984
0.6329650068587116
0.6769284621521114
0.7115221707970572
0.7270101387623884
0.7406986163891569
0.7494196812671883
0.760216305005254
0.7645555531704777
0.7732894643665926
0.7805968804250708
0.7903119498538818
0.7922626740768406
0.7975976965036601
0.8007736335394371
0.8040026937290335
0.8066230625199617
0.8106431197857666
0.8130965564661375
0.8140427342638141
0.8131002359368275
0.8169756798191321
0.8191831648912392
0.8201835862351944
0.8229992152414728
0.8215825808306504
0.8250417161580939
0.825078090717821
0.8254329750292785
0.827020348338673
0.828265148921929
0.8238598803578727
0.8311443411026693
0.8304015209022073
0.8323363813864821
0.833594817655236
0.833460453316391
0.8338439076355586
0.8315056294755699
0.8358665024884299
0.8380166756667283
0.8360254390709828
0.8392699046568934
0.8383502406921296
0.8386376913824479
0.8412406113339971
0.8427804825494672
0.842248054228421
0.8419292516468433
0.8451083079570807
0.8383595412227143
0.8456669381835937
0.8438106388546553
0.8470229631818922
0.8468784962133152
0.8468290461643199
0.8477026403550647
0.8510059520085491
0.8504665848932953
0.8500985932632381
0.8486846579797037
0.8517986678686441
0.8505670000674528
0.8540446027728745
0.8530887488585047
0.8535961020324097
0.8552996842301172
0.855579031172705
0.8546660959285626
0.8558031287621474
0.8570399147198001
0.8580572310727709
0.8562800149002012
0.8563217240558422
0.8587234571705664
0.8592588201559521
0.8598814528016979
0.8593228607703822
0.860286512870903
0.8556779185389634
0.8607259231543694
0.859941597505986
0.862481597235564
0.8606968502432257
0.8616503169577535
0.8634477001945892
0.8623669034234176
0.863691920287234
0.8627742870338025
0.8646962311754651
0.8651173141300104
0.8656556563407988
0.8649013330200308
0.8661899052995911
0.8658614329671865
0.8643581591167621
0.8662442443338634
0.8657810957351675
0.8680189841844637
0.8677566277388853
0.8677039692933021
0.8688630089264978
0.8684505962817789
0.8689151772003801
0.8679595142619976
0.8684918279974516
0.8674713096137592
0.8620595721328144
0.8705091646448039
0.8709082598973368
0.8716947754037085
0.8719332916801974
0.870969957872989
0.8702915220437344
0.8721134584266792
0.8727642282012305
0.8692377483747753
0.8724210952788622
0.8739562239239795
0.8741736437197305
0.8732979360613923
0.8741474800094613
0.8692587811968505
0.873789648301932
0.8720252211546495
0.8735701532337851
0.8749064567784546
0.8755056694022831
0.8740227726897106
0.87579692051475
0.8754787417880643
0.87579692051475
0.8770648291924774
0.8759537818249069
0.8750965733738785
0.8770333436180269
0.8773929832315699
0.8776626986185282
0.8760440052472053
0.8740297369473833
0.8778203938571632
0.8761640018259342
0.877523018781368
0.8767418060415788
0.878853497558423
0.878303346665749
0.8796647253575598
0.8788730598653957
0.8779286263150702
0.8797261814302947
0.8798143486777957
0.8792191720131669
0.8804934592888721
0.8802687951373337
0.8796619116446793
0.878316543106476
0.8815786739712181
0.8770060149542346
0.8800242249220455
0.8809271784879148
0.8805756107927712
0.8803263998609898
0.8807166720229065
0.8825390030895585
0.8819960838209396
0.8817657858777739
0.8800338310142101
0.8823136959855293
0.8832928426044918
0.8823469640025288
0.8833873438889073
0.8792011311482268
0.8821423777931289
0.8826694651523953
0.8834172316309301
0.8823525977941561
0.883071482337535
0.8809415016869672
0.8798276915334463
0.8847624155590121
0.8840783204746655
0.884091816111106
0.8850585492908896
0.8857438793532879
0.8849607313901602
0.8829252329264093
0.8855583780108924
0.8869869802502565
0.8830615070251282
0.8861926729236003
0.8863515776768219
0.8841022243024175
0.8860658648679887
0.8817930445170373
0.8852251694740009
0.8861927747774602
0.8877943121392511
0.8865780306367753
0.8858802234765356
0.8864404324378775
0.8886213272866771
0.8869104816355835
0.8877204999201339
0.8884167538090099
0.8878652278892267
0.8881712605431158
0.8885951253812103
0.8881939039293514
0.8865685073008719
0.8891257776255742
0.8881072390262843
0.8895050432047524
0.8886621388551774
0.8889336112212194
0.8892390136543502
0.8891464284956748
0.8895555499875444
0.8908531936265048
0.8903470754306516
0.889163368065754
0.8907121260305032
0.8906944289223406
0.8888618233475681
0.8877781046437899
0.8900777547274006
0.8910216853742926
0.8896000155632698
0.8906323553605802
0.8902930292262266
0.8914192464530604
0.8912864926783753
0.8908501443765733
0.8907984089815956
0.8920161482674416
0.8909240457178179
0.8903595206991617
0.8912169137603113
0.8918901104816458
0.8904751184643147
0.8929007554067911
0.8916704308033776
0.8921660516857921
0.8887920152583193
0.8917592473692356
0.8926225861494588
0.892003378339753
0.8929818183475623
0.891153185073327
0.8933686083806425
0.8935305687496622
0.8929378493094041
0.8937043632640321
0.8938708370322199
0.8939948568384158
0.8874288986850233
0.8933709955804848
0.8927790527759085
0.8923052859123151
0.892275156267375
0.8938309485143252
0.8944482911252212
0.8914456393345143
0.8947198462475243
0.8932985138274127
0.8926306007750621
0.8931472608454182
0.8944129669334244
0.895790483096168
0.8946463968827831
0.8931021204878709
0.8944327520457157
0.8959006316798149
0.8938542857799814
0.89502013689006
0.8951245689258185
0.8946036309933453
0.8957359085248447
0.8964327417075489
0.8951617710481574
0.8961258496617166
0.895681480368445
0.8962709595827842
0.8963230196369404
0.8947201963701679
0.8955326145862926
0.8951791944240717
0.896147353557894
0.8965272493578305
0.8969243011672987
0.8923095510426995
0.89642577108401
0.8946783280678707
0.8960166113969428
0.8962849581226584
0.896425484620029
0.8973070552411793
0.8967012539457866
0.8969683720593168
0.8980374238072653
0.8975903808501706
0.8953510282516379
0.895369355580559
0.8962738496860596
0.8970863251949808
0.8948681009065171
0.8963969782709812
0.8972868245182511
0.8983982665695286
0.8977639461933559
0.8972880594963027
0.8971640269583739
0.8980305168423888
0.8980463423858753
0.897458079051989
0.8951191579395098
0.8991526089878953
0.8958666952468598
0.8971902543273057
0.8929814936883836
0.897798945725974
0.8987962350637362
0.8990427086730319
0.8998273653464598
0.8975444511252089
0.8981996069816033
0.8970453735774231
0.8980838437039278
0.8987542394441143
0.8982613877135165
0.8971623718331503
0.8997018622934286
0.8988365182653381
0.8994492710866708
0.8996985520429808
0.899810960509145
0.8996624894106997
0.9004750795052135
0.8991463895365732
0.8990784084509369
0.9003552420731405
0.8989976829010771
0.9002509118912421
0.898618029004058
0.9002096738097034
0.9004411494381244
0.9011571566099602
0.9009103456097534
0.9011015889635027
0.8991867363968377
0.9001341173432349
0.9003233554491166
0.9001029309644978
0.900797408776691
0.9016082864531846
0.9002118891311567
0.9012877014290581
0.900566117758391
0.9002514848192041
0.8993578445156521
0.9006833579170358
0.900957484849302
0.9002387976477768
0.901348444524773
0.9007828309429887
0.9008818965535021
0.9003355842781743
0.9008142273953119
0.9008050287185871
0.9011948998309302
0.9015235249441249
0.9003302369505279
0.9002843454207637
0.8996127974587869
0.8957659299500587
0.9013426261230246
0.9022249288187935
0.9020294521639909
0.9016705700885312
0.9017983966827421
0.9024787486377365
0.9024158284157653
0.9016034356631055
0.9029397774029725
0.9009965903656486
0.9031332360781753
0.9018324413354232
0.9024512544614217
0.9022867859411015
0.8986783201232695
0.9034280520757396
0.9015897681482762
0.9023090792046934
0.903549570096501
0.9031311735375117
0.9030407591392259
0.9022187348309365
0.9028316404330592
0.9023979785268128
0.901852576570358
0.903860835492444
0.9018791731595319
0.9025835435278708
0.9032197291028534
0.9040621751100588
0.9025177586660893
0.9042775641944774
0.9029859553967178
0.9034790935912964
0.9044767585151673
0.9046295647685256
0.9028532971100267
0.9004740546007477
0.9043900235875715
0.9017552297437308
0.9037758639097985
0.9053557254970234
0.9025754970729365
0.9031501692823884
0.9051587274001881
0.9042580973754984
0.904855673971702
0.903133675322946
0.9049161687986335
0.9051512857025471
0.905145632813321
0.9042412596592789
0.905691403990018
0.9045155648358002
0.9026442547942548
0.9056335573634445
0.9032704905202957
0.9049498951580024
0.9043799018602412
0.9043661324915518
0.9050557531478001
0.9057582901466602
0.9059327594428522
0.905138738580177
0.9051043247072534
0.9045507235150745
0.9035557386208931
0.9053047221766638
0.904185106353127
0.9041621255759803
0.9067204526344794
0.906137549359972
0.9064073984301214
0.9064452944318813
0.9043835940626634
0.9064437029653197
0.9061284780005722
0.9073481079486932
0.9065772652050179
0.9074312907229239
0.9063586868216102
0.9063336626013991
0.9059281441898244
0.9061722242334116
0.9047652786710149
0.9060715225952729
0.9048434769719754
0.9065965219504107
0.9056756993979901
0.9054193332325491
0.9054964493362476
0.906953290558277
0.9068180031688263
0.9055048968407556
0.9054130946836284
0.9058939340246206
0.9074106716821545
0.9072988297780862
0.907832232076668
0.9076923930928518
0.9052524838782527
0.9063714185541015
0.9056112895633176
0.9076118648848455
0.9076434077520922
0.9085430383357812
0.9074625280285906
0.9071708567689516
0.9051606307941954
0.9079491284785353
0.907081409982335
0.9068561856345672
0.90824721653135
0.9085567122164767
0.9075818943865612
0.9071740142386094
0.9087487513035066
0.9076054926527337
0.9086541227017664
0.9069695044196044
0.9076184853857407
0.9073335492125895
0.9087265280644433
0.9073184875730523
0.9068379919888374
0.9084084639233501
0.9077856148381518
0.908466195964331
0.9081709407219957
0.908626119256152
0.9094395432791438
0.9086581713926984
0.9076872940339892
0.9075714989269823
0.9084297768435403
0.9087889008219173
0.9074926576735309
0.909263762614505
0.9080182299566308
0.9079660871462134
0.9088620637226777
0.9070401973642616
0.9097924796355302
0.9103660441842554
0.9086933300719728
0.9098576661058848
0.9091445872325219
0.9051213915946579
0.9077843480307688
0.9097566716378992
0.9074394899586481
0.9098156832179953
0.9089864336515171
0.9101846106303905
0.908032565887416
0.9097533613874511
0.9090223944299385
0.9099095288181873
0.9069817905414583
0.9098454945696234
0.9078145477002378
0.9049480554226574
0.909390086864282
0.90837087348317
0.908795113907373
0.9104212489763368
0.9091038202250853
0.9071055047860747
0.9070673414179325
0.9100976401657436
0.9065828035086515
0.9079528270468241
0.9111886987133031
0.9111237350482673
0.9102013210292852
0.9083185205991665
0.9090132785094748
0.9106235944008183
0.9096269734790117
0.907141287320241
0.9107532861938391
0.9105774673340029
0.9106023260416919
0.9086984482284342
0.9106501400630624
0.9099313701052759
0.9098302674175638
0.910741617561011
0.9096898555057855
0.9090324970596702
0.9102966880715099
0.911915254125508
0.9118332108413351
0.9113357247601106
0.9100632326586866
0.912082676407766
0.9114365027886441
0.9096569057820985
0.9115343397869721
0.9100118601180848
0.911250396688955
0.911818276519123
0.9120102901426876
0.9108020996562103
0.9124365740099556
0.9089749432629439
0.9118925025195461
0.9122651857930264
0.9106293364121718
0.9119975584101967
0.9101154200301675
0.9110970111417681
0.9122008650804813
0.908475916642088
0.9125085846889254
0.9119270691732596
0.9107543811228335
0.9097096342522105
0.9119508902447505
0.9106811418316784
0.9111361612191784
0.9125898513374162
0.9117018129961606
