0.5408056939715011
0.5537724035156615
0.5639245544557556
0.5727089969632105
0.5791435386112916
0.6021006485883998
0.655008801834492
0.6794216158545381
0.6942073791929018
0.6994554704826069
0.7058899300334487
0.7274358137258602
0.731767636672074
0.7397213056381201
0.7395290591641207
0.7488307395405212
0.7470596557948197
0.7561691339034267
0.7612039681410169
0.7623046268842137
0.7684637259789161
0.7665387288548455
0.7729356952279678
0.77752015032535
0.7765552362099246
0.7825857141911671
0.7806625863580862
0.7807078787735491
0.7839162957260782
0.7875183373656971
0.7876645841249402
0.7911815477638455
0.7925201369371848
0.7940111301627228
0.7958505061812653
0.795428539001064
0.7979748290874409
0.7980405068789657
0.7987813902583971
0.8002089791544247
0.8027953074329425
0.8056429891155228
0.802967427452943
0.8069269331032792
0.8085483030601658
0.8097942549715941
0.8080661586034801
0.8091023836440878
0.8126139604410537
0.8131308509755248
0.813566528394707
0.8147574751557334
0.814028262214642
0.8176556213798591
0.8182731378691528
0.8193297861768558
0.8202436484397154
0.8180405753354328
0.8220658345593609
0.8225188597567467
0.8212906724248913
0.8231747346023597
0.8243345854551681
0.8210459658149116
0.8268409194466434
0.8258422128444439
0.8270123511128673
0.8256934905376743
0.8283680986092424
0.8287543976965079
0.8293606668640032
0.8305966155425686
0.8316219342806799
0.829367316740395
0.8288009847222848
0.8331183648695355
0.8326620178915398
0.8334906126985182
0.8347321250438463
0.8334478400367875
0.8344659405330036
0.8367452630271773
0.8346606120331516
0.8369452519023699
0.8342478776347974
0.8352457885252915
0.8354293263767417
0.8374135977076631
0.8385701583557231
0.8395061110911551
0.8389065360062575
0.8400449342188923
0.8396653734204301
0.8354918655276522
0.841211517045332
0.8414894414614097
0.840435862327426
0.8419474051235043
0.8430369049573143
0.8441247944221973
0.8424780879941957
0.8429909052425578
0.8434951906931942
0.8448105905539877
0.8446079935126508
0.8458736740222257
0.8440098393415125
0.8453782803341343
0.8463903561560122
0.8462993229478557
0.847408090372237
0.8451022315242184
0.8462668250713955
0.847374923087517
0.8486506826120221
0.8477292547727924
0.8485489009806755
0.8489029547983715
0.8480151741969539
0.8494037984801249
0.8500715079585569
0.8490715004308715
0.8500722847247452
0.8507758075450748
0.8512244626432552
0.8491443522580858
0.8503379640218068
0.8524237012254616
0.8519519199664578
0.8515490309216601
0.8517394144198421
0.8521185078955567
0.8493544138330363
0.8522166961938862
0.8517816376615857
0.8532277742185467
0.8526220039496604
0.8493872337832817
0.8537651385414913
0.8543078076091359
0.8540499464953345
0.8550096505936439
0.8552480357161893
0.854495444007384
0.8545757035316616
0.854828891417989
0.8545648414353709
0.8564235355658629
0.855356239877726
0.8549592049976151
0.8564666997682737
0.8565506284076354
0.8566148095033341
0.8574446483992477
0.8573858415151443
0.8573871803316636
0.8572321744284934
0.8590305144576776
0.8585793332905922
0.8592806963220084
0.8577816449366641
0.8586431417911272
0.8592323157873092
0.8591632720089689
0.859497969823682
0.8603830917375772
0.8602204949973479
0.8590853617287728
0.8604156085595542
0.8588721046766578
0.8599043069525348
0.8598660938451775
0.8602176152787964
0.8606659167273303
0.8609260955093518
0.8603797194355894
0.8612731394858368
0.8623223548357875
0.8615847237700709
0.862262872228252
0.8614643250108961
0.862289945371739
0.8626673148054262
0.8631221714027679
0.8634487100149184
0.8636759993797996
0.8633022106487849
0.8639057642922073
0.8632248055823697
0.8625319490879907
0.8639080314390495
0.8640441991833623
0.8623106086153802
0.8636385693538029
0.8611050169698784
0.8645511243760041
0.8654943585050541
0.8650230382536255
0.8656541828846607
0.8652378930443227
0.8657235613671306
0.8655907154034277
0.8659516338133724
0.8635758028566908
0.8642979996413992
0.8638261931217063
0.8667462656239256
0.8661696209295116
0.8651397110611657
0.8675335655194829
0.8670764859815049
0.8653603694951718
0.8660223321668451
0.8656571320701069
0.8654634899430377
0.8672833394489462
0.8664908295362728
0.867541017422752
0.8666776954835049
0.8666266815219728
0.8681351109381259
0.867614033444445
0.8671762214970383
0.8680637305460487
0.8669299992457159
0.8669001726871226
0.8666625264397316
0.8679011780120252
0.8664794685413736
0.8614962418915082
0.8692082418454328
0.86841140603976
0.8686643097433357
0.8687746105420634
0.8679948762228762
0.8679242536514706
0.86676372707523
0.8690837887456658
0.8686717490162603
0.8700032083601159
0.8667973869433864
0.8702760743232119
0.8691433850263022
0.8687785827854164
0.8689387039781189
0.869254677307075
0.8689149526152418
0.870351957433112
0.8702400525806295
0.8703647709176314
0.868720868426114
0.8714364809111792
0.8712691983131317
0.8682430751231168
0.8704536064458408
0.8694961126578229
0.8699469906966398
0.8688605663517215
0.8718301813803361
0.8688403767459998
0.8700503384907072
0.87171717768788
0.8713591074206255
0.8710538067327921
0.8713923315418957
0.87150153350065
0.8705977502527206
0.8730347815437929
0.8720479979868242
0.8722568281031835
0.8715538420724961
0.8707065290949332
0.8731155715425405
0.8733121754854004
0.871616848546154
0.872869879765688
0.8734528585778808
0.8724097499995075
0.8729144017301351
0.8730397452691908
0.871368112856271
0.8733381308433974
0.873720647142478
0.872625672054317
0.8745306121912835
0.8750197349133189
0.874908764706331
0.8740397338513592
0.8746678598300531
0.8743782649756353
0.8754196495119811
0.872235362832665
0.8737909034338927
0.875893116921979
0.8755096470318867
0.8761248837439939
0.8762359107875318
0.8745389671641859
0.875142583959331
0.8756918713275063
0.875971772392502
0.874594218606306
0.8754695267425061
0.8753983863269751
0.8730883152590576
0.8750753968416359
0.8761918182547986
0.8751118038097262
0.8761089000429988
0.8750182003264592
0.8771872472825939
0.8747356658346301
0.8740020954246779
0.8763606480700504
0.8765843188412257
0.8759119235049752
0.8762482695796484
0.8778912563711878
0.8777080532238677
0.8766432520287744
0.8781536391483289
0.8762947618778412
0.8781045828901978
0.8760820731912298
0.8768048572869585
0.8770626363035205
0.8781828973414186
0.8760110338184547
0.8771505371862351
0.8782651145690974
0.8766440730011685
0.8765893646638628
0.8773778076055994
0.8777658875714429
0.8795216759699257
0.8786319881864851
0.8783318406792175
0.8750424821638065
0.8797668499026529
0.8792839602556403
0.8788900955920047
0.8778148743626791
0.878998792336978
0.8774439021984933
0.8789995754183385
0.8751947030760092
0.8788229716260321
0.8777361810011226
0.8777374882417808
0.8790738923655174
0.8794764214454964
0.8801645920820571
0.8796364037044092
0.8799367027758113
0.8788209886619418
0.8798732795007842
0.879276243115136
0.8807813254899903
0.879839600687111
0.8795929553192469
0.880476921556618
0.8809208402756022
0.8808397913547918
0.8799216916113446
0.8809280964085313
0.8807125027426794
0.8792785355226673
0.8807575678119409
0.8806071088327989
0.8808318089770527
0.8805945795310313
0.8797847092098099
0.87977786987825
0.8808928451169649
0.8798406174298452
0.8807552627740654
0.8801513175899627
0.8814324323805457
0.8809878631988188
0.8814514789400878
0.8803747168087303
0.881267631645197
0.8788249356446056
0.8814633577791126
0.8810026343867394
0.8818600011185433
0.8808137665299002
0.8813711562640875
0.8811738892281399
0.881911097177315
0.880839046164465
0.87907568587444
0.8816015779544105
0.8827009420872937
0.8808880329557012
0.882040008788699
0.8821778816295226
0.8820066457336388
0.882901189884549
0.8834070288675617
0.8819216245694758
0.8828862229262883
0.8809669094572535
0.8826527762684515
0.8821216829115633
0.88255511212942
0.8820033618440627
0.8829334035782574
0.8821818033514973
0.8816133304899902
0.8828915087254714
0.8828789604781868
0.882903261261051
0.8800617684472876
0.8835092525609665
0.8833310131390442
0.8827775640723485
0.883684511221581
0.8813117873296528
0.8817327756581533
0.8841939687983
0.8817591983388974
0.8831324325472661
0.8837360177665498
0.8830920091296173
0.8830387027605539
0.8839492053517698
0.8834986935929445
0.8808625070294183
0.8832191209169065
0.8844301562408983
0.8844806144672716
0.8827472449303186
0.8827628560361501
0.8818405693334932
0.8826418320749218
0.8825452920365526
0.8841413823588744
0.8846240572900302
0.8816534128883369
0.8844261839975454
0.8844971349579088
0.8845155689457415
0.8824194369685435
0.8845704541078704
0.8825584907465801
0.8838196306472985
0.8841888471935954
0.8837608742845731
0.8841360902445188
0.8842611117097895
0.8848403077337974
0.8841703563692124
0.8820936751225813
0.8839305629632527
0.882694367992969
0.8846578055705984
0.8844460704749985
0.8849696361465504
0.8849824370007258
0.8848181099032966
0.8850919294574039
0.8846547679727403
0.8850292955789095
0.8833010539618333
0.8840786284921072
0.8863582856904109
0.8854625984933211
0.8855289141172442
0.8846008995533455
0.8836826735064529
0.8858717521890028
0.8856744156861605
0.883024607296065
0.884478385211463
0.8838481183893724
0.885942981016946
0.8863495265464835
0.8867022857538656
0.8853671067735477
0.886580996555402
0.8861820797539567
0.8864071524933739
0.8860053749188942
0.8814989564051534
0.8854968583028423
0.8846638618207977
0.8848136577068519
0.8861545519180669
0.8870252373481714
0.8867095608323113
0.8848565629871996
0.8867352825289346
0.8863422262073485
0.8870277065805257
0.887077009130375
0.8854039810643854
0.8849257330689853
0.8867560089242984
0.8870246374068063
0.8873533105471814
0.8870126385795086
0.8862636844099261
0.8877543934527123
0.8870332955079776
0.8869530107230108
0.8872194731014331
0.8851581124627095
0.8864408439373916
0.8873248480657966
0.8853487485677821
0.8870876754563255
0.8851594133881956
0.8874185273311309
0.8866340755782639
0.8866858663059844
0.8850132992475699
0.8878938514017738
0.8874350920279741
0.8874887394163397
0.8881412103841033
0.8889709798131225
0.8869065184248182
0.8879009496553962
0.8834948287075202
0.8881033635567375
0.8876501931103896
0.8882188617422367
0.8887246691493882
0.8889918388271038
0.8878041822708258
0.8872829342674938
0.8891109492911371
0.8884078180114876
0.888599508750328
0.8875882412704995
0.8887707951675898
0.8869197929169129
0.8869294298697847
0.8877480656501058
0.8897297603907444
0.8883034850505475
0.8876688544444238
0.8883822352486543
0.8874270717592013
0.8888056738639927
0.8885263980010508
0.8861426478183531
0.8874541701633776
0.8870347479975976
0.88912393960048
0.8888953745708018
0.8898249742429385
0.8878265442958055
0.8891753829937261
0.8889097226421812
0.8903856604970465
0.8879736814943376
0.8884378719162824
0.8901973041691604
0.8901991292539443
0.8891911835547257
0.8875617806987218
0.8896438235266033
0.889546790904798
0.8893912292664685
0.8887812278321665
0.8878727966174522
0.8890503552132833
0.8858040030209764
0.8894942739322672
0.8898296032642063
0.8893506605998573
0.8897527034115723
0.887979889308671
0.8884782006063474
0.8904599142925028
0.8902920254379181
0.8899721493325039
0.8909845598585118
0.8876125799443972
0.8911772673400863
0.8907441917718761
0.8897264070342733
0.8905014112894365
0.8903118487636484
0.890811056815786
0.8899807379667803
0.890936015129334
0.8906618798166135
0.890160429878323
0.891016142034994
0.8911343178535327
0.8896008677248773
0.8904665136475167
0.8903066198010154
0.8904921279862115
0.8905962714919837
0.8906661236123736
0.8893566031769561
