0.49017819409184976
0.5327949376492684
0.5441729304880764
0.5479002024676491
0.5539666883895487
0.5530784845357704
0.5563920579656427
0.5601038736219714
0.5601904875981085
0.5619156819117196
0.5608782048603491
0.5653104328679553
0.567020240882851
0.5673509603660405
0.5680152066794335
0.5685798844788799
0.5681816677158887
0.5667785926001694
0.5669447289774461
0.5919255212492234
0.5941075301246159
0.5969342675674928
0.5997672435592902
0.602671619106898
0.6051777460621834
0.6031247032710596
0.6063757829919993
0.6064682153698849
0.6046866449448032
0.6000955503791726
0.6090455891001907
0.6076965729206286
0.6009398233899903
0.6080346831745291
0.6040444054310209
0.6037673629320142
0.6044760620894
0.6041757396175331
0.6023397219384532
0.601876516046961
0.6050066506751014
0.6016849543998997
0.6050747208828651
0.6053069986104332
0.6035301516581058
0.6047868882405721
0.6062187434375876
0.6063888075543378
0.6027661713182433
0.6060185051148335
0.608426228509695
0.607584801041089
0.6060085679976241
0.6065079192776586
0.6068896993740036
0.6046594435983359
0.6071850310067339
0.6054720973515119
0.604753753906764
0.6080319713155085
0.6084119244082411
0.6095532796650067
0.6086715435313339
0.6078649755462887
0.6118026203076786
0.6078838885349043
0.6087316245769595
0.6102489797235192
0.6106182254292267
0.6098493433723553
0.6099797417765295
0.6100465133475792
0.6094883350975695
0.6090556408029925
0.6057524628326989
0.6055810809816359
0.6068615495134658
0.6094775767836145
0.6076795060332243
0.6090892907719665
0.6105749248070245
0.6075470323566541
0.6093011595323512
0.6070811909965363
0.6088256547872728
0.610126589579082
0.6100754971365951
0.6089590069533848
0.6120091608380158
0.6156684071708887
0.6206930108619757
0.6210232147099992
0.6215241128955313
0.6230883717445883
0.6227745409045483
0.6197510918288174
0.6221650665043321
0.6200670743316483
0.6206073008388455
0.6182384537891457
0.622826276299526
0.6224395371933755
0.6232731028171683
0.6205285105123242
0.6213307560741886
0.6225335228426252
0.6228456858257088
0.6205815700074809
0.6191102910008066
0.6218042492055336
0.6218106023400467
0.6227932056243803
0.622361491673205
0.621886260660375
0.6235813062314471
0.6237018184453419
0.6240088951012953
0.6284910696954643
0.6223463727408718
0.619789840856654
0.6175056216328227
0.6213560030997185
0.6256840027792863
0.6185924596110615
0.6221226952986015
0.623309439181698
0.6216020183666445
0.6180605660227797
0.6193473240304601
0.6247527465720892
0.6201388876687646
0.6251882927747443
0.621948423344263
0.6235950946977351
0.6215589469156271
0.620833473700684
0.6232794623175475
0.6193135085489636
0.623741484157918
0.6243348401848006
0.620920756092777
0.6236903980812973
0.6265957603381732
0.6224165245868979
0.6260569534191488
0.6219925069680134
0.6233896681939908
0.6220812089482792
0.6203055715105383
0.6246190570150661
0.6245267201251743
0.6231570467096454
0.6259117543759537
0.6215057282738141
0.6235453709164909
0.6243799168836854
0.6218481864143603
0.624485259238317
0.6222577407851348
0.6234220513555819
0.6237498298085659
0.6246257539063566
0.6235651241994509
0.6250605107415972
0.6224127050671506
0.6220730097125549
0.6245897867620691
0.6256486021970947
0.6216559181561456
0.6254790537155104
0.6254889208081911
0.619356732780771
0.6227798564028634
0.6223850644759125
0.6250622295254835
0.6255706585307841
0.6230248085701264
0.6267119628606196
0.6270064287355407
0.6268733948627407
0.6250343152019966
0.6263381591946802
0.6259442839524686
0.6251000045757846
0.6244551041299117
0.6265264169571602
0.6277885008672729
0.6283254998802836
0.6271363496997463
0.6240665443860152
0.6261243679426892
0.627669255460761
0.6261503852380349
0.6251401477283292
0.6255875662715322
0.6270061931984895
0.6279834682527757
0.6286396935746995
0.6241934288320217
0.6250955484694127
0.6276210212922184
0.6226823376978476
0.6282382811468531
0.6282196673539511
0.6250360976445455
0.6265106805358012
0.6273905196413327
0.6271914971990316
0.6268295213125765
0.6260092985444345
0.6275400474735748
0.6240558497307225
0.6270558342234724
0.625041839655899
0.6252273600958934
0.6269406502396252
0.6241175540722408
0.629808294738996
0.6276873854478284
0.6250186870003639
0.6280042018791375
0.6253606295057442
0.6256729961965477
0.627230290787932
0.6271299456383033
0.6285599547341076
0.6264069551111959
0.630263772468866
0.6265978674399004
0.6280078495204963
0.626427122175462
0.6285598719778464
0.6250382493073364
0.6244961066743994
0.6288531983627095
0.6278950145412936
0.6275664849160927
0.6275360688071714
0.6291191005957865
0.6296183945830247
0.6299417869541655
0.6274584816293705
0.6298754291644217
0.6304692562654065
0.6300468810400135
0.6300300878848577
0.6284809225046689
0.6318837008182404
0.6274245006353516
0.6235177048617877
0.6316779050942539
0.631989616100834
0.6275014321289293
0.6309538960285475
0.632466349458098
0.6330247632451587
0.6328929452528118
0.6330330006760805
0.6314729369328793
0.6303082635080562
0.6320609392662493
0.6332044652834047
0.6337668068099389
0.6336544429048385
0.6336543346851123
0.630348101099021
0.6333465514180057
0.6311483796082156
0.6318473517219783
0.6326224023032417
0.6324559921937165
0.6320679035239221
0.6350427810401993
0.6347820224270486
0.6351712378551685
0.6349315311616919
0.6358299013038644
0.6344009998687867
0.6353677967072328
0.6362050163382503
0.6354155916310045
0.6357920562290346
0.6327200992525124
0.6352230432746749
0.6362920568274258
0.6361626960594499
0.6365255949965106
0.6324545471420786
0.6367490941945261
0.6373799388077288
0.6377035412524557
0.6376509210020699
0.6341668951376063
0.6351388801570423
0.635593390275243
0.6373545071720778
0.6363884296765174
0.6357377108288962
0.6383713142557489
0.6360516116934649
0.6374102466969238
0.6391354664739999
0.6310452334774388
0.6385988175836327
0.637756511625485
0.639849614812892
0.6379943785836166
0.6351614980798128
0.6387675257708727
0.6405529730084979
0.6363769902148743
0.639792245626287
0.6379174216265742
0.6346890744139972
0.6391277956051741
0.6400904609964266
0.6405273822261908
0.63881442947337
0.6416789546982805
0.6408980602518037
0.6404379418054407
0.6400120335242814
0.6412764600731723
0.6399623861334323
0.6407643643289143
0.6378374790782623
0.642496911218039
0.64117752814585
0.6421937368380941
0.6369055226257783
0.6421415812959442
0.6428685632211875
0.6403877978770243
0.6410462003252041
0.6410965352296077
0.640035797302976
0.6421914769555769
0.638203128069541
0.6421482718213682
0.6404565046714127
0.6406020092761875
0.6417405571859387
0.639685152658438
0.6426641488901762
0.6434723656345789
0.6403923494713899
0.6433917037433814
0.6438161287777056
0.642624973349301
0.6437319656600731
0.6441740559732285
0.6421408810506571
0.6428275925060309
0.6461679853303959
0.6418136755256354
0.6427430028753599
0.6449106312589037
0.6451361548023853
0.6435431095061659
0.6433321765281192
0.6436860677644425
0.6454482222974752
0.6410573214935351
0.6486210209611933
0.646780642663735
0.6475784894120239
0.649103763696193
0.6453831695103119
0.6483298398732551
0.6492917731898894
0.6461209288471088
0.6461517714690685
0.6491177558702008
0.648790162027338
0.6498545094001309
0.6488164339573333
0.6482700198281455
0.6488731347279826
0.6505941212040053
0.6509163358898906
0.6480646760806624
0.6471221140950132
0.6458832146697671
0.6456454686630939
0.6501221049536294
0.6473447984621493
0.647554203632297
0.6485113752809798
0.6479744462924979
0.6512553628285306
0.6486666005635116
0.651767725939171
0.6498715444582042
0.6522321986380459
0.6507092224315913
0.651268361927404
0.6509979844903563
0.6497082026962092
0.6512239791079399
0.6537751254693139
0.6525521789048789
0.6518870350043452
0.6507230172637454
0.6535555985718358
0.6549720929336008
0.651608636575828
0.6546962281198493
0.6559650407505835
0.6577999762324017
0.654406498449415
0.6550809556122661
0.6575408154516788
0.6550196905155188
0.6555488085861174
0.6557268173039421
0.656521481119108
0.6569283809236582
0.6576454320975582
0.6558797317770267
0.656571198534486
0.6571522366101834
0.6573214477008565
0.6561275485841003
0.6569186984410986
0.6565081064341262
0.6570712691574061
0.6593775588395108
0.6579717654989046
0.655357272402521
0.6571107120646635
0.6586331471724872
0.6563197340860538
0.6579199282500668
0.6575293823559016
0.6576244820317442
0.6556833639009498
0.6590958246970808
0.6576406767954728
0.6572283341752829
0.6595707501483311
0.659885491307244
0.6604601316873647
0.6590259338515709
0.6600067546933558
0.6606966427159862
0.660340478865413
0.6606801487565439
0.658882396299466
0.6549583808577079
0.660029983739286
0.6592050629618547
0.6603840977809277
0.6615420806803267
0.6597909199983001
0.659505162628403
0.658714776675354
0.6575893679135336
0.659826587946874
0.6600167300057627
0.6598903866583871
0.6583600451446863
0.6598252638466948
0.6571813668141231
0.6602690474802717
0.6611203929684882
0.6615454482235708
0.6618277107328988
0.6537377387368537
0.6628613237034584
0.657429711988095
0.6583089399704669
0.6607642991424441
0.6619147384903419
0.6615331684675829
0.660954473030664
0.6613724494424812
0.6573815032830173
0.6613915534070842
0.6624731650091351
0.6621168993047023
0.6633307363145398
0.6638430103030527
0.6588821925917461
0.6629492044869782
0.6617591758168991
0.6627090712804632
0.6631043088180515
0.6629918048638935
0.6623495844477101
0.6639355636323969
0.6592089079450671
0.6624976417648493
0.6623404621613802
0.6649096621194265
0.660284968511752
0.663447422642821
0.6640347056333054
0.6647523615644987
0.6629692060387219
0.6651553018002441
0.6653267536758358
0.6649983259044948
0.6641521685972683
0.6630635991034111
0.6647476189941457
0.663883357163317
0.6625004873070611
0.6657265555395221
0.6636086318396235
0.6654726275008528
0.6635278617286998
0.6658765035189362
0.6653162754599956
0.6662191144402725
0.6644264483103247
0.6648944731625646
0.6655371455552517
0.6650704702666557
0.667123423935652
0.6637896006852524
0.6651300420429817
0.6650826481687835
0.6651337215136717
0.6668817438236392
0.6666974328982315
0.6654927881992526
0.6655908607346317
0.6656292405422262
0.6569062086115248
0.6663176453180213
0.6636862954078193
0.6663008712604642
0.6647872465115243
0.6667754720525358
0.6672790820970886
0.6659778799388969
0.6680918440699906
0.6641784532589963
0.6668431730400575
0.662518967416772
0.6607343477417585
0.6670623052538284
0.6643038417264352
0.6659360116365998
0.667411460285665
0.6663556622712398
0.666906806239048
0.6677443377975116
0.667096279881981
0.6655179842978525
0.664089630327272
0.6670649852835178
0.6657625672448733
0.6653985861105507
0.6678107783435165
0.6677070338213126
0.6667380407590119
0.6665577403293388
0.6668148767645958
0.6651131661315648
0.6668930432362251
0.6658067972835474
0.6670751770353769
0.6663861165753584
0.6654875108961349
0.6669687588493499
0.6673808595666225
0.6678661741115854
0.6651482866156414
0.665558878622614
0.6676642679318749
0.6676203752841118
0.6667113550477105
0.666731222916263
0.6681655989963118
0.6690802275608752
0.6667929017943162
0.6685180579127298
0.6680909019217862
0.6667896106414672
0.6679513557678173
0.6643823901500392
0.6670055917514466
0.6653254041121918
0.6647518904903965
0.6677827685320361
0.6661716696391442
0.6674635776326173
0.6650283345979763
0.6676685330622595
0.6672797887082418
0.6672106744984136
0.6668894974487264
0.6659499974447414
0.6661513306964897
0.6638307114494661
0.665273796034539
0.6677920881602196
0.665217228947081
0.6681261306255892
