0.5047065666316946
0.5246259490464757
0.5310030759510272
0.5459888783170389
0.5532426595982146
0.570732238148947
0.5935182451167947
0.6048246569444682
0.6164319455290883
0.6305992379806038
0.6369018733030247
0.637447905574932
0.6432883661457427
0.6463921329196507
0.6511140722547832
0.6529520334471051
0.6569339610969315
0.6605678104821324
0.6630790037718897
0.6673923035707623
0.6689381064701388
0.6703591199428582
0.6728709735280508
0.6790751350817017
0.6825732777283375
0.6859348610219143
0.6861667465218138
0.6914207493545452
0.6936769211616225
0.6962382263874827
0.6987449001793568
0.6992090045321909
0.7032602247389237
0.7050293164762688
0.7050437019418712
0.7099018352238511
0.7114404261585203
0.7129045896174121
0.7146843101880767
0.7155253727175414
0.7167342133938941
0.7170079411103657
0.7198405636538262
0.7199864568918752
0.7232209301088179
0.7238481338448336
0.7244376686878544
0.7248437055061843
0.725533291134258
0.7281150206441688
0.7295677154765172
0.729790856869874
0.7302274980611033
0.731563032122796
0.7328030156654131
0.7336950683880163
0.7328294723572764
0.7330736342237663
0.7350670533219976
0.7362562710437117
0.7354969761674377
0.7372251167665167
0.7373922484392987
0.73643884593692
0.7386659967980158
0.739914948819411
0.7389453658735471
0.7398777094389809
0.7404929445189005
0.7404824310770163
0.738886605990431
0.7424870367338378
0.743561266890261
0.7444364981058496
0.7427364553212695
0.7444967452563542
0.7454944644805288
0.7452371608116839
0.7466592640924034
0.7471049827432109
0.7462724143055122
0.7472108607957471
0.7471932379593204
0.7474043530008633
0.7460222328524801
0.74792996098872
0.7451529442958102
0.7489887607459876
0.7451862731887102
0.7480793287910992
0.7486809861454632
0.749994961240658
0.7481846747609057
0.7500477656435849
0.7508619291473508
0.7506929832647801
0.7515947352785852
0.7501068268265598
0.752882702426387
0.7541058259981774
0.7543034851162358
0.7563703508630446
0.7564168151476645
0.7558471276315176
0.7576025775369544
0.7587205282260914
0.7583793157518668
0.758811847725872
0.7608405060863213
0.7613206626699347
0.7614667610483132
0.759458450044291
0.7624295102569524
0.7623258310523225
0.7627369258619003
0.7639167007178245
0.7643807473749411
0.7659423140265085
0.7652181237891111
0.7654803508258629
0.7652530809833762
0.7670216791018033
0.7619372888577133
0.7671700660769822
0.7687685772197562
0.7674464157432895
0.7695316671921251
0.7686413517516868
0.7671565268152387
0.7710163446839614
0.7700800201140093
0.7723374612268751
0.771886582014655
0.7717614335924212
0.7726833150010533
0.7747613673064524
0.7747614442340759
0.7740251635385117
0.7751164780379969
0.7747865226393509
0.7754870960963206
0.7757536759544379
0.7772305388818492
0.772822143719007
0.7769702350356861
0.7774748161397742
0.7763201517423017
0.7773725665068153
0.7774691876019852
0.7790684487890887
0.7802309213403509
0.7788097347804788
0.7797573677110915
0.7794560422096741
0.7809940113127198
0.7778257022626595
0.779884247004855
0.7805829998414009
0.7819106231791392
0.7810324815351268
0.7820175012907814
0.7776947906792953
0.7823238206770938
0.7797243529393211
0.7818077260720152
0.7822030699506726
0.7823366868221314
0.7836361610602883
0.7843358754921284
0.7814949704078664
0.7826194150705574
0.7838529943885145
0.7853743919993219
0.7831462026153084
0.7850798681819527
0.7862143775420573
0.78400912541113
0.7854578007751485
0.7853605899015315
0.7866189911993516
0.7853622566667082
0.7865780144185445
0.7869603126543762
0.7860111539925629
0.7857553632336476
0.7876130884145844
0.7888268973332911
0.7842977258014865
0.7878806747424432
0.7880247345387976
0.7872698501796069
0.7888677394907571
0.7871219952871573
0.7892194205324187
0.7896746141021925
0.7883669150189518
0.7885389187745584
0.7895903911756835
0.789510713389599
0.7903826046641986
0.7902810153266752
0.7910588754027641
0.7913813495900206
0.7893157082745531
0.7911127888455973
0.7919063934419714
0.7914107423528495
0.7914911958258046
0.791499151424206
0.7925946200153624
0.7929602441887913
0.7924537270728438
0.7930420374845231
0.7925241863653736
0.792290300747262
0.7936443294917815
0.7939530656876003
0.7940769191615042
0.7942583978360773
0.795100018090813
0.7937897868066304
0.7964012039685935
0.7955850018828036
0.7957393507488071
0.7967901372119557
0.7960091487458425
0.7947067192048145
0.7973447148607116
0.7957109580450844
0.7976756318546518
0.7966887786573026
0.7982030796948384
0.7978923049169957
0.7982364726940913
0.7977963761704377
0.7992508852125748
0.7984766279135216
0.7991737524487025
0.799606034407931
0.7986162130864403
0.7996755064626255
0.7995427293843905
0.7998635624490115
0.8001758244942425
0.799886352257486
0.8005326084015991
0.7988878124719936
0.8000922746844398
0.7990830099060984
0.8017506291076947
0.8013315722890803
0.800598875138646
0.8009829042460074
0.8020562561453952
0.8021174200167472
0.8031716041166023
0.8029201213046053
0.803227902315765
0.8026273732332129
0.8034486525421567
0.7978004789770267
0.8013304504279035
0.8039389186976307
0.8038123727569028
0.804200568777206
0.8042080371673249
0.804937304627876
0.803019672060105
0.8030463018391215
0.8032106256536444
0.8051273415005681
0.8042933563124692
0.806213437742923
0.8052143722853363
0.8060484023478824
0.8067745478290449
0.8063572795776774
0.8054481873864596
0.8045124333630488
0.8069277684232363
0.8063736331083157
0.8062636843023671
0.8070013112313432
0.8079387384305662
0.8074209065433227
0.806653130396553
0.8059458321831585
0.8058373129488806
0.8076042699446724
0.8081065239881485
0.8054945683328207
0.8079782984609731
0.8086799681365784
0.8060002007810974
0.8080963759524762
0.8081244481244341
0.806850244610611
0.807843694351679
0.8083746295774661
0.8087466515649195
0.8084610449412458
0.8076361756765368
0.8092764328763533
0.8091549513375087
0.8093937859660679
0.8094829450817542
0.8096544039333607
0.8099113037321821
0.8104172182484118
0.809600778969116
0.8102371819667803
0.810495216448049
0.8083397877746366
0.8092772534376712
0.8111158556935224
0.8109370182006911
0.8104662147339734
0.8106670471165026
0.8115868258367579
0.8112479917082279
0.8086138937185904
0.8104367129903447
0.8105847602018529
0.812038621769825
0.8091394696532704
0.8114136489348921
0.811400205832678
0.8118852024459394
0.810771867414215
0.8112312343075662
0.8108701873277382
0.8119730409707547
0.8112395553121794
0.8122225300751751
0.8102526187765713
0.8106929524937307
0.8099937637339848
0.8116765875521618
0.8119908240730638
0.812110619614826
0.8105036336121917
0.8125887504376861
0.8128089365281717
0.8109642634006959
0.8108685590263731
0.8114626774736302
0.8117874274364163
0.8134708987287581
0.8129964027361104
0.811387224296205
0.811769676387284
0.8136330365166454
0.8133511224189018
0.8127004237045292
0.814209557770017
0.8128565226739684
0.8116708051591254
0.8127926278719806
0.814316692307071
0.8132090883833006
0.8139177905258246
0.8134247421546326
0.8142431366776933
0.8141136033809176
0.8150509280099759
0.8141588945192786
0.8147476536754287
0.8126854548711149
0.8131667525478109
0.8116439638291444
0.8146276465827019
0.8140222133641488
0.8152436509388568
0.8136186702829489
0.8126976286675405
0.8138205732415724
0.8144919975398547
0.8153435671005683
0.8147306206174494
0.8151750122667507
0.8143220259556365
0.8145308972748262
0.8162226831611459
0.8156794908006744
0.8164163292215092
0.8165404262995544
0.8156973892944186
0.8160880534093106
0.8155340655390017
0.8133797459054951
0.8164646782329058
0.8163105665604082
0.816516578736256
0.8137447097834886
0.8172367879691351
0.8156775163250033
0.8169606242112515
0.8165115463875493
0.8147425828629101
0.8165304257084939
0.8168823952287436
0.8157561619988054
0.8153224440572705
0.8172297619128516
0.815758046725582
0.8163362219228598
0.8175423701323885
0.8179048787370637
0.8175955976372451
0.8170768618504248
0.8167832162900911
0.8167565608685334
0.8168831260411673
0.8162276257609584
0.8169926453345512
0.8177133802395243
0.818106166274699
0.8187250041316545
0.8168693624071884
0.8180617726252795
0.8168698111516591
0.8182743685235756
0.8168786642390018
0.8192829986490228
0.8194082560520565
0.8171404938163652
0.8178593247626559
0.8186795399061406
0.8156819653058982
0.8189814744179111
0.8193969028169485
0.8182236411664844
0.8192456823409692
0.8198889254864934
0.819102154627344
0.8199135487366626
0.8192954801559424
0.8191769090455218
0.8192717800372561
0.8197725852771555
0.8180309759333213
0.8195100120660977
0.8178921664472734
0.8191826401534756
0.81957650317538
0.820256780561005
0.8209444109453136
0.8209192684336858
0.8206284371422463
0.8199728086493316
0.8178004494881044
0.8206595287234284
0.8200678591388544
0.8211548849233268
0.8190439332375926
0.8210132419364786
0.8178923779982382
0.8208576814604043
0.8199993038050069
0.8204301177287529
0.819372747543156
0.8178062447024113
0.8200003743811012
0.8207794076034494
0.8206482588265793
0.821588936217897
0.8203270859982879
0.8210444617303664
0.8217894031942145
0.8215076942368005
0.8214379978098706
0.8214559091248854
0.8215000719914345
0.8220358023724222
0.8218884410988907
0.8212409797553418
0.8224162928091007
0.8211286846568753
0.8218175266512547
0.8209401542834774
0.8215095789635772
0.8222083318001231
0.8222784577396177
0.8219316872445922
0.8224383133413398
0.8214441584303893
0.8225684684697391
0.821754503695667
0.8209033315943417
0.8221632970871741
0.822916354415306
0.8226511015586946
0.8217342717306754
0.8233825614565169
0.8226644613226499
0.8214669354175932
0.8218429319989298
0.8225911236548724
0.8233969084583076
0.8231722541550212
0.8220211220175961
0.8217599335037622
0.8226408188996812
0.8209136014320847
0.8223369291441456
0.8236453013440922
0.8230310150381964
0.8235400835869915
0.8242181749459808
0.8231190779352472
0.8239617046597243
0.8225786485585879
0.8239943924890946
0.8219696446161753
0.8234551298480589
0.8227522357411124
0.8228851474426886
0.8239437420596268
0.8228693772798622
0.8223908233550726
0.8226816931103235
0.8238813088824866
0.8230577666192835
0.8245417389412376
0.8225538650425365
0.8233914273651303
0.8226953798166788
0.8245413927669316
0.8243946853782
0.8235317946355548
0.8251485889101907
0.81977105313532
0.8218290850266919
0.8243823961903389
0.8247984271890941
0.8249675525694532
0.824570586800066
0.8217290470629097
0.8247980489616117
0.8240905584291585
0.8246969019579234
0.8234083642635803
0.8240856671144282
0.8233801959320929
0.8232800810406872
0.8243294956278828
0.8245862159289158
0.82298060821287
0.8248169154612855
0.8250747255703189
0.8226760261087226
0.8245885173469868
0.8252431073169837
0.8247740154898898
0.8251617627657225
0.825821385084426
0.8255310345906339
0.82482569803164
0.8254934490358982
0.8248762458909431
0.8244366686287483
0.8247820351946442
0.8255011417982524
0.8252784363280958
0.8259141790303248
0.8243292520237413
0.8239311836250834
0.8237673341975724
0.8252645573026816
0.8253789166257135
0.8252327028558997
0.8259148970214779
0.8240296381619477
0.8225055737268574
0.826057796492844
0.8236240949625356
0.8241328878540128
0.8237803221446806
0.8249843997190092
0.825384859284632
0.8249983749039528
0.8250866557626033
0.8249194856260095
0.8254912117241802
0.8250835530151206
0.8257885818636204
0.8243645297497713
0.8267839355633712
0.825940802398706
0.8237421916859445
0.8248401091397838
0.8259410716453882
0.8252332092960879
0.8261061583255113
0.8259738940981
0.8259257117632208
0.8252548131370327
0.825386051662797
0.8240950586951358
0.8255071100997123
