0.5518265696903791
0.5581821349461161
0.5714995459421652
0.5853364080355793
0.635927997850644
0.6632058716729814
0.7035043117944634
0.7546402796204931
0.7683766427289164
0.7817191210359283
0.7892885299821759
0.7950696849546997
0.8036172104192711
0.8038565943045896
0.8029630416705755
0.8094871348152912
0.8129901255982044
0.8156089256985248
0.809325505542186
0.8184471860220386
0.8189232862427814
0.8213806421392474
0.8102767870191152
0.8212927980620058
0.8190701035941087
0.8097031999749837
0.8182138264599251
0.825370767099282
0.8202735387346751
0.823029500676779
0.826345118415603
0.827453695992485
0.8253202559571559
0.8316900524001248
0.8233996583238725
0.8271139535195386
0.8278157042108361
0.8290828797541259
0.8237626237969701
0.8289402551785887
0.8306696188403049
0.8289342946723669
0.8294690235554866
0.828239015023156
0.8322555091606089
0.8373025709947983
0.825721320169166
0.8385781193262714
0.8322653178309116
0.836886535318552
0.8381555679360503
0.8373982709426598
0.8397014450079484
0.8323840557096738
0.8265060776103857
0.8393477649058924
0.8382195189348182
0.8360990911823436
0.8376451852319844
0.833492665195047
0.8392546240190532
0.8392526329291804
0.8410572687224671
0.8385380869327708
0.8412255285801167
0.8370913686892183
0.8432100772121678
0.8412570733148647
0.8442814431062023
0.8450178464193249
0.8305770012527274
0.8360148463829492
0.8443891917004736
0.8366065127783935
0.8452062788253336
0.8438190316283349
0.8426117100334976
0.8440615872177135
0.8437648892998704
0.8456451801266257
0.8493968656926918
0.8444725111536132
0.8445983710076892
0.8437329999534137
0.8438094080272829
0.84787608145855
0.8453447170067793
0.8412753122086356
0.8477526785583233
0.8449016803649819
0.8472834131364707
0.8485544687523332
0.8432127447620617
0.8481915990047104
0.8502617900280859
0.8392609610454753
0.8487572472161439
0.8522431286658869
0.8524999282058939
0.8471255299202735
0.8471654027713162
0.8495321896053621
0.8455374570591476
0.8475202826326549
0.8526998987224478
0.8452602743747372
0.8481128233207678
0.8438136263298661
0.8484232546533749
0.8310767839558998
0.8480510995347105
0.8482864055148085
0.8516480927337345
0.8466301378255385
0.851646829157469
0.852977694049896
0.8492716822986367
0.8502698118228621
0.8488575356050905
0.8540209996164599
0.8534051721112126
0.8518377440441205
0.8549151010765287
0.8485195608625757
0.8533548907102256
0.8567935858826622
0.8452716337977295
0.8511245445860544
0.8544876166335139
0.8564389166173682
0.85175514572289
0.8543055276356255
0.8538155025491694
0.855160860278459
0.8490431792089375
0.8503288616773274
0.8524030476438453
0.8557014475606277
0.8483370761993925
0.8527398609172671
0.8473997578783661
0.855969230003427
0.856130335977271
0.8572264820058444
0.8538079785268615
0.8552389339755875
0.8495349720258256
0.8570267220853349
0.853767907843171
0.852861030223085
0.8462703376748028
0.8537417237350038
0.8537266374001982
0.8582594811296371
0.8571062763364712
0.8519703493533106
0.8488974977999095
0.8498160475462051
0.8545514591434101
0.8562927693443635
0.8570815472555188
0.8520290609777654
0.8555411010088828
0.8528034034873428
0.8532080159236137
0.8491240161814342
0.8505715959542586
0.8543587063276454
0.8528077430421939
0.8517013862963239
0.8548321198533997
0.8553791973227498
0.8544361992902275
0.8584272495965171
0.8559215778621438
0.8582765138824274
0.8604333492237622
0.8560138636014094
0.8405713343046279
0.8529573428139843
0.8540229396527462
0.8481777762461702
0.8537260821924454
0.8541767002918352
0.8561157601783302
0.8553953749279666
0.8532342000317807
0.8575335565651403
0.8555452554944827
0.8559497849686755
0.8556983077650591
0.8567927179716921
0.8582392320008985
0.8572333040413382
0.8539914651166798
0.860359130072413
0.8531285063443653
0.8530721176580953
0.8569279908307756
0.856350134430475
0.8555960282862398
0.859354772010637
0.8558682460093645
0.8567815499996491
0.859674680165235
0.8487321224698959
0.8543854392618672
0.8532591333270794
0.8577802219682307
0.85078192396717
0.8566190847240649
0.8610766946121235
0.8579278434135449
0.858559784707026
0.8510723614389709
0.8590979597072331
0.8542343334092755
0.8403610956354927
0.856011534281526
0.8519484537464079
0.8605682455626457
0.8592551090281247
0.8606539134807631
0.8582989583153848
0.8560922691468498
0.8639366590915909
0.8626332035934066
0.8609487160342084
0.8599149447249201
0.860689402105067
0.8551940578730692
0.8616169500459802
0.8610988391052604
0.8555592633222739
0.8590953113024344
0.8614351035526275
0.8607144183624436
0.8605343523629196
0.8616123169330067
0.8471546751364567
0.8567300050223966
0.8603915810083211
0.8579903712935895
0.8610919660161802
0.8607955106028726
0.8588327554705514
0.8608159703276556
0.8597855877001699
0.8627018898123205
0.8600468671923909
0.8587750776812227
0.8596235244715795
0.858978928270349
0.85574936773324
0.8625124044260908
0.8573166234944776
0.8588071903871203
0.8625313133981842
0.861056509300368
0.8623661167557232
0.8615575428164094
0.8644893971273424
0.8641034830671208
0.8593818559382659
0.859190456042543
0.8617433651078092
0.8624169214559716
0.8626855143744562
0.8630415046513008
0.8631726421698795
0.8622064466639994
0.864096661031627
0.8651665463716537
0.8613530030038654
0.8636700317361856
0.8676797038381447
0.847517615082761
0.8626691836084802
0.8653741174908949
0.8620273379192218
0.8614280709210898
0.8666849693774207
0.8571668960887209
0.8623791673287678
0.8639891294150982
0.8620745561050198
0.861908746819521
0.8636968731592788
0.8640364305629743
0.8614364628543677
0.8624868393426596
0.8608996343925037
0.8669597333981713
0.8602516112192808
0.8641097818033531
0.8644686948980236
0.8625427302564612
0.8651367821307343
0.8611310603000291
0.8622592679809136
0.8623523259056747
0.8608258428149416
0.8607250311267334
0.8604802164161531
0.8616394200057307
0.8487566983900889
0.8568004015364576
0.8583512754781327
0.8610902493393348
0.8603461050261617
0.8649825556276687
0.8665755423964937
0.8652915446964577
0.8609608284976012
0.8661882626528337
0.8577969420178037
0.8583874022722675
0.861114295578568
0.8637523428809922
0.8573065021209574
0.8623467036294633
0.8643557196928361
0.8596745525312687
0.8610747609575355
0.8593867507008699
0.8636357620162592
0.8552620740136607
0.8640977140118483
0.8634829905404086
0.8638413548090245
0.8665308322181317
0.864872433041626
0.8633757333369071
0.8623876932777105
0.8607945724932211
0.8651119190341172
0.8629287591872525
0.8665026825468847
0.8627180674175374
0.8658204598524167
0.8636977921238355
0.8636247408232773
0.8597530984740721
0.858071246556276
0.8576257976325175
0.8599115432797209
0.8583813332771744
0.8574313791934938
0.8612257455578594
0.8636681363717875
0.8645096143475894
0.8613345279872571
0.8630984357819272
0.8688748746793993
0.8639715988898398
0.8489551181539533
0.8629640691240035
0.8669906527264849
0.8612708131113268
0.8657541731520675
0.8603155175461605
0.8546622390443791
0.8495819604704844
0.8590391204488121
0.863441228706666
0.8627314753656873
0.8602129253641239
0.8659497722052789
0.8588132402371185
0.8656743125794123
0.8671423010234329
0.8635157158893438
0.8621618322111115
0.8607950638839911
0.8586600411874808
0.8643490571998002
0.8600318319111719
0.864324296210356
0.8673503635334443
0.8653122213989832
0.8677498706110668
0.8496611126746272
0.8608028304108346
0.8639701119541335
0.866848551450209
0.8693164690573786
0.863246050845543
0.8682800684883863
0.867562918759066
0.8677050774706268
0.8672452569622733
0.85837696819553
0.8627548642899946
0.8635878992789319
0.866814824174639
0.8608124667752832
0.8672385561790475
0.8550949820068016
0.8664117369642644
0.86241458575439
0.8634107497155357
0.8629552304718436
0.8688654744377884
0.862392887980135
0.8651153204793166
0.8677423912606471
0.8592089884944362
0.8589071022558665
0.8659267151292837
0.8573882133861228
0.863620867132403
0.8659399060996912
0.8650955755047445
0.8658963191002316
0.8608337561208464
0.8655283312305637
0.863821169497269
0.8654333332695163
0.8665580246346318
0.8678602676101369
0.8652048557066104
0.8612587070296321
0.8668422080420888
0.8616757765410046
0.8619159453752151
0.86321596113801
0.8653309580652221
0.8648002432703397
0.8583141850475532
0.8605961782561499
0.8640491237609135
0.8664603910321822
0.8666667496287447
0.8598594813849052
0.8641629860221662
0.8624642800391326
0.8622699828523765
0.8683313390526113
0.8650983132533195
0.8605303063661908
0.8638560199517417
0.8684792093841598
0.859370668821128
0.8691682732592163
0.8630923476417391
0.8645220778043895
0.8645933549928174
0.8673487489637717
0.8616821135674267
0.8643085142704346
0.8621776460595245
0.8608633735827045
0.8671765452165662
0.8646418558999759
0.8608965137420301
0.869847739060014
0.8647079894395655
0.8613639795249591
0.8624203675730594
0.8641732222662559
0.8640341459149792
0.8631337329552815
0.8671703677326017
0.8591167601904555
0.867725052186338
0.8645278723864551
0.8661579878760497
0.865848079842704
0.8593618301689682
0.8645885176654983
0.8696296317568624
0.8629169147551885
0.8678405098721682
0.8573122009775486
0.8645534885234727
0.8626757822845332
0.8657667770062305
0.8607473862159146
0.8641057804785124
0.8700608814018804
0.8623378075420187
0.8603916256802093
0.866063155839158
0.8657761517210483
0.8648028533849486
0.8599933119801707
0.8641799230494818
0.8609695203707
0.8681473419269283
0.8620047275621083
0.8604154102698118
0.8668274407921984
0.8653657574661084
0.8641406628414767
0.8670753314813646
0.8674247294638544
0.8689719084022078
0.8673079124762838
0.8656723278712378
0.8637363311999315
0.8700531914554166
0.8615877856847021
0.862742183855452
0.8686506281824732
0.868290202625303
0.8633345458560124
0.8696269259167788
0.8645354921342377
0.8635071771770046
0.869934128110041
0.8628496835634893
0.8620050211202306
0.868635899222773
0.8647551182815874
0.8664478190865109
0.8683828521213723
0.8688629472852574
0.8668394766752119
0.8633295745130285
0.8580332371611399
0.8549156818110749
0.8616724835846765
0.8656935661632144
0.8673437840024864
0.8642156860868128
0.8678085503270301
0.866925712564479
0.868779857573257
0.8648101093759274
0.8707003913895573
0.8661918108770943
0.8574229362066292
0.8697026766757223
0.8635299087863862
0.8706354703726465
0.8702795247676903
0.8664525160164673
0.8625601140026586
0.8638833719106996
0.868911161015992
0.8671889065661933
0.8673472620280653
0.8646995528343995
0.8676128810751375
0.8653575378386847
0.8642879013848923
0.8673295719603493
0.8658315831525718
0.8661974969702887
0.8599870196256368
0.8652347858716858
0.8690443725865216
0.8637895354187448
0.8649351842811113
0.868264433327526
0.8642825535217084
0.867320190863833
0.8618137680035687
0.8676382802344126
0.8684936575491342
0.8650502080114565
0.8672047906132876
0.8637054118716182
0.8693035971718865
0.868707961360093
0.8641683211219536
0.8671482679113531
0.8634606737414173
0.8652301336136176
0.866722302312536
0.8662739816245378
0.8697534239406861
0.8645306994788067
0.8605953613987662
0.8651980464345134
0.8671533924150964
0.8670496579090621
0.8619477964314821
0.868416515579959
0.8609472418618987
0.8698466031177148
0.8681590331982328
0.8652866371704571
0.8664320116197963
0.8637575184383218
0.8701774367398202
0.8611182777583135
0.8691897668191255
0.87081889952718
0.8690092860092111
0.8694187932080861
0.8665620004326793
0.8686921602750767
0.8681921159222734
0.8683499161763928
0.8691831936698659
0.8673515824378215
0.8656039798823343
0.8662388057034514
0.865089251241719
