0.5444678356077682
0.5616375444837184
0.568989559801113
0.5786373865847722
0.5901720561236158
0.6028479345043013
0.6055028381196117
0.6161128337569564
0.6229965759533272
0.6383960838413103
0.6452274285926142
0.6610921858151542
0.6788916953022427
0.6906257183084326
0.6985954963838952
0.7027164335320935
0.7080795994535847
0.7168016319432854
0.7222422577252524
0.7235418238558189
0.7267186202835392
0.7311667183956958
0.7333154083271591
0.7358585209653312
0.7366530319997073
0.7377240380685931
0.7344360363234291
0.7384717854495294
0.7435238705851985
0.7434266383441639
0.7458971482778052
0.74311654426761
0.7495461646636213
0.7517836711609429
0.7502548065282111
0.7529293870360865
0.7539246647601152
0.7574008033163006
0.7564293657613615
0.7577086184127384
0.7607038285058041
0.7619499340916402
0.7601708145250632
0.7625055850927505
0.7654938627574748
0.762272231533787
0.7684024588744032
0.7681937730471413
0.7691550825088836
0.7697301875972402
0.770157509100706
0.7717979801004549
0.7708530245490974
0.7726358617815621
0.7738457010273971
0.7738888743322746
0.774685772566493
0.7738778168226061
0.7730163750705243
0.7766570012446287
0.7762235876071658
0.7779843989424208
0.7780051771298464
0.779273900638453
0.778627001310579
0.7804360149850454
0.7799155417608084
0.7813594093474292
0.7820906373054582
0.7840044904311226
0.7834095620352775
0.7820740669556211
0.7808453083553039
0.7847633398827911
0.7862648249248008
0.7872118430168217
0.7861343183009004
0.7881728214535193
0.7888303454121572
0.7895070115305953
0.7892144426838156
0.7919458958407289
0.7900942626917486
0.7917463259339307
0.7928406501708739
0.7921267564666316
0.7935846289589928
0.7943693620228157
0.7954129121105843
0.7934704189526811
0.7970693487028773
0.7979264680317782
0.7961942139725009
0.7977246509741953
0.7995477204813318
0.7986406418341354
0.7999648184036073
0.8022143054612028
0.8018928674109995
0.8035465093880103
0.8033901255178219
0.803335659166225
0.8045928413593283
0.8066866511578887
0.8034781017893355
0.807532445610739
0.8092066175063919
0.8097697993272706
0.8107897447830008
0.8105897356314314
0.8109442061615831
0.8096439015905321
0.8110626749324129
0.8123625975514892
0.8144335920854254
0.8124447044943245
0.8142759286761216
0.8170485435241787
0.8099187351339516
0.8182176093967113
0.8179899978491011
0.8196941275113055
0.8170854910118679
0.8204267241305773
0.8172626976305456
0.8199748558468686
0.8168493364717564
0.8231385576877218
0.8196008675708082
0.822503925384103
0.8239102407257413
0.8249348459955633
0.8249006294644935
0.8239103680430662
0.8234409554319849
0.8236685033209324
0.8254242856218534
0.8272198673185416
0.8279773417431011
0.8286831253337464
0.8239290645922295
0.8291156413840688
0.8256548509314013
0.8278210724585049
0.8271389953537579
0.8295779242249551
0.8286062702305639
0.8273096451302028
0.8287840179478724
0.8310315761479955
0.8277194414038946
0.8283153756066066
0.8271483595430051
0.828170864076966
0.830837315373646
0.8309190658279715
0.829648820877332
0.8323803504246402
0.8329155287999045
0.8296979080719517
0.8300281819445037
0.8328890149669919
0.8302335129602544
0.8316711865590183
0.8329005435507626
0.8352256061724254
0.8350375648493976
0.8308454445848416
0.8362392430547061
0.8357950711032884
0.836585342470745
0.8359895292194915
0.8357817346135039
0.8357917099259107
0.835943370323345
0.8366630824293356
0.8353298472321964
0.8366494403779716
0.8370517885881561
0.8359135398741183
0.8381394795924714
0.8383060934097167
0.8376013028942055
0.8374994935953401
0.8386664841954766
0.8394390775523692
0.8354869695428694
0.8387168318316127
0.8368732833327642
0.8397704909149794
0.8405937120061231
0.838467117996398
0.8410464906087048
0.8396845835499956
0.8397974439926632
0.8403905581166284
0.8423064228560266
0.8422238448390892
0.8393689448039419
0.8421304766788653
0.8422852117896963
0.8413801192927685
0.8404276774827062
0.8411182084578273
0.8432974863766007
0.8406388269002053
0.8434289224169726
0.8425072659360741
0.8441787068751074
0.84230339906956
0.8437820815786778
0.8443691990566398
0.8448398848409703
0.844421984819548
0.8434137461918434
0.8442970164992813
0.8448305270175893
0.8458726065902553
0.8454194396698325
0.8445485509722421
0.845853413503525
0.843172002421168
0.8446417790834083
0.8445652040783405
0.8454917686421145
0.845492869936975
0.8454455397214392
0.8456976025612987
0.8448930652875858
0.8463920867393581
0.8461055527337792
0.8468734799107139
0.8460419704617185
0.8453357794556334
0.8439953762931015
0.8468672540935258
0.845899196813563
0.8492296397889865
0.8475628777616433
0.8473303008383617
0.8467763176942079
0.8459640013319429
0.8495836901719657
0.8484745589301352
0.8506047114590914
0.8494358047332151
0.8482230881158367
0.8485558446762248
0.8509222281356874
0.8497956353227456
0.8493467780937708
0.8490540819296661
0.8504831297796674
0.8491748105830133
0.8503146125684151
0.8504120994440993
0.8509857276514871
0.8513443296288321
0.8511070674279936
0.8510190720588814
0.8527638414111975
0.8522644583018318
0.8520713688468714
0.8504121758344945
0.8510653582723527
0.852866223638025
0.8510324212803982
0.853074705757567
0.8505073200714006
0.8535398596041303
0.8513149256926438
0.8476678063349689
0.854108827997426
0.852971534163325
0.8534895374314589
0.8549274911283377
0.8547726541636469
0.8521714975570478
0.854332836464741
0.8545419933661053
0.8457850886611114
0.853891350908879
0.8560305938948338
0.855748395044168
0.855844366843686
0.8560690500928234
0.8549122958056098
0.855966674231862
0.8573662226576814
0.8551298429186857
0.8565315048120983
0.8559124052221188
0.8574574582527128
0.8576797988630716
0.8585502865110883
0.857329688951298
0.8597756457388305
0.8591848678877774
0.8572396947001848
0.8594701669153049
0.8588678541146145
0.8589498273742586
0.8574480495024018
0.8587146913727464
0.861268734203262
0.8602252541400219
0.8605948372366405
0.862089994607602
0.8608765077204079
0.8605437575258861
0.8613802132529544
0.8624689355276016
0.8598996528132941
0.8602719986958631
0.8611010381887553
0.8596539685714126
0.8622007797778736
0.8635825101440716
0.8594312969360092
0.8625146806424422
0.8627961856136872
0.8641524652466352
0.8624721821193868
0.8640820842294245
0.8641809588639504
0.8621098943054859
0.8647464323966775
0.8648686379309936
0.8638893703605726
0.8590841789813712
0.863457726433926
0.8649976231128611
0.8649674489068573
0.8655298986531177
0.8646370668145789
0.8639455427643234
0.862988899482539
0.8674046080672382
0.8651969829460735
0.8663225126593527
0.8671635008831875
0.8657483560850666
0.8660298992515091
0.8676076537370068
0.8664369645685817
0.8650532862473126
0.8675062900487784
0.8637831940774628
0.8662525899845113
0.8677070949336285
0.8681502165171158
0.8668955552070456
0.8679303967897904
0.8687334189873368
0.8690579253850705
0.8684758878683726
0.8671666965480429
0.8690924793070515
0.8701502825693441
0.8697166588582952
0.8705944545207619
0.8698315818416261
0.8704655266316906
0.8675048640947395
0.8687395365847989
0.8699450916026509
0.8709917291355487
0.8702897714305169
0.8703865835243793
0.8717199014777798
0.8691948551680126
0.868621125106765
0.8719391164478121
0.8721781419936003
0.8710568455813743
0.8713393754570851
0.8694062846836266
0.8738192941410375
0.8707102050667049
0.871466240805493
0.872214401967735
0.8712558934871408
0.8715029591219973
0.8693295059708387
0.8739207915124567
0.873172643081947
0.8738251889331808
0.8703060362187741
0.8708424304744915
0.8743781153435379
0.8710420003812899
0.8749901806513163
0.8730957306859682
0.8710919151385214
0.8705814554218885
0.8728561576756827
0.871082780120459
0.8735666201780186
0.8743911335400101
0.8739465923683499
0.8740652330175684
0.8726103779458076
0.8674859765695889
0.8751196814683496
0.8751171414877177
0.8763947581114696
0.8759568501724372
0.8764202088447193
0.8745596380195301
0.8747918329908371
0.8730114338851445
0.8762768877320666
0.8752202685208957
0.8737339597040158
0.875390307174181
0.8759861458888993
0.8758150186724862
0.8752285059518177
0.8757572611680403
0.8761276781931369
0.8761418104162022
0.8764095842139554
0.8770332926910969
0.8758939554139311
0.8761723474765821
0.8760072296379047
0.8765963332661352
0.8770211020572366
0.8760184080990318
0.8726901040546672
0.8776270115723555
0.8756282377909752
0.875385227212917
0.8771918855168727
0.8768846178849319
0.8762583121343621
0.8781305452265132
0.8770583933017031
0.8759071072935944
0.8774692335774591
0.8769455646883668
0.876047729278959
0.8773020150029208
0.8784566239932097
0.8787388483073404
0.879142603373965
0.8772696764023934
0.878977027192918
0.8738539753803434
0.8748142026448239
0.8762681346659791
0.879780991538669
0.8768465245413184
0.8783348449719319
0.8783473093380408
0.8797456928103371
0.8805055162395413
0.8780152148277424
0.8781937582783317
0.8792731227295978
0.8791148036360709
0.8794495845419249
0.8803138336410212
0.8800047071761364
0.8799936496664681
0.8807201477858766
0.8806885667234324
0.8801221510425009
0.8761420586849855
0.879843784443315
0.8754879404647892
0.8811934117460367
0.8791957519912494
0.8799122175054549
0.8811464889459406
0.8806878792098777
0.8813975841741306
0.8801359904357189
0.8806766052607571
0.8803746913223285
0.8802756448094139
0.8814951538060762
0.8804449704856797
0.8815499257192533
0.8820754980023529
0.8810339276989866
0.8772762969032887
0.8786270827936671
0.8810913096173241
0.8818241163101819
0.8812083587999813
0.8818398590974073
0.8788353994006868
0.8816549306829736
0.8806287339465902
0.8828899151004792
0.8784078105308388
0.8812813752858177
0.882760427015178
0.8809025298538119
0.8827974890884596
0.8836338365958016
0.8837600653575849
0.8813869340799018
0.8789266222639858
0.8822530292802092
0.8839801206219615
0.8841041404281574
0.8829296253741188
0.8831658881339566
0.8839757727353157
0.884542678587948
0.8826590251317525
0.8843148187715544
0.8801434957920223
0.8826227142306877
0.8852191091693351
0.8834118461080864
0.8817447848850295
0.8843873259880912
0.8836539845624687
0.8834262202340688
0.8852060527776655
0.8848368707306203
0.8845033057052192
0.886052082767567
0.8807068303936909
0.882834646649735
0.8842620521062449
0.8851006658619703
0.8830712786298149
0.8854213718375554
0.8834687123912579
0.8848872565619541
0.8835794148052682
0.8833469461017129
0.8861143282077161
0.8860067896292297
0.8855517766075958
0.8835766838486488
0.8852814373657454
0.8867850486070811
0.8863761499205297
0.8852188099736216
0.8856082418411939
0.8855604341856896
0.8850105060983343
0.8827389804117967
0.8867410986665215
0.8856337244037749
0.8854948912268255
0.8842872927659086
0.8872220334955075
0.8868550540381835
0.886119821950286
0.8858238155357336
0.886900098907737
0.8873368800884437
0.8862295694843596
0.8822284188413038
0.8853646837986386
0.8878769474489847
0.8867399655423299
0.8858290737412523
0.8875763512448694
0.8853070727091163
0.886840450741016
0.887296418642587
0.8859396615696703
0.8873097296689065
0.8872313976847548
0.884843109279541
0.8872458100059347
0.8872635389434285
0.8875616651914409
0.8864449713005106
0.8881744116469074
0.8881058830967739
0.8871904333354647
0.8882598861329867
0.8874385748017166
0.8890676318032872
0.8875667515185711
0.8859095764857939
0.8839348656788217
0.8880550325572043
0.8896053756226486
0.8873830771797879
0.8881854564248435
0.8877926824774923
0.8898951434882802
0.8889207521714033
0.8890633730387688
0.8858428494758078
0.8896033640089149
0.8856078153281554
0.8830549438170289
0.889285102525968
0.8898734422502491
0.889848551713229
