0.550058665424245
0.5602161021635225
0.5987950158740696
0.6294169135772718
0.653006248079872
0.6751201878324212
0.6831090638838279
0.6970506149942095
0.7073707305709558
0.7150166864533645
0.7209081801234651
0.7243649854314029
0.7286456239064332
0.7307673323312922
0.7345956844840915
0.7372575864290686
0.7423200621756496
0.744959147403244
0.7397397522562975
0.7506763296885696
0.7528474732818956
0.7544122150891088
0.7592113418371927
0.7627942485048577
0.7655568711322411
0.7667473189946589
0.7715390254153351
0.7731711374802391
0.7737314006178059
0.7737330804536274
0.7766663642962187
0.7831977491109373
0.7848168834968433
0.7811002972627368
0.7863397115057539
0.7922170528748155
0.7931514647082155
0.7953480079243792
0.7944009973223165
0.7989770279799011
0.7995067130533752
0.7982858071151379
0.8013069034280321
0.8024874364699985
0.8021553847124634
0.8041051183662842
0.8047361745849075
0.8058239314311731
0.8064412079439208
0.8073507127379197
0.8097070992792066
0.8082313887705427
0.8092773896978119
0.8080827485610121
0.8089424392762083
0.8126234710904803
0.8076712582515935
0.8137629934037773
0.8111074129462346
0.8140895446462724
0.8122596224406059
0.8152788873535443
0.81551275081275
0.8167191318547848
0.8168985206380588
0.8174043659362438
0.8188296434792234
0.8161917391888418
0.8176223972585888
0.8186552057910028
0.8192694762817537
0.81215384962039
0.8207504094378784
0.8178130586243503
0.8211699326464145
0.8201768528627005
0.8227210589422308
0.820427318909783
0.8231712107362374
0.8226758296784905
0.8231750756216617
0.8199053572919853
0.8238084116174718
0.8242564730894596
0.8246693211609146
0.8244844318626005
0.8243497039775634
0.8258941046149207
0.819987934484483
0.8257411511427355
0.8226219107377177
0.8229834354041994
0.8247265871429863
0.8265287731120781
0.8273069602140611
0.8253865794809141
0.8268211087512575
0.8279263838853779
0.8288482285259766
0.8281714441450042
0.8294506896445978
0.8290276425699397
0.8302560130417905
0.8288617556249619
0.8293727983099185
0.8289946647403875
0.8308139395656204
0.8300844361266049
0.8304297055396842
0.8301276824262548
0.8317328918573229
0.8298293978948045
0.8309575276373409
0.8324135032326863
0.8317573947256995
0.8323436258516074
0.8306727828352203
0.8332401024452296
0.8342607226951781
0.8328434275299377
0.8332637464501786
0.8346273247601584
0.8338364883681347
0.833281883624915
0.8326549322682617
0.8328609837088259
0.8347081273892508
0.8357779302007756
0.835267544293734
0.8358750007136144
0.8363319855240086
0.8362925914794382
0.8371892638434006
0.8367124304465873
0.8349636076831093
0.838034998027898
0.8379454488852229
0.8377963602984622
0.8372907170857895
0.8368900509816279
0.8356653685703778
0.8368058697353755
0.8368603949326856
0.8394711060913069
0.83831586531425
0.8362054863084287
0.8388002074508828
0.8389199241714532
0.8404132792714172
0.8360879356919441
0.8387238128120295
0.8381823120512533
0.8405542781225104
0.8406362932646768
0.8409283510362769
0.8416421802177381
0.8394412605871969
0.8417522978764702
0.8414528134622903
0.8423297067067281
0.8391422119199028
0.8414966533881328
0.8426672589793035
0.8422306595449712
0.842767941770676
0.8420287761181
0.8427093432872573
0.8436801115673697
0.8436330635340179
0.8432223563059597
0.84412293144638
0.8439804674753221
0.8440919807871241
0.8454506332627398
0.8444802817839967
0.8454275134170887
0.8449499790361541
0.8452616391024554
0.8447296237304168
0.8435319702564481
0.8426616637366794
0.8430805554279891
0.8468427182603107
0.8467613409505426
0.8460772309697463
0.8462990703409652
0.8479939741636703
0.8479516940853764
0.8485656614478588
0.8470199283091541
0.8473468521468124
0.8481776825247715
0.8474564519614192
0.8475300552941325
0.8478351286357647
0.8476745464354869
0.8493284521598673
0.8485716861221968
0.8481715504925051
0.8479620825437473
0.8490221473596442
0.8502392894552132
0.8486128168391391
0.8493139146333201
0.8504364743939214
0.8496692567461575
0.8494070571090121
0.8503580462695999
0.8500560042106537
0.8513581106338356
0.8518990682897971
0.8514409278028793
0.8509267149014472
0.8496604407656798
0.851063293131957
0.8509629387295419
0.8519823464664162
0.8510570663721069
0.8512832505818422
0.8514701796807969
0.8520350086879087
0.8524628616086583
0.8527694884826666
0.8522544230329792
0.8501682248217491
0.8525939330089557
0.8521496985313587
0.8532811563696773
0.8508419210834854
0.849876621742552
0.8545019170589525
0.8524105340912955
0.8535039177560466
0.8534412649320352
0.8535863118085485
0.8533299537057457
0.8544516482877471
0.8547399737925404
0.8528596754577402
0.8530442363670966
0.8553394794105428
0.8551372991705755
0.8534780192346002
0.8536736506409319
0.855784680109496
0.8553786208482227
0.8534832418820608
0.8531257715561712
0.8554259278036374
0.8542969265673284
0.8549414025270087
0.856289634968392
0.8567064489680275
0.8566229434452073
0.8568777353852894
0.8537629282311996
0.8552160683141992
0.8556916449917324
0.8561338586142057
0.8555810663254251
0.8569415123099631
0.856676881331497
0.856892816016651
0.8562838123795666
0.8568437029219695
0.857949464324354
0.8569463686774326
0.8572513346611361
0.8546732729431092
0.8583119110059861
0.8577681620438847
0.8555857837591049
0.8576939966608401
0.8572266486527642
0.8590333373396786
0.8576258685824777
0.8583826914566987
0.8571642105446098
0.8578843864741944
0.8587479610203318
0.8594379062202981
0.857497632694526
0.8595628961097074
0.8571406423217283
0.8554713465225454
0.8595147808122433
0.8591451411494048
0.8591503006451429
0.859215965806323
0.8592534968750759
0.8601356190821468
0.8610585562475469
0.8613250565170028
0.8587748005024451
0.8605377881973069
0.8600993952540521
0.8608679201424743
0.8609962128669765
0.8605962288014193
0.8616688039735669
0.861098910198301
0.8612279986345082
0.8611084145325554
0.861365827269126
0.8605308667685078
0.8615553645342249
0.8619890779348336
0.8588898439955418
0.8613734054758404
0.8627570849791304
0.8616271680428439
0.862085605342858
0.8624349543572188
0.8615328698906277
0.8618211701347318
0.8620135239666596
0.8640648119056255
0.8632240793375596
0.8629412606629789
0.8629242349585606
0.8614268318331768
0.8625845607881051
0.8632227405210402
0.8617099220601648
0.8639990393865169
0.8636119319572018
0.8619757718668776
0.8637642665425053
0.8641318537743587
0.8636274546506216
0.8647973466273268
0.8641859242792658
0.8641370259004413
0.8645675248783685
0.8651794966464161
0.8635324555142846
0.8626963772281759
0.8659369826137246
0.864293894779429
0.8633511027124372
0.8654018728072775
0.862869551881944
0.8635649849666059
0.8648848370238442
0.8646660920870336
0.8664728439256706
0.8644818785121514
0.862013700791483
0.8651800271208862
0.8655472164968872
0.8660105354250599
0.8655524012533141
0.8665860307581223
0.8665025883870248
0.8635391053906765
0.8659255458367581
0.866710888028914
0.8667701938116263
0.86476734324391
0.865493000743018
0.8664720103229322
0.8672259724241183
0.8649986490583498
0.867318262351555
0.8663419619805411
0.8672108791624122
0.8659387571771301
0.8674066052963278
0.8663626631152158
0.8655693069694596
0.8679775852812229
0.8673203274128847
0.8675627100394719
0.8675245032472868
0.867567945317277
0.8679141620061959
0.8678588537275252
0.8657417806391066
0.8674644206983864
0.8660065442361903
0.8670581467212559
0.8655899702131007
0.8676113747569227
0.8683318159237424
0.8683350619222849
0.8666456080932419
0.8686398637115096
0.868449467582983
0.868073544323744
0.8691864418707843
0.8686823963966941
0.8680382425107993
0.8694071066199627
0.8677798004011499
0.8667688486799344
0.8667896571725378
0.8690029798014015
0.8684852682945363
0.8685767751406124
0.8683869978989674
0.869537426514761
0.8687018534424332
0.8693592628749058
0.8697835098322937
0.8697948076754705
0.8698478172314374
0.8696839827174448
0.8646294451423973
0.8702844671871479
0.8689901978927431
0.8700563000133223
0.8687076949767757
0.8677917929132755
0.8711678397983268
0.870281259079639
0.8684794457057106
0.869136293087852
0.8698482971845295
0.8678074924315188
0.8696899505552323
0.8706193228811676
0.8708880208305705
0.8682507606877595
0.8688246077608616
0.8680143837899935
0.8697442484063409
0.8698451838046044
0.8697977316002278
0.8707163555029729
0.8702677572413426
0.8686897788330684
0.8691271487184167
0.8716682098421605
0.8665563368181465
0.8703149568388289
0.8686871264607182
0.8705464079022306
0.8707279248985569
0.8702785119797048
0.8706633206863167
0.8707376881548738
0.8722431620704085
0.8685175198792783
0.8699098637989117
0.8702395536820207
0.8709246172538285
0.870673424961936
0.870849416182533
0.8704887251187897
0.8692908885048254
0.8716353077946758
0.8722815583177614
0.8684036383778778
0.870218391539771
0.872218804450994
0.870942274475473
0.8724418879111486
0.8682809408959996
0.8717213899077787
0.8724864730273182
0.8708217873038867
0.8691495738951188
0.8721120843549387
0.8719175581037529
0.8716887973037347
0.8718670872470351
0.8718607404989118
0.8710497397618555
0.8711952476459438
0.8705376740189923
0.8726998248070171
0.871942995617624
0.8705170423512124
0.8716194503971259
0.8684039036151128
0.8724357432485378
0.8715179466333589
0.8728605333107402
0.8714204593191507
0.8712058634505161
0.8715037311805973
0.8708917088911714
0.8726937306657845
0.8720409313090631
0.8723613757799805
0.8724101794312211
0.8716765269240295
0.872478560116474
0.8693525498467913
0.8727885908683316
0.8727599073559178
0.8733534135602713
0.8687583426583168
0.8728855792839312
0.8734288104019071
0.8732434032594676
0.8710690894496662
0.8729854474180821
0.8723063201082005
0.8731438950901353
0.8726142415925229
0.8714617858064332
0.8724084553891938
0.8719635578185092
0.8724461885434591
0.8723743155679454
0.8741397977558505
0.8734877499046282
0.8729808436575032
0.8738532847054963
0.8740628158059769
0.8719716286086601
0.8733217113955162
0.8733278244822656
0.8741302113243569
0.8703086353513947
0.8747746746536924
0.8728645055540929
0.8721641655805833
0.871683044181804
0.8728740414642085
0.8750606509144041
0.873883597532354
0.8746553810496636
0.8743968315820855
0.874446696182266
0.8732289415149878
0.8722145732855785
0.8746849928923999
0.8746539601359046
0.872970808848779
0.8718778546157417
0.8739319338608471
0.8720710862566139
0.8749221212956653
0.8737161191639662
0.8738323625397926
0.871272557984775
0.8741071167393947
0.8739285173526534
0.8732374733127134
0.8722630864388949
0.874081016132436
0.8739232504989869
0.8734071746217378
0.8724283923880249
0.8747802383204552
0.8734097575271929
0.8743229693273092
0.8742134516099419
0.8734082355706775
0.874614338745133
0.8745050104829333
0.8740666996369181
0.8738989497161229
0.8730497990234318
0.8745389229579801
0.8752679464439037
0.8753543569459645
0.8750725802748069
0.8721264892628683
0.875890584537902
0.8746815826993786
0.8755816463108457
0.8736473848290668
0.8754883080648135
0.8750349165874364
0.8742095804093455
0.8751572162134621
0.8741073756614575
0.8728956582988613
0.8750606698599208
0.8750706730927837
0.8708115314641333
0.8751494296060631
0.8766036306380026
0.8749444959509894
0.875738022606397
0.8754022070061935
0.8750674839307917
0.87673768911478
0.8754928802495311
0.8747283781258397
0.8741369811890216
0.8762503220106337
0.8760135914632208
0.8749539118728321
0.8754677142880671
0.876480105868558
0.8749796335694551
0.8763763665338106
0.8745604387498768
0.8762483390465433
0.8761439492490528
0.8770232801499838
0.8762933409640823
0.8737094440268852
0.8739486185459634
0.8764398466453881
0.8771492299455768
