0.4859647822546286
0.5339557529223713
0.5286581254214431
0.5
0.5
0.5
0.5
0.5
0.5
0.5
0.5
0.5
0.5
0.5
0.5
0.5
0.5
0.5
0.5
0.5
0.5
0.5
0.5
0.5
0.5
0.5
0.5
0.5
0.5
0.5
0.5
0.5
0.5
0.5
0.5
0.5
0.5
0.5
0.5
0.5
0.5
0.5
0.5
0.5
0.5
0.5
0.5
0.5
0.5
0.5
0.5
0.5
0.5
0.5
0.5
0.5
0.5
0.5
0.5
0.5
0.5
0.5
0.5
0.5
0.5
0.5
0.5
0.5
0.5
0.5
0.5
0.5
0.5
0.5
0.5
0.5
0.5
0.5
0.5
0.5
0.5
0.5
0.5
0.5
0.5
0.5
0.5
0.5
0.5025250269013708
0.5005619240278715
0.5
0.5
0.5
0.5
0.5
0.5
0.5
0.5
0.5
0.5
0.5
0.5
0.5
0.5
0.5
0.5
0.5
0.5
0.5
0.5
0.5
0.5
0.5
0.5
0.5
0.5
0.5
0.5
0.5
0.5
0.5
0.5
0.5
0.5
0.5
0.5
0.5
0.5
0.5
0.5
0.5
0.5
0.5
0.5
0.5
0.5
0.5
0.5
0.5
0.5
0.5
0.5
0.5
0.5
0.5
0.5
0.5
0.5
0.5
0.5102320568147252
0.5384482149054132
0.5340132651961611
0.5330805837199608
0.5164832121754904
0.5116463206972799
0.5295892723107837
0.5377404293438066
0.5319634108012989
0.5370190724770091
0.539829772510823
0.5426893456627726
0.5447028625564393
0.6131548524192237
0.6287269936379943
0.6462434879838186
0.6621494744690468
0.6916721153972942
0.7280303303577758
0.7386907516222035
0.7417915264635272
0.7523915052142355
0.7633605047409009
0.7653243464895549
0.771327189276979
0.7733783319669827
0.7708205798429503
0.7746073339560599
0.7778561680110658
0.7785602023603487
0.7810446037585581
0.7747287241972798
0.7802313042987984
0.7762019402129001
0.7846993013044973
0.7851367911781186
0.7851607004203025
0.7858254417677714
0.7853806199791539
0.789203496877602
0.7818353769988594
0.7871096888837964
0.7840651190756042
0.7862860956932495
0.7865269753088384
0.7853458296951626
0.7916476453678136
0.7846429762830927
0.7867456760394432
0.7843551749375971
0.7902629491217894
0.7849387726366719
0.7883025301965014
0.7855001282990397
0.7895763257024329
0.7897769397796792
0.78866036048721
0.7897895259179974
0.788478679296405
0.7912646554308133
0.7817296294393323
0.7823016766883398
0.7880939590022048
0.7850272355697177
0.7898450362821803
0.7897928350682628
0.7917941131580857
0.7946966484269334
0.7925162089000379
0.7928012189393936
0.7936543923968155
0.7891891614365674
0.7919066053215886
0.7923761573247838
0.793167675755412
0.7976095532086354
0.7948110667179762
0.7955148737210577
0.7889143188245535
0.7969387177199339
0.797683402833067
0.7924483586892552
0.7929806329833566
0.7932589931463203
0.7926879058034968
0.7938146083171019
0.7954252930025215
0.7955390418853042
0.798079686207679
0.7916730576209959
0.795974302503117
0.7912179547319358
0.78744396989714
0.7960120482877269
0.7981935992849405
0.7965396619846989
0.8012256650520538
0.7935480448959236
0.795143762623082
0.795827380020442
0.797070313279529
0.7973593839746492
0.7960125850773693
0.7959180848396408
0.797997993139298
0.7989395095414927
0.7980611196012286
0.7964781522068674
0.7977605994987977
0.7993296482534936
0.7990582789862238
0.7995085760291925
0.7974197001849234
0.798061271165363
0.7967795753789318
0.7980763075905188
0.7987065744126095
0.7987220150087899
0.7979436952881894
0.801460160028486
0.79839327240152
0.7995699595035791
0.7959526730381197
0.7993195502930468
0.7974454408270631
0.7985907162622911
0.7961497064126938
0.7993906780782334
0.7988081350129267
0.8024515347156892
0.8014917295746238
0.7996186368513744
0.7964752219669377
0.7986565645634668
0.8002354144655134
0.7988274720703928
0.7998540222670952
0.800168416802986
0.798359884085771
0.7977280447857872
0.8002301539270191
0.7993221268833296
0.7984553568600276
0.7996796287850805
0.7997868098887111
0.7936266624754132
0.7995194886468612
0.8005451231435856
0.7982741240464531
0.8010167465232829
0.8008362273241743
0.800166004407182
0.7994736531265838
0.8000577118332333
0.8020256079224796
0.802187364744798
0.8010134310578454
0.8023492794464231
0.8001991716919019
0.8003174674987134
0.8017218039304722
0.8018102226573122
0.8020073570746425
0.803435691160997
0.7972169957856582
0.7978833664475706
0.8010899835760052
0.8004346265745176
0.8003293021315323
0.7995418380414965
0.8018681075262657
0.8044093707355221
0.8028528828584551
0.7958700579545885
0.8023130556183283
0.8043391397047965
0.8008148757267564
0.8008396059413342
0.7976264715551252
0.8031665006281576
0.8040756391421653
0.805070859769276
0.8031011070193848
0.8029780495726876
0.8044339872769993
0.8034691931498469
0.8005562125860777
0.8025888833972151
0.8034985397553482
0.8024229269853425
0.7989452689785956
0.7937187945235433
0.8032069051002898
0.8042227258193191
0.8052978017996827
0.7989745019109964
0.8032006215038892
0.7994481461458175
0.8031768575106673
0.8008067986214332
0.8048176655677763
0.7979024951043521
0.8009001621281545
0.8024481750440458
0.8059907277609565
0.8057197563495395
0.805281249733184
0.8040116853926682
0.8054704649244975
0.8020257594866139
0.8045447490833022
0.8036723206656535
0.8024011522713831
0.802217418649593
0.8048764029849849
0.8040199708986757
0.8071917345913965
0.8063228805612481
0.7997871761687021
0.806001678269659
0.8010612432270408
0.808025280493428
0.8047036956539642
0.8000315985959299
0.8066237669436704
0.8026764748364887
0.8046144433243856
0.8040607732266605
0.8067728239545701
0.8039609556138876
0.8033404773088029
0.800780735905508
0.8058511813994836
0.8054438212127242
0.806134353723711
0.8086226894742398
0.8067757731400164
0.8016632496532592
0.8044750927332526
0.8094071664877958
0.8098699296808094
0.8066972502881109
0.8079991356802635
0.804708659379362
0.8070798865754643
0.8091043855536948
0.801554388713807
0.8110951425665295
0.8068977570074287
0.8074342750972903
0.8063833293901397
0.808004667771165
0.8067637427368572
0.8024758670744145
0.8098752596861987
0.8038166602428733
0.8120600377364382
0.8090680038462935
0.8104133060477476
0.8087126238424226
0.8102374411305958
0.8092146232007
0.8068716627156424
0.811452486588974
0.8063495937399163
0.8103936153406346
0.8090164278344298
0.8103523204292135
0.8105224827458126
0.8054103065935299
0.8079052038080388
0.8109537963809617
0.8099262420718697
0.8105345005186272
0.8088746964233542
0.8103410920529317
0.8092399533566429
0.8111401192233794
0.8118606930088164
0.8056840124745366
0.8128080193694922
0.8092437550903446
0.8118917257653118
0.8125188855226495
0.806374102923465
0.807951658215198
0.8138393059453911
0.8085310563247183
0.8042393852437462
0.808600977912003
0.8099045620854942
0.8118013682805871
0.8108916614010762
0.8108879670253029
0.8134229529533307
0.8088595652706146
0.8108985891450474
0.8115775017390722
0.8140671826212929
0.8139161552766472
0.8092386713766737
0.8101767649555024
0.8099918503964992
0.8128601511165149
0.8137444899490497
0.8081062599473435
0.7924861423648986
0.8129193369109542
0.8151095333789946
0.810212041507758
0.8144418428460795
0.8074633690959012
0.8139021987459483
0.8140263802933079
0.8094828033059775
0.8131602417872321
0.8151369664873006
0.8122146584141007
0.8151315354391553
0.8098522724591649
0.8127111762028547
0.8085283850068514
0.8132140407397319
0.8070817811271431
0.8126337963971284
0.809738473055004
0.8144768667914444
0.8131522152032871
0.8131796862026268
0.8100530507308903
0.8072741854804489
0.8124733847065018
0.8105917854462157
0.8120678874955598
0.7973210761397082
0.8113639920800668
0.8145574294439906
0.8132492667706094
0.8105903834779735
0.8110846972716083
0.8135407309160168
0.8156631150643079
0.8113280587498959
0.8121103633441937
0.8116597631729567
0.8133891099451789
0.8153260490599966
0.8132355502164563
0.8140790235692839
0.8117869381119688
0.809251238569475
0.8164977850670022
0.8158489326929447
0.8152649055621561
0.8099826239298247
0.8139375889713043
0.8112754659952981
0.8063587570548683
0.809035398611905
0.8147405504940713
0.8077324333252953
0.8086273058651632
0.8119310503429871
0.8095237887739578
0.8125432052510304
0.8146373984703439
0.8134101078929498
0.8141364979520401
0.8135392721112242
0.8115750703977513
0.8134694641970404
0.8149135230623271
0.8157932076129047
0.8143233007475497
0.8132313885179357
0.8105522398375111
0.8169771192720313
0.8086793997211522
0.812088695988163
0.8091712758582938
0.8145384081451372
0.813058731708293
0.8102727492587123
0.8160588111278994
0.814563176250749
0.8146308748973974
0.8160108852856032
0.8111722508198483
0.8136339302282591
0.8108146541905134
0.8098349878326838
0.81254122228694
0.8137798296530279
0.8163807144036095
0.8141016887225321
0.8123893613395562
0.8156828310321098
0.8139308759431899
0.8051829603920986
0.8109873741518787
0.8175128732260492
0.8156372228580339
0.8148854331761057
0.813301108019708
0.8123729292613305
0.8147584476922618
0.8128850455255716
0.8167487626430381
0.8119516378045611
0.8172746144069489
0.8126190252092078
0.8117912766353126
0.8146801332410409
0.8142343010248614
0.8113574685071201
0.8159393217535305
0.8030181824924126
0.8134153052797215
0.8121579165913266
0.8135058459044416
0.8164506107302052
0.8062877239972657
0.8085188680422526
0.8123884393244059
0.8097781386519814
0.8116085092348785
0.8143537967144028
0.8130103195977327
0.8145160966415357
0.814963008752172
0.8147635250907602
0.8109450372370344
0.8145888790018552
0.8149056480425163
0.8163092140232594
0.8184938910307427
0.8040275996267683
0.8168094135574421
0.8147826411171974
0.8031741546169391
0.81147408447811
0.8130361297067674
0.8175901898800526
0.8118583627102517
0.815369832149289
0.8150430030392147
0.816403411132719
0.814076566967274
0.8158236341128631
0.8158863437734245
0.8153494341428826
