0.5086029186059052
0.5289525080393445
0.5428730852511932
0.545388329533032
0.5535967187859968
0.5552020030874657
0.5574247486089493
0.5576575401999131
0.5620024046239234
0.5632732751705349
0.5637558719601578
0.5729951926666629
0.5780043344494924
0.6075433333269517
0.6145809298262073
0.6188581993017146
0.6290638303846696
0.6370340546566934
0.6378281549042395
0.6401965052543713
0.6436352259536012
0.6498917983051485
0.65319465902905
0.6573974859937677
0.6589738548201924
0.6645170617895175
0.6677727936713974
0.6704711990764406
0.6726517232819031
0.6756620214284665
0.6773925720860687
0.6798729148598484
0.6839505648122088
0.6855973046259016
0.6880411185585531
0.6887451028442592
0.6906977812749484
0.6924713764876537
0.6944610623868446
0.6935702730281987
0.6957588317918341
0.6986504112047306
0.6990351446507648
0.70106382910833
0.7030066541968282
0.7041320220219645
0.7074516666124222
0.7093968465475968
0.7122871560025297
0.71549333399703
0.7151259013351152
0.7199159275064599
0.7247879967912821
0.7219534187076934
0.7291147627188843
0.7313138831932232
0.7328285856688753
0.7350148087309292
0.7372772420342046
0.739019930681993
0.7401679216276393
0.7423323894801532
0.74352234009219
0.7446415878686469
0.7434090138935954
0.745546289329609
0.7473616719028502
0.7423212661799984
0.7474619602917968
0.7490026745697619
0.7497364294780856
0.7511909078667833
0.7513341131768668
0.7522907552803767
0.7534128748210731
0.7525555191798753
0.7549447759736716
0.7542707282347394
0.7556561311209262
0.7566703616699884
0.7547136563876653
0.7568586217701427
0.7574824391616747
0.7581695566187464
0.758043645711084
0.7591206721715196
0.7595425853919098
0.7600664590062035
0.7603900621641232
0.761011614052755
0.7616100833385981
0.7616535427040916
0.7632095156227165
0.7631589215185124
0.7621139886188792
0.7642416787440306
0.7621453674294711
0.7647340905856548
0.7654574816159225
0.7637142377603813
0.7660553510221246
0.7652628589625529
0.7656636040896475
0.7664857455195693
0.7668465220701464
0.7681356825641152
0.7681265120636434
0.7685726565925177
0.7685260510497576
0.769524289062854
0.7693622194525651
0.7685524457539689
0.7680320629286507
0.7688107322296824
0.7703068767266481
0.7683002282733485
0.7699604398521743
0.7705174472440954
0.7714577585816291
0.7711230321235548
0.768433025033488
0.7706451003553968
0.7650533605704217
0.7719388110002611
0.7726233119610257
0.762180632694334
0.7722499251745871
0.7727515649519681
0.7702126892412864
0.7730031761712491
0.7729569854388789
0.7729469725542301
0.7722928038055343
0.7721833768246074
0.7721068219716767
0.7727532178118305
0.7741286907754465
0.7668483982894495
0.7722103139731752
0.7739055036404398
0.7731834400034205
0.7728683117408571
0.773294417737037
0.7739352614996609
0.7748271485104159
0.7745319311465807
0.7750273615315056
0.774724345732335
0.7755027597654345
0.772263594772368
0.775269298096148
0.776001412908006
0.7738226181427854
0.7760785421137844
0.7768453606010539
0.7753543469895295
0.7774534088160608
0.7768514359778453
0.7772904776765002
0.7761377323656127
0.7779456100616409
0.7767523537298793
0.7757558898289131
0.7730407133207103
0.7779049394983092
0.7769291331547734
0.7782186127336579
0.7753575378386848
0.7782860289946081
0.7783635028120953
0.7787403740058111
0.7785544559889366
0.7737699755134235
0.7792094415950162
0.7792679234783318
0.7786218275779987
0.779878275486429
0.7770841573701277
0.7769835371328689
0.7803610254368113
0.7803475600533766
0.7800386348015707
0.7771005264262936
0.7804750600039184
0.7799791509916202
0.7805180471237367
0.7785050680257132
0.7809925583016003
0.7798559203972479
0.7813490591143096
0.7812787136538352
0.7803703363346461
0.7813038256366862
0.7779971167487034
0.7819014014847658
0.7814904647854696
0.7811227704739241
0.7813578211860897
0.7821185387697746
0.7793756975993965
0.7805877735594752
0.7809979699817674
0.7832829242983802
0.781335925579187
0.7826824766860606
0.7829210564773919
0.783126668415252
0.780939864618652
0.783608033537101
0.7802323767805736
0.7827928992119241
0.7824935847977735
0.7752242369243787
0.7840507255671894
0.7834702718156762
0.7824587407249992
0.783096559562624
0.7839923138825552
0.7847892093139609
0.7844451847214485
0.7818928882992201
0.7829343878451621
0.7840863609705541
0.7845080827399948
0.7854579091897094
0.7840090786040164
0.7838074807543933
0.7839958365800224
0.7811883870959506
0.7758257119901263
0.7844801947183789
0.7824153898483772
0.7840289448308562
0.7842254564669259
0.7836574534088161
0.7836221243269701
0.7859439393330232
0.7829070231228075
0.784916670974313
0.7845263982141455
0.7855792890915717
0.7849446228129122
0.7860083179055776
0.7849300533956698
0.785894953416793
0.7855637943280742
0.7860863788393095
0.7851932154888922
0.7852079635936876
0.7861044645723209
0.7860207494538861
0.7865501432372185
0.7866864946033169
0.7854586941386017
0.7871062444279797
0.787112875012524
0.7869654833083489
0.7870815855457086
0.7849549484007783
0.787268550161106
0.7867066990601673
0.7856386005956676
0.7865751084410085
0.7859334797294927
0.7856400173326927
0.7873392657600826
0.7867583333811962
0.7857382954866715
0.7874097771447133
0.7864233006016027
0.7872794628652167
0.7875414443442517
0.7865669845390595
0.7873045110310846
0.7872759337860509
0.7879984632870468
0.7869177673500828
0.7886661612361604
0.7878377657418948
0.787370593517088
0.7883036680087379
0.7875435630680909
0.787520633626062
0.7869185778257682
0.7883145807128485
0.7885000583925396
0.7890124002779868
0.7888449062241343
0.78887661050134
0.7866011393884164
0.7844692054338884
0.7894617420377146
0.7876946561572858
0.7891076726520615
0.7885890958473651
0.7897404563297195
0.7892943628544318
0.7882814469352213
0.7883413200287688
0.7899117730208599
0.7855422050426905
0.7895270204297308
0.7893106425668212
0.7883016705371668
0.7896593321807985
0.7903663350098055
0.788231963246523
0.7876028362819971
0.7897006600590561
0.7902355484846337
0.7904664319478028
0.7904010067767254
0.7893890353488651
0.7875450946756855
0.7907466523206089
0.7905005867971597
0.7901960011002048
0.7904665787268639
0.7908301887514909
0.7894806573915063
0.7893481414260926
0.7891941510458647
0.7909687290401096
0.7910670327208817
0.7908809551615494
0.791133485345387
0.791039750960605
0.7918663404342491
0.7905999626032478
0.7900208490083798
0.7904581038315078
0.7908050767686398
0.7898525380971435
0.7910937656551037
0.7912180428479988
0.7889865224913384
0.7894429862263805
0.7897040104506692
0.787161426973269
0.7914061944592818
0.792432084371157
0.7915373447412573
0.7918658298983842
0.7920780596573921
0.791700071666472
0.7914382624932913
0.7914775737548827
0.7888040825000431
0.7916824837059288
0.790591098424295
0.7913975281129764
0.7920954051133997
0.7922528288473185
0.7896097463849274
0.7924653713095436
0.7877339610371792
0.7927974876530092
0.7929623396837614
0.7912840487536225
0.7935092639923521
0.7919958250929653
0.789898224675347
0.7931214035141461
0.7907193258884441
0.7926306126238928
0.7918720456725385
0.7929382360092432
0.7931048749155222
0.794165289815256
0.7935937066243942
0.7932625156271839
0.7935581286563143
0.7927293055882617
0.793858042950106
0.7922626438993198
0.7917982732400712
0.7940281215917743
0.7943681320960496
0.7930950024282362
0.792730728706985
0.7934542346078222
0.794342860570741
0.7948165229827292
0.7937170393259396
0.7941690805440524
0.7942824705596302
0.7944504049506663
0.7927007538700215
0.7941464638052408
0.7929011200518703
0.7932285075568881
0.7946654107484391
0.7933822171423903
0.7899350279295027
0.793596865565058
0.7949662120982961
0.7896083998465839
0.7949025738027455
0.794641262402033
0.7952021817750182
0.7945165193451611
0.7936079059031348
0.7953259165235571
0.7951054224652372
0.7934760983062334
0.7951158820687678
0.7917917256176048
0.7931499935225763
0.7947847485068422
0.7947882392958179
0.7959283935159394
0.7952519526401406
0.7940985819228185
0.7962306116028209
0.7942996181829901
0.7964277167368335
0.7961691622297908
0.7959884580604359
0.7960097474059993
0.7950384975950571
0.7951339933285726
0.7928896393766102
0.7963459161278919
0.7959604104963621
0.7958283540132267
0.7956835341334707
0.7956940766990792
0.7959464409587607
0.7968846080456623
0.7970745912043604
0.7956900434657472
0.7960100409641214
0.79217105376517
0.7962677594686853
0.7944909414983334
0.7955542026355138
0.7969572572992268
0.7971290015641542
0.7948662938478515
0.7953005811812651
0.7966748735306938
0.7952261450521736
0.7967925009939494
0.797161982181022
0.7964166189634718
0.795929191228228
0.7972711475123182
0.7975456307383433
0.7963676649557333
0.7970804942752975
0.7976717522420501
0.7935789010843144
0.7971048213092565
0.794413608078209
0.7972544529895385
0.7965397538323694
0.7977829788619006
0.7971059381064608
0.7970274113087523
0.7977010825274844
0.796735627298608
0.7977676500225593
0.7960720072547146
0.7971754539461551
0.7970262817481515
0.7972227423306346
0.7978274401540288
0.7967288499350024
0.7953961088232723
0.7979985845393148
0.7979358588266227
0.7975826318251467
0.7975807173156534
0.7983802420067634
0.7981089177214018
0.7982628059944568
0.7981608966541395
0.7976733412849295
0.7971044064988664
0.7988525451170116
0.7981287967116384
0.797876802590459
0.7980540032074417
0.797774286988802
0.7977760611009324
0.7991161092572276
0.7941837456867696
0.7980332307794414
0.7980628290962047
0.7982672668015758
0.798263507981271
0.7991836595338424
0.7997356253840985
0.7995678888257102
0.7986485924207122
0.7988422961095254
0.7996448393439359
0.7988810840718553
0.8002854533654205
0.798452029731056
0.7995379586606347
0.798548355085352
0.7997952304463167
0.7990184947998731
0.7991455607949298
0.798202205387302
0.7997728945022307
0.7962555448981193
0.8004404010003949
0.7998373496551648
0.8001467024807575
0.7980319991116674
0.7998285875833848
0.7997450128623131
0.799964670918154
0.799924383256721
0.7988686589052452
0.7995534342790371
0.8001732758725218
0.7995740088743897
0.8002814456588816
0.8003936614419703
0.7972382690026235
0.8007643870602131
0.8000775057259788
0.7999290674232808
0.8010698215230434
0.8003552053279522
0.7986858423937495
0.7999920739306986
0.8006584763950552
0.7997854792112986
0.7981214960487716
0.7999105796432757
0.7982927425412306
0.8012138628356055
0.8007970039202772
0.8005597132320047
0.8010917043665494
0.8005566244900226
0.800713154786178
0.799980357132601
0.7989005035798137
0.8001470024205781
0.8008825633495237
0.8000179261905538
0.8003321929238454
0.8010505870843361
0.799513555046296
0.7990653619922641
0.8003556775736272
0.7994232221067135
0.800617014501133
0.8017148325346638
0.8017724145985177
0.8015721377604451
0.8012100146715244
0.7996397722754774
0.80177459713934
0.8016348315646457
0.801041888829539
0.8021738425673317
0.8020060868638483
0.8024034241640453
0.7994383020598207
0.8019862844539914
0.8013258169690635
0.800743365745979
0.8024394233242138
0.8008869603396596
0.8021930833877374
0.8020069547748185
0.8017532120683021
0.8028351907266266
0.8019908665133781
0.8025014470500919
0.800743301928996
0.801893156330549
0.8008852500445124
0.802503297742602
0.8016742257883153
0.8012935766291996
0.7987078401078253
0.8019231184041159
0.8023010553414496
0.8026706258722983
0.8023265502261994
0.8025075288085817
0.8034357213010241
0.8030572993546189
0.8020951626088637
0.8021381369652855
0.8017549861804322
0.8027431411101985
0.802759088974276
0.8030528257841033
0.8034253701863647
0.8016559868945444
0.8014945044005001
0.8037990441492271
