0.5069506608018756
0.5133721941771174
0.5221085759042938
0.5252497295032438
0.53386766192207
0.536590226678782
0.5416653022697879
0.5539172443396976
0.5854858601258357
0.5933502351869772
0.5968890340826554
0.6036278490305644
0.6110302288378839
0.6166832680752029
0.6209343206053588
0.6238399602848322
0.6261739892575702
0.628940479687325
0.6313602573177722
0.6332015584510828
0.6381896224892266
0.6393209906380364
0.6397655938383024
0.6432061497480812
0.6440596873738307
0.6474761392948993
0.6499519330565562
0.6509631017935802
0.6535607873747411
0.6574426450076087
0.6583624621916757
0.6590162251897196
0.6626733836448538
0.6635580384943264
0.6657082745531498
0.6668369181819592
0.6685000164753327
0.6685586096819311
0.671370109182094
0.6721121915026003
0.6723027732792924
0.674001219815684
0.6746989725931238
0.6759466424874598
0.6765812889710534
0.677217134243447
0.6788299859773763
0.6789690582994712
0.6796815811806314
0.681641940632645
0.6826874767854869
0.6834357389584179
0.6829671792140536
0.6843876221402316
0.6851241079761252
0.6848432965076525
0.6856675824045497
0.6864358201170608
0.6877944965721692
0.6883947179442272
0.6887877988686255
0.690278669034157
0.6904694367192727
0.6916152993144851
0.6923237963166797
0.6925434310925299
0.6929599044251205
0.6941823805227463
0.6956216450741513
0.6951681439120952
0.6966486352590839
0.6982730517790858
0.6999420093931193
0.6992062351377435
0.6995412998127196
0.7018652448561382
0.7022592360907485
0.7036387086467546
0.7042555463854978
0.7047174262478846
0.7061049056873745
0.707993254473117
0.7084848796832736
0.7099134641162766
0.7106347503358853
0.7124601723255695
0.7146484106304232
0.715980713731927
0.714525967496284
0.7184848232696829
0.7198142928703863
0.7195890167354763
0.7219204622221903
0.7203859163983923
0.72432477098967
0.7249483591273792
0.725727103871139
0.7280222459301762
0.7287930927712523
0.7288708794199247
0.7301584619296089
0.7301686740716343
0.7312095817457929
0.7324241791726408
0.7330988728949237
0.7347440662839175
0.7339235754831152
0.7347622404349796
0.7343387730992819
0.734162224203251
0.7349964273529499
0.7374294173027405
0.7366708468282548
0.7392775457626406
0.7402218195203588
0.7406459727940331
0.740563025583948
0.7425438285519183
0.7424866841488964
0.7425511879612372
0.742980367172983
0.7439555273715537
0.7439941578598427
0.7454486604913444
0.746255041483862
0.7477247629635547
0.7470435111613649
0.7486063407080854
0.7477041271285392
0.7493663920393243
0.7480312426157495
0.7495414087935197
0.7501824402698674
0.7513396368682816
0.7514568681559255
0.7522785833880695
0.7531358776461019
0.753202779036043
0.7543049531517184
0.7535653838002476
0.7548417797513418
0.7561707557331273
0.7555757013331174
0.7553840553909661
0.7552626187265683
0.7565031215306444
0.7582791495753787
0.759031065810428
0.7597776612181822
0.7599888531873487
0.7594054725542112
0.7602074109764693
0.7602638373883379
0.7605651885322966
0.7592133201718716
0.7607776946816984
0.7613935259507003
0.7615811780670627
0.7629071474608948
0.761562208997224
0.7607651106046139
0.7638569279543317
0.7645614503626432
0.7644353788089271
0.7638064185588405
0.7645765025343164
0.7623490952478089
0.7653848451812344
0.7659178446315866
0.7642343605179742
0.7652764862128391
0.7668887994534035
0.7654948324509948
0.7670820736969197
0.7677189126177842
0.7673221519887266
0.7681512650940011
0.7683005046836743
0.768557173699625
0.766540092946519
0.7686093755028341
0.7684331150853916
0.7689474147125875
0.7700841229205984
0.7702205925247633
0.7702610500441115
0.7695435589205977
0.769945935266174
0.7710655783630289
0.7708551428488274
0.7713658781627991
0.7713492041003962
0.7719738948673762
0.7720747469818409
0.7714197787843614
0.771017222940997
0.7723391023495105
0.7730622540639902
0.7728754225089457
0.7730118408280283
0.7720581947215085
0.7720793562286181
0.7723904835914019
0.7740537677931991
0.7741611010599473
0.7747248972022578
0.7740207530214286
0.7744566698108697
0.7734159416344991
0.7756530546228437
0.7744284694262058
0.7746088198289668
0.7755415095687065
0.7754197203193676
0.7756313930861811
0.7762810404563654
0.7757635739753336
0.7744213407997576
0.7761738546342292
0.7759578995630383
0.7761849258013839
0.7760308846458747
0.7759131469180421
0.776133942018881
0.7765228239771607
0.7767185663152656
0.7772754389714572
0.7770534002073712
0.7775982913861961
0.7763677442987335
0.7782181421235281
0.7774899708816123
0.778112982062145
0.7780397918389793
0.7779376832399967
0.7791412415528662
0.7792568573604158
0.7770693626892564
0.7785965426931002
0.7791434211688665
0.779855213237603
0.7793483499473495
0.7797265966616745
0.7798166404450315
0.7799409939484885
0.7808073784873696
0.7798545337102616
0.7794267199638337
0.7780015972738902
0.781127833324508
0.781776801167351
0.7795527979281852
0.7806924934922436
0.7806534270807545
0.7817038481376912
0.7813703027832799
0.7825404232224495
0.7811015176666212
0.7826490514375273
0.7822112947957565
0.7831871537535744
0.7824223970160288
0.7824610082724119
0.7830988728949236
0.7833607858105459
0.783047421136044
0.7831483437674971
0.78052142568939
0.7827153694596565
0.7837403146519301
0.7831921091746576
0.7832401568861954
0.7829991811054473
0.7831902372691513
0.7822432646339739
0.7841268695495976
0.7832784027363668
0.783948717994743
0.785102933647745
0.7847000700938863
0.7849146276465827
0.7848219042176723
0.7857404456853154
0.7849158456672889
0.7863914777527236
0.7851342047267154
0.7856142907933404
0.7854279464465783
0.787182287312109
0.7847066153525227
0.7864137034252923
0.7869225091380401
0.7855221956066891
0.7868662878665009
0.787827235686622
0.7871496956422681
0.7865781875056975
0.7875358979549945
0.787092499954164
0.786682251348445
0.7867816482486978
0.7867314016892537
0.7873453354102082
0.7880268115846334
0.7882044759312057
0.7877015680029295
0.788382595432884
0.7862437318410742
0.7881645440839516
0.7883704280470936
0.7882763968485831
0.7889877337622133
0.7890964068517383
0.7880436010384715
0.788731551954545
0.7888499948522599
0.7875076719277896
0.7895022000659271
0.7891849184932597
0.7888092873181352
0.789498616520797
0.7878678855250292
0.7892455823350586
0.7878566669132624
0.7888811184866181
0.7897823832921407
0.7881538447336438
0.7903460768642865
0.7896816722116525
0.789993267550813
0.7893562042577131
0.7907423310531558
0.7906647110810011
0.789761369229643
0.7898399251545509
0.7896799862145698
0.7890555005879194
0.7912126344903205
0.7917526920501328
0.7910865629366043
0.7919429404737895
0.7913386162951426
0.7905971942700717
0.7902113124891098
0.7920246183780861
0.7903756363036328
0.7920273557193572
0.7901430969189334
0.7918466911954668
0.791620421412086
0.7896710305570623
0.7919602299571809
0.7911117439120441
0.7922732292254708
0.7919230418618329
0.7920074699286714
0.7876988050191172
0.7915431732567784
0.7904050098345556
0.792551707222696
0.7921004626042643
0.7925524252138492
0.7901318334327195
0.7922478687522427
0.7930004132295512
0.7932431583456406
0.7940904007275302
0.7932436904283702
0.7922966216336632
0.7925730354063233
0.7937763693469575
0.793324656752149
0.79340751421334
0.7943058557691678
0.7938305007513905
0.7933590690424139
0.7929460318103416
0.7940871954098826
0.7931793597031824
0.792926261411091
0.7945943664106303
0.7944045410889029
0.7937457906165992
0.7922615105841513
0.7938055569694569
0.7946452924974154
0.7948537984103932
0.7951640603374122
0.7936985506451087
0.7943878734371352
0.7944606854328186
0.7936887231412011
0.7937089102317458
0.7945916547119002
0.7952198520963867
0.7943230619143004
0.7953025749342365
0.7955485061360679
0.7957494923738442
0.7960445098101312
0.7960505165754027
0.7957628585484349
0.7961142831646845
0.7952769644462321
0.7955304217338999
0.7952297629385532
0.7946260734128004
0.7961929224278512
0.7951854205742159
0.7964993700268695
0.7962261872143981
0.79693527399504
0.7969300365060038
0.7959544467948683
0.7959164381382028
0.7969724620903876
0.7965466933366191
0.7960163991743614
0.795993372172381
0.7960300089530933
0.7954748030620784
0.7961626385867165
0.7969130162692949
0.7965576362910679
0.7964299492572575
0.7974918325301023
0.7958875646368331
0.7949956401269358
0.7962322709072934
0.7970947000841972
0.7973084883606583
0.7973421441959583
0.7963876326536735
0.7971663838080687
0.79579033453131
0.7965153068662135
0.7964884334830558
0.7972062130851579
0.7980461537534461
0.7966696621428523
0.7957975272641113
0.7968497817627427
0.7968219788374671
0.7967645651877631
0.798086797181218
0.7978795156995817
0.797625519918549
0.7975089296944345
0.797995644357955
0.7938648745778436
0.7985352082988494
0.7982405819113155
0.7978609248572256
0.7968547500050965
0.7985115210014335
0.7976753561973343
0.7981346782162382
0.7981878928998241
0.7983930781037186
0.797854834753695
0.7982227475239242
0.7983311000816843
0.7988218021603584
0.798862702013542
0.7983199327550001
0.7975789145999526
0.7974480735335767
0.7978934267781724
0.7990254167586058
0.7979044723027862
0.7991027033777253
0.7990503925937162
0.7982782636255811
0.7987191678892817
0.7988961847616891
0.7974051094558281
0.7975498872433359
0.7997310674387295
0.798160077153278
0.7992529494371396
0.7990904334217701
0.7985171687711288
0.7985070912524445
0.7990910039683115
0.7994709687328956
0.7993747515077494
0.7995746479375254
0.7997485877049912
0.7969013040386106
0.7992134727449918
0.7987512018338518
0.7978618351674375
0.7975271679518494
0.7980277936939606
0.799116287513916
0.7993074718903259
0.7990419818402088
0.7998238742058986
0.7998410739403958
0.7995341711862713
0.7992328392742187
0.7995736542890548
0.7998979683286409
0.7997531584879568
0.7991516101143927
0.8001655354245938
0.7999260405005988
0.7987422269444386
0.7990966260954654
0.8000486695431615
0.7992178127450865
0.800266227273176
0.8000016154800943
0.7999237006187161
0.7997485748837206
0.7983162594609758
0.8004875544567442
0.7997095597573138
0.799618278721345
0.799497098482359
0.8000252707243339
0.7998458819168671
0.799200279657554
0.8002003323529762
0.8001191480675972
0.7997921351505519
0.7990287246464183
0.8002735930931303
0.7986729151556264
0.8004183965231791
0.7999342332925061
0.7997775830084317
0.7997858078535155
0.7999630362768876
0.8005268388298334
0.8002901902279097
0.8009799553537716
0.8004817143679901
0.7993500320980509
0.8004561808076092
0.8010298300963685
0.8007651541969338
0.7992899772666051
0.8009302985727746
0.800323916580198
0.8008247731051796
0.8003258718239629
0.8009747306860059
0.8003545401850033
0.7996363759447833
0.801026278604415
0.8011827301587953
0.8002479441413141
0.8001670355132527
0.800483208046014
0.8010150215288365
0.8006583337810094
0.8000199819502153
0.8005840216966669
0.8003160250881495
0.8008378764437231
0.799961068211852
0.797793299065496
0.801539776902199
0.7996736794315665
0.8012729085654935
0.8010852436278605
0.7997948468492816
0.7996369208487836
0.8008313247744514
0.800801637122399
0.7998262781941343
0.8004466674248312
0.8007582307108151
0.7996533064325981
0.8013246359816908
0.8011821339697128
0.8005289030543985
0.8013711130875814
0.8010678836274812
0.8005527826708734
0.8010085275552825
0.8000629460279639
0.8009164323686309
0.8016786504945997
0.8019245945177015
0.801758886005955
0.8015116662664293
0.8014457457036883
0.8009791732562656
0.800872596444482
0.800213660063755
0.8004077420473185
0.8013913642844788
0.8017013697860861
0.8012650106628098
0.8010884233029669
0.7982727761217683
0.8011070077346878
0.8013654076221683
