0.6133319614253111
0.7015838035231688
0.7238886635635425
0.7549737349459555
0.7697229586976114
0.7737176651181359
0.7905044413090877
0.7897766934879611
0.8020517274749551
0.8059690225138922
0.8030218389771523
0.8083019229295366
0.8162200690516092
0.8143101651892446
0.8167147870162684
0.8244841034736428
0.8237187298561792
0.8280442439453035
0.8245991785426008
0.8321245841017003
0.8202336388916802
0.8287879817825974
0.8272020146814115
0.8366667022842381
0.8323881351857099
0.8334883329213315
0.8377659716895375
0.8417452248835366
0.8422235865520377
0.8425806274462135
0.8380378777464496
0.8411383999808829
0.8361303862798892
0.8442388906394546
0.8443837480608
0.8424937748820944
0.8455075455951648
0.846705451676024
0.8463876280015951
0.8469543705059024
0.8503996379941174
0.8486672094178316
0.8501499866042566
0.8472460493671666
0.8523940072854858
0.8501680227362369
0.8512977375870111
0.849916129460223
0.8459406716847532
0.8528564420895418
0.8480246722160358
0.8521836994188173
0.850419947588112
0.8553153617676743
0.8526048772024858
0.850934810952287
0.854511907661471
0.8507959276839014
0.8474531301808095
0.8539251586914377
0.8572131278689511
0.8520048474251857
0.8507958266411453
0.8493012211370735
0.8512858334872971
0.8590428985104832
0.8503692114941591
0.8571531463628069
0.8512416146511188
0.8581704890383514
0.8579222648774217
0.8387494776721023
0.8522440408897806
0.8561655292030996
0.8582684689359961
0.8589871797456158
0.8579537144352865
0.8495536827785908
0.8591868654925398
0.8568078580042106
0.856332799170803
0.8603097915331323
0.8608659056025227
0.8593427934108604
0.858324269798103
0.8600709896092176
0.8564992418509396
0.8574485511757057
0.86178593147351
0.8612770548926394
0.8582672185318881
0.8610903026185078
0.8586990247504737
0.8613860421355366
0.861976864391679
0.862508526114071
0.8646559499203808
0.8615214141681447
0.8590014836107892
0.8599656020145097
0.8667594643339532
0.8615570254245299
0.8601541730582526
0.8617643967360967
0.8635931822107559
0.8650300354644918
0.863194656949991
0.8649042688088944
0.864648693787452
0.8610325945743778
0.862972647069121
0.8639282020992542
0.8553041333913926
0.8579012416689615
0.8587717944804485
0.863847809956359
0.8644564915196582
0.8604125267554902
0.861348877346775
0.8649306157075713
0.8590027024390358
0.863031340280124
0.8538205352325734
0.8625742607421458
0.8653619419730648
0.8643597367654324
0.8660170337373174
0.8621184063475869
0.8613012356872304
0.8697521992082189
0.8703782790710998
0.8641340388239613
0.8700253240933774
0.8631052783169673
0.8692694800708572
0.8661365673178923
0.8608262526358897
0.8668473967925291
0.8679442411716797
0.8602678208982791
0.865033344614757
0.8709511472925012
0.8642072506159946
0.8675123907468884
0.8661362452441068
0.8694222946092527
0.8723910949806455
0.8661716859908412
0.8635147351409175
0.8671619870987599
0.8654030095382846
0.8686359798805685
0.8619352663519892
0.8705207809331914
0.8665261376643898
0.8646650690291271
0.8681366897311913
0.8677159792702702
0.8647678295121742
0.8638256184410305
0.8630299635725707
0.8660773120565581
0.8719487740002437
0.8680167140885581
0.8691657849423156
0.8652423262952508
0.8701967115533955
0.8710690326131157
0.8669074161897069
0.864430138305809
0.8693132378994606
0.869790551249366
0.873181969263703
0.8661002803380748
0.8660962702036886
0.8614231121967145
0.8654880938541705
0.860711468064856
0.8709673772852145
0.8623586355004328
0.8699446793435921
0.8692939387330281
0.868811762700481
0.8670951473155388
0.8688194230044346
0.8705746619829308
0.8699666814037526
0.8707069711569916
0.8674618630536202
0.8678035075578214
0.8690708679032177
0.8720147612352094
0.8630831878443948
0.868542294300062
0.8661318183083513
0.8675623437594806
0.8716746071116619
0.8704203570638815
0.8708306790664316
0.8679164228378656
0.8683618887740541
0.8721320655599756
0.866930896000177
0.8668378419368966
0.8727661972674907
0.8630205287052113
0.8728326328796868
0.862911036248533
0.8718880725644614
0.8675406069365549
0.8668491776711069
0.8706002573761086
0.8711606405019482
0.8692733765321429
0.8666432841098496
0.8732883420252838
0.8714554390583098
0.8724032201113885
0.8773263452668365
0.862972432353264
0.8715779534001924
0.8711575397523674
0.873654407300622
0.870797132871376
0.8631755219780372
0.8718071688926133
0.8761127017767004
0.8736761820145813
0.8674304577019613
0.8748957743969883
0.8653075936005783
0.8605483282198121
0.8624059740317085
0.8716863091258633
0.869620300520355
0.8640991853882475
0.87223456712096
0.8649335080564673
0.8709060317018616
0.8738705693319775
0.8712359299856554
0.8705994111430255
0.8722235218846738
0.8691390528181305
0.8712612727719428
0.8752544067145741
0.8653783551057739
0.868318819299227
0.8723026951993222
0.8699093017485804
0.8669943445358932
0.871111540037611
0.8746278153227398
0.8764060036372361
0.8636712693157754
0.8695991952146553
0.8720040191271918
0.8694965799805705
0.8679823090300749
0.8690086192502315
0.8716662331932425
0.8688700770011482
0.8731619185917713
0.8764511381733924
0.873111005672995
0.8717808156787641
0.868072824394106
0.8675251284493408
0.8716678625076862
0.8700541465395811
0.8745068924042675
0.8739048922932214
0.8678139717982594
0.8706241224120868
0.8705172949581028
0.8720996750414438
0.8713202817415587
0.8741970511075776
0.8709164264754048
0.8721256619753018
0.8741813957955402
0.8701776334179919
0.8726956820540133
0.8691814844605588
0.8753451557399788
0.8708940960262865
0.8735940342537973
0.8697522118385633
0.8734038275804388
0.8694864378139178
0.8703825165516875
0.8717257726373286
0.8733781627203662
0.8698405168923027
0.8737433438715877
0.875272992266541
0.8730455489124996
0.8697190634993603
0.8733212819638023
0.8759088543312558
0.8697568724356927
0.8733853114953667
0.8714197899108909
0.8767139756429363
0.8736113125651064
0.8735407215695619
0.8696405469626269
0.8676681228948688
0.8734749932566591
0.8645184370443761
0.8735139136633097
0.8672443495754005
0.8717448949789379
0.873637002685868
0.874121755308698
0.8737360182717635
0.8693243083964357
0.8715090864466754
0.8716281463893305
0.879255781957007
0.87143712505875
0.8723002891186903
0.8705383118513907
0.8705094009927752
0.8731117445481498
0.8705866923860899
0.868156999325186
0.8698365762248113
0.8712001229589301
0.8677384612835228
0.8649279633352214
0.8732267185743515
0.8719205893864386
0.8730584129183973
0.8744555753144665
0.8771321537197806
0.8717216046236359
0.8618251928994628
0.8693734783276676
0.8692488484030774
0.8749724658489377
0.8746007548095973
0.8783922516170756
0.8742130726996062
0.8716344931374539
0.8623934952513188
0.8669168826329277
0.8753117926849188
0.8719551523242286
0.870998365835504
0.8702198187687021
0.8702027551732502
0.8702180505204686
0.8753847960762672
0.8725013389428231
0.8689945616767761
0.8758886773558788
0.8704150649495259
0.8664789128062145
0.8697540242930025
0.8645854410220757
0.8705483656056319
0.8723268570483966
0.8756383691881028
0.871860892063046
0.8700298331263725
0.8686972307363373
0.8689779401433828
0.8591246989367929
0.865350783063678
0.870949404304957
0.8720770983006072
0.8696874686925335
0.8728407415608711
0.8701045921356099
0.8695864196211694
0.8702935041986549
0.8660215490854848
0.8710969961958918
0.8705813623807008
0.866495389090646
0.8730395684443674
0.8722204337654378
0.8597237372320478
0.8736287992770996
0.8732892514100896
0.8738629153431959
0.8667107617254686
0.8641533000993604
0.8719925255136748
0.8608094353321561
0.8638816403341666
0.8735616942566438
0.8729099621640347
0.8728910545382824
0.8670772564325209
0.8679408057179692
0.8721334233220119
0.8735809239561815
0.8734193629042033
0.8705294832405684
0.8692789465140779
0.8738596882901702
0.8745469558570974
0.8737298483484638
0.8703903726259815
0.87200976593395
0.8667367549744992
0.8668896958163398
0.8766962552695692
0.8684210429926318
0.8739331337435772
0.874154512107221
0.874472051598898
0.8718871568644836
0.8716237762901253
0.8731210973182697
0.8709798813262932
0.8703558412640529
0.8711061342501549
0.8749716133006823
0.8699152127498175
0.874177436182532
0.872791104306892
0.8687477584296056
0.8737461414928996
0.8721897672889334
0.8668012644591554
0.8717364263329346
0.8641816678531612
0.8702451552398172
0.8643074597694479
0.8660755690690138
0.8717730606472264
0.8736389603892691
0.8743815172893502
0.8746916427687917
0.873137251528916
0.8660281673860154
0.870923802596607
0.8651056849130181
0.87144402122686
0.8758279696049244
0.8762616830055329
0.8611011899754875
0.874928385946549
0.8666141080139992
0.8728892357686708
0.8685306112313773
0.8734334646838643
0.8760708069239145
0.8776740018150311
0.8770060649903976
0.8639814832076285
0.8709700422879091
0.8716425134062266
0.8742146767533608
0.8705903678163462
0.8744672394376343
0.8711198065981021
0.8678695326838203
0.8639312018060786
0.87231078493499
0.8739748012501616
0.8697197455379645
0.876006796337867
0.8716607516237193
0.8709898403529505
0.8768555807505668
0.8688258329042805
0.8734841249957499
0.8780476010908778
0.8773203395380154
0.8741266432520287
0.8717694420535202
0.8700920691490144
0.8680792721849855
0.8732932868051648
0.8690347072268457
0.8711525697117973
0.8719858882676275
0.8712064697070533
0.8756466925851442
0.8755852206983459
0.871109632855588
0.8776459056136374
0.8716823368825107
0.8698009144470478
0.8754787216333197
0.8709308629591958
0.8686759738665036
0.874723439661131
0.8799065857192938
0.873228783635681
0.8784846804783021
0.8758241615560505
0.8680362848073981
0.8772824295589268
0.8687393024139468
0.8733374488047931
0.8738810335724156
0.8712388033890348
0.8649562363614383
0.8722492941026749
0.8685270494742214
0.8748506524911763
0.8728057555065398
0.8736354870445252
0.8697575102680911
0.8719596929330847
0.8733490371458938
0.8729588100214812
0.8681011668872177
0.8765569109936084
0.8766745058162989
0.8715453923720096
0.8672332222418749
0.8718725309255247
0.8737352793966091
0.8757626391478741
0.8728142430980599
0.8770824975202844
0.8702398126040835
0.8726542924150084
0.8754276950414428
0.874275832881546
0.873325999397482
0.8766445971604662
0.8701479963145665
0.8779571993999475
0.8778018966836808
0.8688506389009256
0.8692969700157136
0.8740951368576138
0.8734233604082449
0.8755608188727256
0.8733815918589044
0.8726030321617578
0.8752409175066226
0.8719015933482744
0.8769936430465585
0.8672943846852326
0.8738534488999752
0.8751685014262942
0.8762279284097926
0.8725251155663893
0.872814508335295
0.8771431863257221
0.8766373473427093
0.8670641398197326
0.8708334451118823
0.8706996076661342
0.8696856183470607
0.8748263201324509
0.8720005205217584
0.8740180286042948
0.8777698977058292
0.8677546849610638
0.8720865584286558
0.8725272437794416
0.8756194489320059
0.8741359897069765
0.8802716784581038
0.8731629037586441
0.8720015056886312
0.8733043004655899
0.8709404746513784
0.8730019173873416
0.8719027553399706
0.8777470936187912
0.8739735445308813
0.8725708626742552
0.876742311820876
0.8727779245423812
0.8754437861003663
0.8750126998114189
0.867920312983979
0.8724817303329495
0.8760745770817548
0.870145546027729
0.8725010231842099
0.8758991226508
0.867327514078919
0.878164033921872
0.8757588121534834
0.874372953915763
0.8782477288998602
0.869073286614194
0.8698632578276182
0.8751095492932285
0.8737156897322523
0.871114767090637
0.8769759226731911
0.8728423898208315
0.8698724842942929
0.8746007169185638
0.8736027807673803
0.8673878239740208
0.8782838201093373
0.8726680531753672
