0.5450939567482167
0.547180636776582
0.5482540937039724
0.5499261966930955
0.5541457220118389
0.5546151537205191
0.5562066075501771
0.5576066334159648
0.5588736190430865
0.5626871612420192
0.5670033458738353
0.5748036836874397
0.5852793659128691
0.5895271811412078
0.5990750574589453
0.6110639315544099
0.6346553480546282
0.6581254120466075
0.6566852302965427
0.668486260410833
0.6718541665091115
0.6765376807208952
0.6766000980394329
0.6844149500280773
0.6925591019117383
0.6933134125007738
0.7016361205667565
0.7087657379809962
0.7120272513567125
0.7161711947455223
0.7129648225032251
0.7216825071062802
0.7214434242676956
0.7233425213154029
0.7267345795102169
0.7256927927673982
0.7323795941597302
0.7352956765353635
0.7373525643096995
0.7363328098299569
0.7383184253658076
0.7419045660907161
0.7445977349280286
0.7444314966968919
0.7474282536954553
0.7484604343461096
0.7502738532000178
0.7507804361041073
0.7520562575535776
0.7532812602928101
0.7565343770909484
0.7557879092491275
0.7588874176947604
0.7617155556282114
0.7632470684613011
0.7616418388970877
0.7645142259668116
0.7660974614631465
0.7691899929193743
0.767749327363475
0.7733158572480467
0.7744340471175447
0.7735345247535818
0.7755355202222819
0.7769020616316179
0.7789670467878181
0.777205758012595
0.7800586782633397
0.7831904107239076
0.7762845025812696
0.7833054419269649
0.7830279856466522
0.7862485601365432
0.784892592431041
0.7852990402590878
0.7878699844644854
0.7866294426457477
0.7862020256542882
0.7899697208845203
0.7890197872257589
0.790207435061862
0.7893399075416493
0.7908532649242068
0.7913720575597553
0.7898102623009352
0.7923087311191271
0.7939030686861944
0.7917831652018936
0.79593557519281
0.7924148246459758
0.7969469330949749
0.7941916970617682
0.795021481361011
0.794188736933964
0.7943155513554419
0.7955279942405716
0.7970346038049088
0.7986043182013383
0.7994774349521145
0.8008705092919621
0.798911738614069
0.7970408678172943
0.8017997602512918
0.8020482773036524
0.7988823092144156
0.8034978550722954
0.8020848810345642
0.8036607448577868
0.8025580749701957
0.8022408256599819
0.8016183075998283
0.8056085280505404
0.8058856405740757
0.8055570472902125
0.8031864114320976
0.8068560532245495
0.8064218820490032
0.8068196150061597
0.8065845426633098
0.8070693670365721
0.8081275140556416
0.795996471069315
0.8044091924840102
0.8070825380138339
0.8103902675784929
0.808981838769261
0.8064491152248018
0.8099061752798491
0.8105074058832774
0.811885647754773
0.8105918936600887
0.8107668149327841
0.8100610631714701
0.81265726713413
0.8115434506147428
0.811657418718137
0.8111512304977551
0.8115366009426626
0.8117577256725685
0.810171211755117
0.8123285974598717
0.8126331977938556
0.8140721445658687
0.8057897133356213
0.8114353709376256
0.814949539178762
0.8141124786944006
0.8136863730713877
0.8141331613938323
0.8130132209111168
0.8146214042372684
0.8135800503733542
0.8149133874243535
0.8150976601545638
0.8112643073798749
0.812448912331913
0.815510811239767
0.8160613249868169
0.8150542067515716
0.8120978284426038
0.8153455597178982
0.813347428889009
0.8165032688850488
0.8143338580589562
0.815410695261323
0.8158705145119726
0.8173221802847441
0.8185339356563194
0.8180777067542325
0.8173080735251441
0.8178795437038744
0.818108670327651
0.8176797891869548
0.8182100658452104
0.8161089543980663
0.8172090015487644
0.8186286533801871
0.8170088141529401
0.8175465516064352
0.8178276491622405
0.8187069599008736
0.8167330384613162
0.8179308334882149
0.8163336885741334
0.8172543965409613
0.8197087117108741
0.8201754506581326
0.8165322463081987
0.8184780433506835
0.8189670437322024
0.8212175111331997
0.821142565789891
0.8197947909542467
0.8150187170472526
0.8203783053519137
0.8207010865998948
0.8207425984136821
0.8204650593771081
0.8214762072056869
0.821349800199649
0.8175810418697537
0.820120608720427
0.8206603705193881
0.8210917916407162
0.8184629307842164
0.8192159554682701
0.8229571814266532
0.8229147020011968
0.8221186122319917
0.8215012696210956
0.8213889057159953
0.8196152671602557
0.8203469661923867
0.8221411792278321
0.8225957657364278
0.8217051428534762
0.8235078606862255
0.8244621804268302
0.8202110676797766
0.8242695047531758
0.8229899529060856
0.8136345740177475
0.8245044561445671
0.8220386314884824
0.8247028865613075
0.823753137512667
0.8264442374434497
0.8247656731000874
0.8238976299447088
0.826888988688696
0.8258602647034132
0.8231475271932618
0.8260216266810056
0.8259340514590656
0.8271126152040363
0.824124152929191
0.827800491612933
0.827344701955617
0.8239129207554307
0.8283075137617932
0.8274278719981153
0.8283446394937375
0.8270229774414325
0.8239069623046249
0.829500979999645
0.8283872335047865
0.8284866810672746
0.8299973711518752
0.8296417865951307
0.8273159728012507
0.8292637177988066
0.8263374309395818
0.8298019836192001
0.8269564223098351
0.8294227053082895
0.8295529445658075
0.8236785677554666
0.8307190694081346
0.83049429703687
0.8307969303181842
0.8307603393190046
0.829894161362436
0.8310158588242351
0.8308764654510562
0.8301274385310046
0.8273334534699611
0.8301916573896897
0.8301864692086997
0.8306279420328294
0.830584946972207
0.8311286938034377
0.8300266032096749
0.8319017327709676
0.832084426766349
0.8325998200293221
0.8314835972124941
0.8313009414123101
0.8329570660771569
0.8324339382866952
0.8322232344798335
0.8284269119490951
0.833354818131912
0.8308900502096243
0.832410416410918
0.8337249168636965
0.8322835892577076
0.8289704805360711
0.8328803764864966
0.8335723270497905
0.8330513827514512
0.8322211974026349
0.8324890985177131
0.8329911043639721
0.8346580446355696
0.8336029468664318
0.8319980737907279
0.8338900028730427
0.8320909008523205
0.8320726499137948
0.8341698972801277
0.8341815213518919
0.8349865678949044
0.8334985339282719
0.8351773338086852
0.8341431351784312
0.8362185285259431
0.8343222961180463
0.8356733812041381
0.835726256089174
0.8336299572369116
0.8353152375691628
0.8316725679519937
0.833270432208961
0.836506743120211
0.8337353314208744
0.8369319893512808
0.8365670533370213
0.836817308270867
0.8362257346865332
0.8365362489102592
0.8363473481952884
0.8363881724955212
0.8355784979677482
0.8352925432559974
0.8358751091395938
0.8346639457935795
0.8350834754767608
0.8368876128976829
0.8371081774313592
0.8339438581014802
0.8349816216168318
0.8333118930958183
0.8367823978603763
0.838205442698508
0.837881865717246
0.8379099391873891
0.8356439454386186
0.837278228816377
0.8386948759589318
0.8374448553653544
0.8389477345320718
0.8380680036462663
0.8363204842397322
0.8390540063031751
0.8363955632662322
0.8371592380445151
0.8346261962067432
0.8377134567257196
0.8392240513223267
0.8342426591313143
0.8379265922934874
0.8361737191934407
0.8385149256519022
0.8384325258792197
0.8354175052103979
0.8368396142661914
0.837796442158097
0.8388131728513732
0.8383639336704238
0.8376580673235171
0.8382436951887776
0.8391769375462432
0.8383224918811653
0.8395600926696974
0.8400617993202426
0.8389512102950418
0.8387779632451688
0.8379129120469258
0.8407226971879906
0.8410019995695145
0.8405552176129362
0.8399758028331314
0.8402872082781317
0.8380802961339866
0.8408005199028428
0.8397417171995496
0.8388874752421913
0.8406229504297889
0.8365317737062885
0.8406333586211003
0.8410163864272298
0.8407973624331848
0.8409764597141375
0.8390557505505265
0.8415947444732378
0.8418091213849231
0.841942721819819
0.8386414981704627
0.8416683911798326
0.8413800429023736
0.8417906985680085
0.8403593462744264
0.8414085938124849
0.8389474926291545
0.8418832773608177
0.8417325845750528
0.8402051968232902
0.8350017186565689
0.8429048906735044
0.8422562598300115
0.8420855145655731
0.8426058350090202
0.8421212652704082
0.8426847844821977
0.8414735893068521
0.8419975828551232
0.8421672841174974
0.8428728067076269
0.8428855511718502
0.8420308827014537
0.8420244850058768
0.8422329352960878
0.8430112961277988
0.8369812866194866
0.8417352646047422
0.8340574187894347
0.8413810614409729
0.8422836394207336
0.8427969319478459
0.8389320172083113
0.8439762914260973
0.8437237575121359
0.842362092356344
0.8423836981063814
0.8410393353750447
0.8413334192979911
0.8405479732571486
0.8424855328687115
0.8419480309522677
0.8419524615951746
0.8411392603775015
0.8428693691398542
0.8424653530727133
0.8386497801624483
0.8435517136109834
0.8404126731359653
0.840731494815142
0.8418719142895695
0.842415622925603
0.8424766652170317
0.8417978792651336
0.844059340517137
0.8441750528678826
0.843095605660355
0.838860197505329
0.8443175527837895
0.8423384431632417
0.8426339976012907
0.8421848984693987
0.8427675089140587
0.8417970198731904
0.8442361333545088
0.8440341762478683
0.8432830358602231
0.8420897860618238
0.8430042172845339
0.8439864768120904
0.8448336844872472
0.8442270365316439
0.8422151426999315
0.8428042144988307
0.8441767461883039
0.8435337300388397
0.8436473925806542
0.8441173908514303
0.8436388304905539
0.8452548183687223
0.845697659854095
0.8442350702548458
0.8447251591994928
0.844331564055396
0.84468075728243
0.8447647230582089
0.8436787763012448
0.8445508044888931
0.8445899482004371
0.8449002141553796
0.8436068356468036
0.8454051037390476
0.8419064491139517
0.8433195822983389
0.8439027656709613
0.8432305683906273
0.8452767869731357
0.8439062923608612
0.8450041623853033
0.844250660261281
0.842840563595093
0.8441237503518095
0.8452525330227402
0.843401218167072
0.8426005831693678
0.8416859036778741
0.8436097639452768
0.843704316156622
0.844265148972856
0.8452440154937038
0.8456196970901855
0.8456160176194956
0.8420828281700173
0.844639124517184
0.8419555108451063
0.8445952000400896
0.8436540321791481
0.8456169279383687
0.8461385852137274
0.8457447799960444
0.8452748262863321
0.8439709250008522
0.8439153382567961
0.8444189801306802
0.845876356085474
0.8458548967503603
0.8461669769771827
0.8468433948268373
0.8459667641178935
0.846349613679768
0.8448191002876786
0.8421608736901879
0.8451737617938176
0.8429510432037847
0.8444876932909346
0.8461705736916114
0.8453203867910517
0.8461925804912223
0.8447430027225792
0.8468710672474069
0.8444886290732728
0.8467139704001988
0.8470232369141408
0.8411915814321738
0.8446071360393
0.8441324397592349
0.8447682561139752
0.8453479255284299
0.8471743116518803
0.8472403575141781
0.8471662015382836
0.8468942135370756
0.8462101057209964
0.8472989616788348
0.8465348221923162
0.8442738638437461
0.8470017011886319
0.848294926916418
0.8476104307824975
0.8468670885810033
0.8476579201446894
0.8479230393762184
0.8459202105380397
0.8477691063645345
0.8473004767550012
0.8473244315096833
0.8479946872008122
0.8441368194752117
0.847470738213605
0.8467736758597159
0.8451283922650854
0.8487020176969555
0.8438094802669988
0.845626451274272
0.8439820079739858
0.8481043519786245
0.8478962008841271
0.8478509523068537
0.8476806208237211
0.8483420597901
0.8454675847162478
0.8478671088753849
0.8471885393629393
0.8457871193724438
0.8483855131930922
0.8364047810405559
0.847744725096814
0.8482560314736576
0.848196421502134
0.8461457468132537
0.8484091178251307
0.8474922166463175
0.8474706045304139
0.848644120143452
0.8484939047976554
0.8481971217474211
0.8486065424350044
0.8485752605682737
0.8483192508913422
0.8428187668690682
0.8454361818980585
0.8480585432051215
0.8473640653929282
0.8486403197213035
0.8471947460825286
0.8465772188615118
0.8485502108845975
0.8480149115578743
0.8431983252780937
0.8461464979854707
0.847738811207072
0.8482041178344251
0.8480849424524417
