0.538553611950655
0.5377675077975762
0.5472308106927859
0.5603595802264724
0.5810606434559786
0.5925183719191608
0.6055574053799846
0.6261495326839188
0.6571228184127293
0.6826461666516443
0.69668394503829
0.7103427330769164
0.719660770976336
0.7244029102232837
0.7317859747864586
0.7370060012521253
0.7387311801376979
0.7454294414067293
0.7428758674070353
0.7516593480717257
0.7543564946594921
0.7556416795915759
0.7581849452897151
0.7589445671083893
0.7619517063764922
0.7636730773446995
0.7656147049203805
0.766517187746609
0.7681381297022811
0.7683936448038788
0.7725205810240836
0.773288196904971
0.7741133546482684
0.7751898092951393
0.77653138217528
0.7714784104547717
0.7800969518839511
0.7793791851031195
0.7821631637459598
0.7825389231337904
0.7828782637025087
0.7841160612184901
0.7839975413931516
0.7862994787256017
0.7867386649390431
0.7879542303718208
0.7896462855048229
0.789853541343918
0.7904924893637945
0.7921159442885022
0.7915430642759784
0.7935660940986384
0.794201048292726
0.7956266902441286
0.7953978818491707
0.7944261513404829
0.7945915841949119
0.7988481049969748
0.8003552197123445
0.7981969190743197
0.8007206964411615
0.801823505209731
0.8022230544651422
0.8020117214619993
0.8018575328618781
0.8040338025106356
0.8064390087670565
0.806596133438143
0.8048946482606215
0.8066249428331598
0.8084829052076026
0.8092477452834073
0.8081051200590188
0.8094387886258405
0.8111867829624289
0.8109856044055939
0.8101515679324123
0.8107884901915356
0.8125087841730133
0.8115932492933235
0.813054303594097
0.8133669438668105
0.8138477735671301
0.8135785974017182
0.8145242686779308
0.8148640964549314
0.8156544188060346
0.815458593129671
0.816214394209709
0.8165731654140072
0.8163674673592889
0.8158050430929316
0.816705198858548
0.8180994863927215
0.818471707109869
0.8177749351596293
0.8189404142988451
0.8164903015421808
0.8185436152059756
0.8183285127492792
0.8193433611909626
0.8203395226307607
0.8206187955467623
0.8202897248157872
0.8214867699231967
0.8212653529907346
0.8208878178569273
0.8220250196838557
0.8211945667558044
0.8198362557069077
0.8226287733159613
0.8225708468154336
0.8229685433972443
0.8231448743316753
0.824067512195272
0.8216764029258653
0.8222963690546327
0.8244817225736033
0.8248845540742857
0.8244490539761389
0.8249139211945732
0.8254694860811645
0.8245931586469406
0.8252511270217382
0.8261952276923034
0.822664724158697
0.8264005923939864
0.825333048530176
0.826052020510443
0.826391271330267
0.826998159763032
0.8256216617418028
0.8271991908752556
0.8280364134341787
0.8274052671574562
0.8288467882524851
0.8252252472870512
0.8284174487748569
0.828681066919468
0.8294104369501837
0.8295659397305405
0.8294956086507164
0.826513560609159
0.8307273096525319
0.8296563873839211
0.8286822785295387
0.8294978844262461
0.8316871163795706
0.8312173322038648
0.8305137585695771
0.8310153459069824
0.8304926932219968
0.8312852208316416
0.8315285749580841
0.8311700730004683
0.8318060785387443
0.8335244429189982
0.8329830134832328
0.8327642313218768
0.8282471951226861
0.8324619314038946
0.8333416051897427
0.8334862804070856
0.8289924314757577
0.8331875704448686
0.8340658467122224
0.833157030178322
0.8341628909093217
0.8339789249082542
0.8344328299403336
0.8340493136837959
0.8346315916876625
0.8350190633061775
0.8349991646942212
0.8348301739372032
0.8356402795088272
0.8332115975059551
0.8348457453703353
0.8360547399019351
0.8368297216027767
0.8350529242818069
0.8360331296503549
0.8361098970080156
0.8373264560892637
0.8372659653346178
0.8361640732868956
0.8374023003154417
0.8371744663370488
0.8370784029671499
0.835690667102248
0.8380932514088333
0.8380186187927262
0.8381197081006968
0.8375522643069032
0.8380086246123009
0.8381031622509997
0.8392021823341098
0.8363674122278253
0.8384596512691328
0.8395305158420261
0.838792587613191
0.8395541454437243
0.8398606956129073
0.8399793692934929
0.8399399567076977
0.8399672531927849
0.8386732728690759
0.8396566579127304
0.839949950888123
0.8405869052004228
0.8415095879384666
0.8410062184444492
0.8399446108289221
0.8417270495089517
0.8408815123560507
0.8373207121600391
0.8422039046153882
0.8408940130948765
0.8423968839696807
0.8430860785490016
0.8417995602047762
0.8417243506314924
0.8434975259435206
0.842643270326618
0.8433737558078753
0.8438498352274411
0.8409475675421328
0.8436572341006308
0.8438686119782208
0.8441228257208536
0.8442289794307073
0.8447716525297201
0.8409257713821291
0.8450750037918908
0.8446962057629304
0.8445928086262534
0.8452506616096156
0.8456866809692214
0.8453112100599791
0.8454810021464089
0.8444568198197355
0.845309902290379
0.8461043466799767
0.8446767943592565
0.8466502763817194
0.8462177700502556
0.8449205074812755
0.8469780329324591
0.8472101684471351
0.8473051420090341
0.8458034314592182
0.8468749755594529
0.8449240461519585
0.8474234310515019
0.8481840336973763
0.8483347926076144
0.8471244262000613
0.8482456014387517
0.8473244572531787
0.8491888366735522
0.849361539188406
0.8488695421614021
0.8483082397562215
0.848089226811995
0.8496178876725917
0.8502361678042767
0.8490614381183298
0.8497998856086239
0.8494163052457333
0.8500067632202366
0.8503175444087144
0.8499875184930802
0.850158464493863
0.8499914546231515
0.8500925567523927
0.8491439558158501
0.8507008747568285
0.8511405481785526
0.8479085045923868
0.8510889617963318
0.8509983602877041
0.8511348363025045
0.8521243499135014
0.8512967304862504
0.8504833490799906
0.8527005057606609
0.8517247237304666
0.8523333879092085
0.8500296555988759
0.8503937348091983
0.8525192963327703
0.852534438253338
0.8525193924922999
0.853391815849629
0.8524824031266464
0.8531850985038989
0.8499150206185264
0.8523117648363576
0.8522910969481657
0.852202880195868
0.8530921763452942
0.8534956360882354
0.8527702791152144
0.8523137008482169
0.8533677310928249
0.853671524688831
0.8516252819557668
0.8539708949464833
0.8538517340576155
0.8545962652408046
0.8516302053236736
0.8536594598732052
0.8544223447052448
0.8544743221362185
0.8534892767380227
0.8542928434616458
0.8544038372011473
0.8549053155577528
0.8546693785363468
0.8536527543486865
0.8551620679119625
0.8540695097492301
0.8542150888661496
0.8548963919534218
0.8545611285487514
0.8557472242910767
0.8537881085023102
0.8556236913489373
0.8558070547502872
0.8540552717282393
0.8548365358516703
0.8513284567203266
0.8566284943251132
0.8557519873931011
0.8560936101479844
0.8557238318828843
0.8556675785581687
0.8551411628302648
0.8548740508894178
0.8563934676139192
0.8570489294303164
0.8556016515847924
0.8561645758807028
0.8533384088469844
0.8564622537306372
0.8557895985903783
0.857041300774315
0.857229427277689
0.8574377729247844
0.8565160646033054
0.8576914481740523
0.855054228205026
0.8579383281499074
0.8564697157101209
0.8576007505058952
0.8571102663888212
0.8580496360105385
0.8575861919531398
0.8561433566778753
0.8577665103027241
0.8516957989440145
0.8567488027176992
0.8578184236273452
0.8576055841249078
0.8584454350443019
0.8581263841362932
0.858006498845637
0.8571692634654433
0.8571289854438832
0.8571577499644529
0.8590294375090631
0.858199510253106
0.8573162593327631
0.8575895831792111
0.8573584541342765
0.8588591518037156
0.8582908169316161
0.8584159653538497
0.8588336951709582
0.8595224025419963
0.8580821828059326
0.8576291367989827
0.8581363847273538
0.8568247687459476
0.8588267973273807
0.858686128757097
0.858598078681317
0.8587204064240206
0.857975452138902
0.8587559662180034
0.85817527805169
0.8600005077223153
0.8549192522788847
0.8578853698917334
0.8596261971380615
0.8588558695584445
0.860143003323658
0.8586686084908352
0.8598732886648813
0.8599702174705453
0.859360239111568
0.8592954211780979
0.8571248505841179
0.8588916537246626
0.8579039158596424
0.8598988670997094
0.8596954384098855
0.8593762464679002
0.8588345541960877
0.8595311658804449
0.8569159472117518
0.8593836763942074
0.8593804518446538
0.8605538994035415
0.8603374763559744
0.8609331269450669
0.8605561495365304
0.8593982157150571
0.8587951416102926
0.8583834954860794
0.860541770481563
0.8606437444572045
0.8579738494800782
0.8602575677870191
0.8610214654994353
0.8599902891696548
0.8597946686336204
0.8605845358296176
0.8613034437035316
0.8611398699333384
0.8600362534247215
0.8605172498015586
0.861084950020764
0.8614433173550387
0.8615856911543105
0.8623258759267695
0.8606453984011108
0.8597678785887217
0.8606396672931567
0.8615451759392447
0.8609282740941483
0.8610808151609985
0.8616899088523051
0.8609270881266188
0.8610385241999561
0.8609662635189079
0.8622059521723013
0.8616834020574806
0.8610026374635731
0.8613906475754529
0.8623352610968417
0.8605934978977603
0.861189039506053
0.8618779776599617
0.8621936245206285
0.8617046084390372
0.8622729112579604
0.8619246599061816
0.8622720201796543
0.8618884846912105
0.8618811445137976
0.8609093114349451
0.8614679918902899
0.8616878766809167
0.8615818768263099
0.8594995614484394
0.8627434262460897
0.8603283347900434
0.8614772616689268
0.8626633189474405
0.8622182349495273
0.8625733136278951
0.8622668147437945
0.8617614579528354
0.861904325371025
0.862512316433061
0.8633552252254909
0.8629137824684254
0.8614695624959373
0.8629193725424028
0.862403553594642
0.8632715920774292
0.8635944316708974
0.8615848449504516
0.8606435777806868
0.8618201793721396
0.8630439632393658
0.8628347585671409
0.8633420898337708
0.8606227432159772
0.8630106343464659
0.8631969530506868
0.8626876088445741
0.8634337555078576
0.8633714505434231
0.8623954184984522
0.8618888180442459
0.8635240044315441
0.8635548331766788
0.8631003191342462
0.8632944908667038
0.8620014400851127
0.8631302183372633
0.8632767013537594
0.8640954612830323
0.863579982098942
0.8624942897266106
0.8633923043400386
0.8639358364641808
0.8633342816799812
0.8628806715371254
0.8638455298447767
0.8635610514929152
0.8636515632526487
0.8632581233326739
0.8636679167832869
0.8638533572304722
0.8640410478106462
0.8644872344378302
0.8645804514856584
0.8646433718710811
0.8651221181149297
0.8636862127364193
0.8639549657999017
0.8643636950850557
0.8645103063142577
0.8641333353163565
0.86358536703259
0.8637415621615584
0.8633057864060941
0.8647223701298243
0.8631174291198492
0.8643266672555904
0.8643131921001996
0.8638262017793615
0.8638441387369176
0.8638809614260534
0.8643477774776177
0.8641512915058185
0.8633740789038943
0.8644176085278886
0.8647430893030986
0.8636363251725521
0.8643690159123508
0.8640283868059382
0.8629025189822115
0.8650473765180223
0.8620371601449779
0.8646984071750906
0.8638527033456722
0.86437801003367
0.8649643459696786
0.8639810122111062
0.8644257756772548
0.8646241335545601
0.8642743885247576
0.8646149278822762
0.8644290835650672
0.8651740314395503
0.8650347924409378
0.8658914392248056
0.8646886437775361
0.8638539277770135
0.8656057749054141
0.8623049131493541
0.8652397725045032
0.8657763875531618
0.8651579343343242
0.8649883602094944
0.8659585585763466
0.8634693409443814
0.8655322000441309
0.8644733490017809
0.8656068326602381
0.8640746010757817
0.8654998135146192
0.8646664565687794
0.8651743776138565
0.865556130945688
0.8621000997623065
0.8644003895614856
0.8652193738629937
0.8649847125580115
0.8657056782458552
0.8652679023721785
0.8657788235945741
0.8657991453084599
0.8638425104355527
0.8655875045948228
0.8650619543026837
0.8658371090906782
0.8656097559099325
0.8656180769145458
0.8659175561529983
0.8654434127452918
0.8655153272520336
0.8654682283145196
0.8657608353519355
0.8652451574381512
0.8657460396056742
