0.5032035931867255
0.5148565703690949
0.5465959526582277
0.6094119088320477
0.6261523725953547
0.6401500460475933
0.6481562564146419
0.6553488033074775
0.6588323361162756
0.6657488282320276
0.670062313939324
0.6737036124827378
0.6791387991008188
0.6798928436667859
0.6884054878115232
0.6890768736459938
0.6943686799950612
0.696869353432299
0.7005133059787252
0.7046726864241593
0.7064624588709666
0.7087163164387024
0.7096154016282246
0.7123252028100635
0.7164652744219884
0.7179065390916053
0.7215461965123836
0.7222958690250796
0.7258221864138381
0.7266307598436268
0.727851011450805
0.7271737983488511
0.7295543493019266
0.7320716647483909
0.7295566763625388
0.7321128723120687
0.7351756174307225
0.7370067448858195
0.7377704823323532
0.7425563677545558
0.7437461496121759
0.7481025673440443
0.750701015790805
0.7540999923200589
0.7564851525199118
0.7585887896707741
0.7612939303207535
0.761353062020717
0.7599692110008041
0.7652993401276665
0.7663678584080418
0.7674833474132253
0.7712533202282853
0.7728186627440418
0.7735431222281214
0.7725231837420136
0.7748135947522026
0.7752983669932287
0.7789718789790011
0.7780407662555442
0.7805519980091131
0.7776000350789964
0.7790523773264033
0.7823466361281096
0.7837659251399346
0.7847390852202931
0.7850226724938487
0.7845385990120698
0.7870002957867125
0.7869303108811944
0.7875019344092004
0.7888819903330184
0.7883342592427578
0.7882414588862241
0.7889974586959563
0.7903469487106867
0.7891779052582466
0.7896839800403588
0.7910390152546195
0.7915465708934848
0.7920903273898625
0.7918877513145328
0.7931066823308404
0.7935390476283278
0.7932301768091679
0.7903953938816128
0.7934896921471897
0.7947299257045833
0.7950345526831779
0.7916545324024921
0.7949550095204345
0.7948168475085514
0.795708778429084
0.7939331414331027
0.7967296464573097
0.7952079219041024
0.7970330361832924
0.7965252241190152
0.7971680249307042
0.7979473338103701
0.7957804493316849
0.7981308318350611
0.7976243788254666
0.7987234501936589
0.7984901992284416
0.7990216152518759
0.7999044558915598
0.7970828211769951
0.7982356136689618
0.7995330108612829
0.7998191752102272
0.7999568820670042
0.7998572800264221
0.7991381734228138
0.8000975378160171
0.8002879657374624
0.8010865449868254
0.7983933601716717
0.8014549834291489
0.8017280572608201
0.8017839708218653
0.80103811263717
0.8010879168627786
0.8018853293765184
0.8026334376942021
0.8015900426935489
0.8031095683988503
0.7997306186942588
0.800582002346549
0.8020387102365922
0.8009745127244059
0.8033543136331519
0.8014085063232583
0.8037678188416008
0.8014498549209126
0.8022106947602929
0.8052559901296731
0.8047514474893965
0.8046484285802019
0.8037928010873463
0.8049458051302776
0.8058692443232862
0.8043042928562829
0.804138077904348
0.8067078002943507
0.8057552824596427
0.8062818264002526
0.806207815615769
0.8065824595530584
0.8079351036003539
0.8069353586154259
0.8077874666695045
0.8072133942788157
0.8067447447855571
0.8084426271860428
0.8078818376316858
0.808032404222865
0.8090190202267081
0.807968894058995
0.809198755208481
0.8071790140417273
0.8091082049849356
0.8085947002765163
0.8100566969406782
0.8062360095897975
0.8102010900900681
0.8095074272979467
0.8110607114087127
0.8106266857566837
0.8109642634006958
0.8109905662373122
0.8119587260221405
0.8121468076510676
0.8118671180437717
0.8125458632875611
0.8120934327015994
0.8117986396375477
0.8121189919045215
0.8130928956185745
0.8113497605435399
0.8126712296713946
0.8117544511284577
0.8138480299925419
0.8139556773804195
0.8132604375720154
0.81332741588958
0.8125518187677504
0.8136018872397458
0.813026878896304
0.8126644472192524
0.8138854104069484
0.8115541892924698
0.8146468079715994
0.8146654308671321
0.8146466156525404
0.814449379636412
0.8143974470798852
0.8159454360058972
0.8155904855402352
0.8157383660752258
0.8162906807697223
0.8151272786763423
0.8117034865778605
0.816947520872708
0.8161811807082444
0.8174461849604189
0.8173506600838844
0.8165108091644904
0.8182893758208017
0.8156932864878295
0.817898000125392
0.8184921506258256
0.8181858312395129
0.8183186211390184
0.8138974367587624
0.8190626394713841
0.8182744967362814
0.8200780520489737
0.8185974581318203
0.8202026363353013
0.8203910384959933
0.8197091584515444
0.8189751984059571
0.8204472148930854
0.8203097259979083
0.8198834636252219
0.8194323600407665
0.8212885851330445
0.820417091317833
0.82118643807025
0.8220342638199515
0.8211453715405487
0.8215839551542727
0.8200518133187102
0.8220074737750526
0.8220435848836708
0.8220535406002841
0.8214266573960334
0.8225383320732161
0.8232707086918856
0.8228206756835246
0.8231036026616445
0.8244448421887498
0.8237885918642115
0.8234264358444775
0.8239480564171806
0.8237662123363958
0.8239052718372202
0.8233948314124719
0.8241848652849867
0.824548329074321
0.8236256271043711
0.8242990707527714
0.8240274329034063
0.8254520042787143
0.8235340447685434
0.8251065030894775
0.8256315341201576
0.8237025483172787
0.8249097414603607
0.8258347320271109
0.8253079252504539
0.8255691906919114
0.8263670968245688
0.8261453850028828
0.8269147638084765
0.8261711429354992
0.826985652613571
0.8229446766020403
0.8267975068782912
0.8266292982187794
0.8262957144005562
0.8272285515849077
0.82662963798245
0.8260899073650378
0.8274353009838146
0.8265824621173122
0.8284899915238579
0.8281145975422395
0.8278897637411646
0.8276590385662538
0.8277490246538931
0.8291431070477371
0.8276024839416791
0.8242041997610372
0.8286737652058667
0.8250953998691462
0.827453571294406
0.8267112325484878
0.8287362881319011
0.8285254551583113
0.8286430326202614
0.8284224683022933
0.8289654619330706
0.8284176410939159
0.827884103150199
0.8278733204616324
0.8300366790909053
0.8303908923335085
0.8295762608533657
0.8298302502237633
0.8301018496093167
0.8288630071597822
0.8310075890382752
0.8297094610335304
0.8308719528166986
0.8303602494967972
0.8302586409273676
0.8309945946805317
0.8305732236225757
0.8308202510430425
0.8271193784658297
0.8311240574603191
0.8303067335133526
0.8310479311661881
0.8307015324880099
0.8314514806580235
0.8303471333369833
0.8308354955337744
0.8319785630919981
0.8323612395553122
0.832421967503464
0.8318886923957941
0.8308194433029951
0.831203068540333
0.8313721490462451
0.8314569040554832
0.8323630986395478
0.8315082147803863
0.8326772197690145
0.8311659189087971
0.8331710181845363
0.8334035511586005
0.8323205704849992
0.8331895000460925
0.8323298979593537
0.8326917847324053
0.8323854653460928
0.8338952725282867
0.833604582270824
0.8333269825306344
0.8334011599916353
0.8316977516235254
0.8329086821669844
0.8339262679499391
0.8337740922893007
0.8336516619764323
0.834214246508672
0.8335022492996061
0.8329505115622858
0.8340289535060983
0.8342232983257087
0.8332236495003102
0.834154300658026
0.8322430017979269
0.8325326022473893
0.8333453554113903
0.8337462509002135
0.8349002614128861
0.8328706670996837
0.8343300289927391
0.8337713357161237
0.8348441939965938
0.8351187038105714
0.8341559866551087
0.8342073999501765
0.8349845676776537
0.83542005495453
0.834680633047671
0.83459017257302
0.8347325720148333
0.8357499911212701
0.8350367181957806
0.8345804155861006
0.8361879080289233
0.8348063327845402
0.8361114419711215
0.8360821325465518
0.8350008763338449
0.8353100805060402
0.8356858398938706
0.8359327775654433
0.835351377818612
0.8352351722326153
0.8351925030440903
0.8356487800112289
0.8361314175107015
0.8349133006450766
0.8350810926132942
0.8351037862622394
0.8364596548590884
0.8354211960476127
0.8370667292002771
0.8370036164957955
0.8365612377859769
0.8368040662403253
0.8361955430955599
0.8362774325508213
0.8360329950270138
0.8355984821667024
0.837266837181018
0.8363079151216501
0.8373769334315785
0.8373088204315666
0.8347907036556905
0.8374532328128624
0.8376261404680456
0.8377541672655269
0.838004566680159
0.8367393380557492
0.8376465006457433
0.8345810245964538
0.8383370414584759
0.8361829461972048
0.8376405002911069
0.8375227817951804
0.838061781600169
0.8364453847849213
0.8378497241952377
0.8356751790073746
0.8362851637769873
0.8379978996194518
0.8378142669714198
0.8381993987080518
0.8371942880213816
0.8372433101494845
0.8390623727889559
0.8387580406995849
0.8382762109401595
0.8386951139035269
0.8378390376662004
0.838361164679092
0.8364315185807776
0.838777016180059
0.8392034965143451
0.8391462238986176
0.8381559089582089
0.8387175126632485
0.8379615641385985
0.8377951825101458
0.8394809167567467
0.8360777733145509
0.8338384101932179
0.8367137275677448
0.8397496441776879
0.839339959707875
0.8391597118752787
0.8393942834313669
0.8383015265389402
0.8388023317788398
0.8392240361898312
0.8393103489834464
0.8379030670915294
0.8371075457152019
0.836004749767903
0.838829109002468
0.8368897507916814
0.8396949165841725
0.8402355959756084
0.8383760437636122
0.8392875143005246
0.8378270049037515
0.8369198230818514
0.8382037322975116
0.8399638747879843
0.838571587372023
0.8370304321832356
0.8398387648295624
0.83710652642419
0.8402169666694405
0.8383928332174504
0.839534701986874
0.8397598627303485
0.8385260141657089
0.8398012433811793
0.8387873885879665
0.8399505855410172
0.8386535088804608
0.8399151667810111
0.8395796213083875
0.8407226568134347
0.8406887894271701
0.8403172161841873
0.8386561564728379
0.8403790275297041
0.838683523474913
0.8383485613701015
0.8401044664306441
0.8405020796741962
0.8408988851777008
0.841026950438994
0.8399808565608813
0.8406977963697597
0.8396952178840315
0.8401135887646692
0.8385844599276957
0.8395065592979278
0.8403299477058835
0.8394489340972588
0.84100080786826
0.8395116621636227
0.8405701221572197
0.838464542583863
0.8404177734094285
0.8401063703893269
0.8409833645296216
0.8396195339237357
0.8398327708855613
0.8404096254919682
0.8387843499468367
0.8403677319903139
0.8401369811728616
0.8410949801007468
0.8416405764494542
0.841325705275658
0.8400614959422603
0.8406423251425501
0.8415034337285832
0.8403714629800556
0.8395464590920054
0.8412342383312655
0.8405234399109998
0.8411226932771283
0.841078370144697
0.8413185125428567
0.8392003488924153
0.8409030713225486
0.8382649730964868
0.8410263286073703
0.8406829365171455
0.8405939633098828
0.8409338744251422
0.8401023765635379
0.8393744873895752
0.8412807667222385
0.8393900524120721
0.8397874412833887
0.8405474605614512
0.8412046083749307
0.8403408842496974
0.8417828604998321
0.8414810670220382
0.8419263241071042
0.8414627197838231
0.8393050602093277
0.842240445236571
0.8409047893728077
0.8407002516430778
0.8421710308775943
0.8395187972007063
0.8399621759696311
0.8406709165759669
0.8404207223016642
0.841578425340267
0.8406749232230265
0.8415338906568709
0.8413769775367492
0.8393890202997895
0.8400241475810301
0.840502534829302
0.8419412224235303
0.842020380948156
0.8416141710426732
0.8419044894832887
0.842269299506035
0.840297561176372
0.8425369371189759
0.8402505327558462
0.8421424586760833
0.8419013867358057
0.84218733312315
0.8423148534804429
0.8426306029112746
0.8422353423708762
0.8410057889318845
0.8425682338404872
0.8428325122805335
0.841474226874178
0.841149912834592
0.8424837993630137
0.842854628972302
0.8428481670519246
0.8409291433762944
0.8408566134485641
0.8419062972824419
0.8400353790140673
0.8423601125656273
0.8415448207900491
0.8415214860775744
0.8422382784418412
0.84163614028983
0.8399934534592366
0.8417232928766686
0.8416321656959468
0.8416013305401768
0.842720896709408
0.8434866086316126
0.8425770164108416
0.8421561261505328
0.8399398605481683
