0.5539392324084316
0.5721163714470732
0.5861104615805586
0.5931075925864955
0.6075044447114714
0.6258055017024491
0.634316391140517
0.6410117673546818
0.6526829528951615
0.6708460997597956
0.6885691424615423
0.6982114818684978
0.702014151167883
0.7177176928277542
0.7246974131895096
0.7293822451356061
0.7319209716919349
0.7368741121685494
0.7392550798275808
0.7426768156908315
0.7483644943759227
0.747755968489777
0.7494134045230701
0.7547997421976951
0.7595770065216771
0.7636003358427323
0.765112139953926
0.7685138233385032
0.7678347636543565
0.7750684820793099
0.7733869194129459
0.7801572537021522
0.7810570752618287
0.7840086346100487
0.7867397376443184
0.7873235639694314
0.789494738140474
0.7911836788458164
0.7910542926143753
0.7939082505013184
0.7955623508206988
0.7945375736724882
0.7964589576179213
0.7987635030526747
0.7975933422511481
0.8001588945678357
0.8009627379621277
0.8022036171717765
0.8023176871290307
0.8031536526843979
0.8033266832948185
0.803877572627977
0.802757021022102
0.8046351743698613
0.8050693137160763
0.8064910662833602
0.8012910193185452
0.8052613082420423
0.8079090247943617
0.8081496672701762
0.8090822921386162
0.8081157563006861
0.8037193362907111
0.8097027603898386
0.8080134440983874
0.8103299255323513
0.8120714482928822
0.8127581342847909
0.8085333571263948
0.8120605181005386
0.8138010477859352
0.812766378081579
0.8135245909466229
0.8153773826832601
0.8126406012962992
0.8161048165850066
0.8158379849354578
0.8136097216759247
0.8155578549913215
0.8179040904841173
0.8145072578896192
0.8184134489058896
0.8179443864174516
0.818866316630599
0.8190830107175979
0.8196024144763058
0.8195514047900802
0.8192548700086294
0.8193035115926116
0.820574011177901
0.821808314447718
0.8206323352444428
0.8209822414484963
0.8220160453950431
0.8216995090618489
0.8227816362990656
0.822940560149886
0.8228206144980872
0.8228709430366247
0.8247464418181597
0.8247027656098489
0.8243627774254059
0.825210564394391
0.8268642572983319
0.8247821925229948
0.823493664804498
0.8239703790641631
0.8268943869432721
0.8280330176092847
0.8274533163654988
0.827349419062505
0.8286960353104923
0.8293634390935434
0.8295038446394555
0.8281803683152706
0.8263431092922728
0.8301225431798618
0.8305487697543332
0.8300945397342475
0.8306856549762116
0.8233472626125826
0.8309269658679821
0.832438725418112
0.8305113830218732
0.8295038382735893
0.8311974133295587
0.8317834740737238
0.8331205415223428
0.8320159173138143
0.8332521239776386
0.8335544453315067
0.8321398416320165
0.8329488413779674
0.832063794993847
0.8335986690043146
0.834710442080637
0.834190389003572
0.834456106626528
0.8346342935886077
0.83394597793494
0.8350868175565396
0.8358755292867661
0.8315703957987524
0.8353113034638232
0.8356685686092565
0.836929557590375
0.8333224667996523
0.8362478751693353
0.836473405078683
0.8355359930788265
0.836638230087513
0.8368513401918157
0.8355945717800182
0.8361565822815076
0.8367347811808596
0.8347364975711802
0.8381001831001376
0.8377457316675847
0.8368977664543445
0.8366161087023097
0.8378163163925155
0.8381826592632151
0.838679145903439
0.838905821668711
0.8382416008187829
0.8384521327472562
0.8374399663800779
0.8358964156939178
0.839455348706493
0.838438210597777
0.8364963094654345
0.839751055925332
0.8393781689441318
0.8403588688344581
0.8398919771064097
0.8396355663799048
0.8409667072070494
0.8405364828685753
0.8397827897685658
0.8407175344704655
0.837953335297585
0.8411539400650637
0.8400879884939768
0.8403962301034532
0.841262516279748
0.8418802344767524
0.8396692672758087
0.841028939915466
0.8409778983999089
0.8409220697529355
0.8418714432154673
0.84256310731478
0.8417117809241623
0.8410158134992676
0.8427398428593557
0.8418495828307799
0.84027337525078
0.8428581270200644
0.8422223806898528
0.8421545141898087
0.839853641859879
0.8426263585617959
0.8433936555179723
0.8401052272597698
0.8429687339460812
0.8431075862206293
0.841927399179766
0.8430325453893266
0.8397306151288173
0.8439662906502257
0.8440075860245606
0.8437530086675343
0.8435098580404188
0.8436995544886703
0.8435929898877196
0.8438222565605535
0.8408295418870562
0.8434431373962992
0.8448232762959357
0.8402158087223215
0.843711936098518
0.8437714442161814
0.8416497073624019
0.8449703596355393
0.8440849058359793
0.8432826984693123
0.8424168133425908
0.8434365550906011
0.8452103082319332
0.8458075919982894
0.8457006645429627
0.8450873578912665
0.8450978806681704
0.8452099390116912
0.8454235392876948
0.845219296835072
0.8459177787771338
0.8460552178293756
0.8455408685684667
0.8456603558778959
0.8457912890148347
0.8459475837628956
0.8466362559050731
0.8440747331817188
0.8448901306232466
0.8463429677154075
0.8461846167925493
0.845128742387729
0.8465851570967199
0.8468397726489437
0.8463221640645169
0.8458715753199235
0.8473190268892408
0.8473565154755609
0.8469377178669979
0.8473799418633446
0.8473388247332644
0.8473464956020904
0.8465105045832583
0.844055450972861
0.845210792037768
0.8467459143170192
0.8480710966933578
0.8481064081534219
0.8457040575496715
0.845402417343492
0.8476119713221291
0.8476916337723259
0.8463378941200097
0.8474590632149108
0.8479782505341662
0.8488514882364011
0.8469927125854934
0.8412869739378636
0.8490329918147946
0.848900944651263
0.8484350141690178
0.8483092182861393
0.848529719161153
0.8484759466889766
0.8483182132551441
0.8477363858120323
0.8474878878572706
0.8476284143546413
0.8481788262478313
0.8484966930470711
0.8490830529869497
0.8474296147176587
0.8477876628646402
0.8481637646082945
0.8476235444669635
0.8494876037868552
0.8486369267145945
0.8492967551168132
0.848544004165008
0.8498638201161016
0.8477275245262185
0.8481530381236706
0.8448076289967043
0.8473373924133593
0.8481656616364355
0.8502609928770285
0.8502035982269585
0.8494500706394714
0.8503851463664158
0.8489989153327822
0.8486430634096553
0.8498947709577875
0.8495529939649296
0.847472711632141
0.8507490383786108
0.8496003241804654
0.8502792056203571
0.8503832429724083
0.8498592748876024
0.8494005378342147
0.851098963680263
0.8504679535545379
0.8484638579089763
0.8507963303989492
0.8502637620288452
0.8497982007668424
0.8488001220616657
0.8502372354642
0.850098516872843
0.8493441808203429
0.8516795625111897
0.850073810945944
0.8494068655052627
0.8500013992174008
0.8493684666000695
0.8502264644185126
0.8514082492918037
0.8510632257071605
0.8487110253976928
0.8506553646568074
0.8511532390558727
0.8506517106495823
0.8496330447329675
0.8507946370785279
0.8515441541702803
0.8509506326308753
0.8517404138266309
0.8494063116748993
0.8522490019785877
0.8492762061005725
0.8511641565164838
0.8525480385454728
0.8517078842501162
0.8518093943532677
0.8521077816017961
0.8498331175431995
0.8521137273208694
0.8514311536785553
0.8517042684380886
0.8520613680709997
0.8521513750538457
0.8521607647065579
0.8516116387183494
0.8515866335957368
0.8522023911059375
0.852163412906916
0.8514855818349549
0.8520096135784232
0.8515849912022455
0.851975027827111
0.8521175850358141
0.8515451472454146
0.8526654696801048
0.8526451180057177
0.8524479925915577
0.8514423830666122
0.8518447758378608
0.8525173932653669
0.8525159227502639
0.851084366748962
0.8529283226632504
0.8518367866757225
0.8522676985277509
0.8522954473387152
0.8494837651695093
0.8523061738233391
0.8519398436843719
0.8508903606092623
0.8489527118755718
0.851862281970036
0.8538065384728892
0.852004037079592
0.8530906522525121
0.8530650932995362
0.8530756479057713
0.8518718307694042
0.8504919019433538
0.8525728335944993
0.8528358584560334
0.8535287511675317
0.8528534600762026
0.8541621484930988
0.8530042992768909
0.8524227392001614
0.8534244209856331
0.8502965589717427
0.8532294026732006
0.8473165251038063
0.8538256169740273
0.8537959202079918
0.8526523050687088
0.853771144256564
0.8543599486890809
0.8538267628299516
0.8523657137703339
0.8534390943073291
0.8538638185373668
0.8503662970364625
0.8525704272970585
0.8544483960346968
0.8536219347176343
0.8543381774265212
0.8532546051376666
0.8543411502860578
0.8539170944719758
0.8539287185437403
0.854405369144743
0.8521453720419762
0.85441322462369
0.8525544426069158
0.8554322406629484
0.8541820163616513
0.8533443065589328
0.8547096957464784
0.8519005217285731
0.8539066289878683
0.8544227988865234
0.8538371073626005
0.8523163974045292
0.8522046637201873
0.8531067833575783
0.8537364502855256
0.8549580663839151
0.8534472489819898
0.8549726378517514
0.8535733695240468
0.8545718110835996
0.8551038319892061
0.8545229466942986
0.8534074304886239
0.8542261763757968
0.854052725618204
0.8526508982122686
0.8537143352661887
0.8554573094442235
0.8545315788089276
0.8545393197022823
0.8544055091938005
0.8548456770153499
0.8543914597269965
0.8521007282219959
0.8551942336557593
0.8534526663341647
0.8552070672421105
0.8557932616694668
0.8557493881193022
0.8549736245610194
0.8546842386473624
0.855193030507039
0.8551293463811184
0.8552997860839769
0.8553053562169419
0.8557899004920891
0.8558771319572521
0.854935970462177
0.8541900500848532
0.8546937938125969
0.8554402998496153
0.855112508664899
0.8548930517919495
0.8555496845293127
0.8518325533746692
0.8554100492532165
0.8557386552688123
0.8556602086990683
0.8557783018837896
0.8563001055740722
0.8566797212758936
0.8572932252694435
0.8561599101017461
0.8564225848406367
0.8551798658956432
0.8568305859400472
0.8534496680111632
0.8543586182230358
0.8544066041227947
0.8537520466578272
0.8566134717058762
0.8565382526303187
0.8571812178528528
0.8568430312085573
0.8552773464054614
0.8553128806708441
0.8565404934152371
0.8570973666626662
0.8567583588216251
0.8573951618856338
0.8568635356637344
0.8563891322135164
0.8557173487144885
0.8574807573231716
0.8566033117833481
0.8558736498284156
0.8547809807166962
0.8574837938413707
0.8566067175217895
0.8569707941441057
0.857180129289725
0.8569749574206305
0.8574739394804225
0.8570004336173452
0.8561836611487085
0.857673229289106
0.8564525744365196
0.856531702153952
0.8569452033617986
0.8574028200227273
0.8550880764702485
0.857616267517941
0.8575326327672066
0.8575882386088617
0.8580963684184486
0.8573614609897298
0.8542738885433073
0.8573096555702234
0.8537575913273271
0.8580389355731812
0.856999727006192
0.8575547223230787
0.8568936398452097
0.856701683514441
0.8573733778913415
0.8568785782056727
0.8568517524453138
0.8586484863637924
0.8569014953241565
0.8555354186230565
0.8590740254247096
0.8544184637316101
0.8575803003736535
0.854580583247286
0.8559510460302293
0.8571291196034994
0.8593461216456437
0.8577558836964385
0.858074367984704
0.8576530431272414
0.8588568984588059
0.8571016890858472
0.8556836796479156
0.8563868023064704
0.857459253426994
0.8572744014029553
0.8574613286993902
0.8590030141867404
0.8567605295820149
0.859139078211873
0.8577006470750258
0.8560763835707382
0.8584093844276092
0.8593968448678881
0.8591669161449648
0.8587532812539269
0.8581844274462236
0.8589618143003991
0.8580146115982569
0.8587038439366639
0.8593357962105933
0.858736067951599
0.8591444382712518
0.8588998107631673
0.8582139523338704
0.8585855725076875
0.8585714848456862
0.8577803540862865
0.859395412547983
0.8584077547658502
0.8604002836324438
0.8592386276282212
0.859391573930637
0.8602104025740712
0.8595954471630174
0.85941596793009
0.8599166878713672
0.8595469710915573
0.8607661299655761
0.8578669998917547
0.8597390738372497
0.8606143740801482
0.8591912719492203
0.8596648287392277
0.8593645699260234
0.8596428410372154
0.8585316217912564
