0.5213842158903012
0.5373464962242682
0.5412693836109053
0.5437697712990777
0.5455478017921085
0.5474657637839897
0.5490671424860927
0.5508545285488465
0.5542321444867551
0.5555049040160666
0.5566858883419774
0.558019439929393
0.5628925941029279
0.5641312562181673
0.5668822468172876
0.5675078574660446
0.5739866341710588
0.584085901488276
0.5965866337881569
0.6186327849539975
0.6432256996096315
0.6533271813761623
0.6494652455900869
0.6649195874104408
0.6678990683358637
0.6698797624221353
0.6697326515126859
0.6748124642226039
0.6759376342150925
0.6813382931892602
0.6802877316317173
0.6865788034443303
0.6862186267733942
0.6903908279679205
0.6930463547420167
0.6941581933667352
0.6955505714491752
0.6944068115695085
0.697291747634464
0.6982496916044292
0.6980260832773338
0.702150587658689
0.7041828522490062
0.7046534131556158
0.7040875415847416
0.7070479029420267
0.708208887025433
0.7085820121622406
0.7102723772655827
0.7112611639834816
0.7109748746155824
0.7121394898853273
0.7139295754064663
0.7137368417357964
0.7155857409885633
0.7161721297195052
0.7152514357225773
0.7175082914215297
0.7183472422448006
0.7195989740781796
0.7210203059258535
0.721481709095388
0.7227481252165789
0.7226601535053712
0.7250641903124543
0.7258686352929615
0.7256070558609198
0.7276866854160963
0.728069970216614
0.7278468851887802
0.7295124765392815
0.7300099363042692
0.7305900582074702
0.7311401988920095
0.7304873383914674
0.7329617015139303
0.7328752486469203
0.734790977044393
0.7350832460636089
0.7331772689011544
0.7358895545000227
0.7369542642827194
0.7359158853872511
0.738471462002411
0.7330223723197664
0.7391392620586976
0.7407469777872226
0.7390499374274482
0.7421069432239447
0.7422229944077179
0.7420083842752402
0.7442085960199901
0.7433008632523305
0.746233470603664
0.7471225305220677
0.748512777117272
0.7471820398588113
0.750401798107316
0.7479259544308452
0.7517246731134583
0.7512065685544369
0.7505634273804214
0.7549486113743561
0.7548637220234324
0.75753363314552
0.7560490778126857
0.7593504196923894
0.7553908566855629
0.7624473940654035
0.7631925722137026
0.764185953754385
0.7652267385501164
0.7663710217290447
0.7676685231027051
0.7685315967455891
0.7688219767821051
0.7704475740292959
0.7700225018682421
0.7712196893261628
0.7721925856152692
0.7728264860901313
0.7723290646153336
0.7750763091575457
0.7763617555030979
0.7713833798878225
0.7776615159979603
0.778126709896291
0.7785130451486011
0.7803879498219826
0.7793758890503459
0.7826948380356877
0.7817365430723155
0.7835425190222473
0.77990021576522
0.7848139511583101
0.7842875950633735
0.7850530287221095
0.7855835903562328
0.7875235755889829
0.7867961321802881
0.7880072955575084
0.7872448804420731
0.7890939009471079
0.7900214680331159
0.7908384211423113
0.7914400046969299
0.7906943223944644
0.7921472181219811
0.7926980033580496
0.7921719408212351
0.7915215308928443
0.7903203740185746
0.7933705769246723
0.7937997078458514
0.7921703581600543
0.7961716447104337
0.7960959067148868
0.7962546833688475
0.795674574229043
0.7955505842125719
0.7980567409560168
0.7973257046511731
0.798982502021403
0.7979421894713465
0.7988582822637926
0.7985625798908857
0.7982854546417603
0.8011107856444972
0.8008520396865055
0.800988952642055
0.7996701619228312
0.8006140470114187
0.8017930721559483
0.8026531208738331
0.7980383297563914
0.8023953513156828
0.8039342149011379
0.8032933775202125
0.8042973080082017
0.8021552845886454
0.8046194944290965
0.803896231032795
0.8047282194232094
0.8057995406453557
0.8059376023066009
0.806966632014045
0.8071512354010675
0.8064892745987348
0.807319903687409
0.8047767267120661
0.8051908159703276
0.8076242213530349
0.8077208338837548
0.8095005427634413
0.8092068187170106
0.8065831238540863
0.8100414491305254
0.8097411200263436
0.8086175199316392
0.8102574377098382
0.8089408678216263
0.8073587363216272
0.8104621753550298
0.8109883336173189
0.8106575893389901
0.8112882862013004
0.8107410172810008
0.8125813076227472
0.8108329966987475
0.8121556228186558
0.8134361105846211
0.8122244047630442
0.8103357730565975
0.8117734165251524
0.8126542440527358
0.8127494909000174
0.8132547171918485
0.811005608874645
0.8150208521992289
0.8094627375826511
0.8126328717450946
0.8156448610417103
0.8143664983812822
0.8150013752559857
0.8154025415751691
0.8147025330875102
0.814739649044883
0.8164130324490213
0.8163507598369093
0.8169225089519273
0.8150022176401629
0.8148516606136259
0.8165853574484949
0.8164112966270809
0.8157395335361438
0.817908391997095
0.8126899624181787
0.8164232623114129
0.8156798965654338
0.8179297834498311
0.8178612695367716
0.8167541214603113
0.8183824309292839
0.8177128822876603
0.8177804325642748
0.8166736865348081
0.8176768576006984
0.818433376026895
0.8182292893149311
0.8170732574294136
0.8170764418968705
0.8199138981263971
0.8182044198366156
0.8192929461174068
0.8183636878813464
0.8183946901717379
0.816721147225142
0.8185752922339198
0.815677822513483
0.8187768645567497
0.8197731497701632
0.8201910935742042
0.8196728103276302
0.8202984847933702
0.8204506372444849
0.8195097962259914
0.8201108692447453
0.8188449955679105
0.8172304897123832
0.8200916220426413
0.8206801039706288
0.8212075002823901
0.8186174433512595
0.821062654875841
0.8216646596225481
0.8207500282390149
0.8199907720642432
0.8205208742160883
0.8212415657879707
0.8209657806954903
0.8211915715634075
0.8220221176900039
0.8225486971443814
0.8222365746617221
0.8222745712934616
0.8226620169612776
0.8222550369149338
0.8213133279854702
0.8218818160526516
0.8230914797307689
0.8228711515966051
0.8226993052245049
0.8225336810082573
0.8224794620994129
0.8222777366158236
0.8234475848781828
0.822914355694166
0.8224444521024824
0.8233939722306778
0.8228156435847019
0.8224463793753721
0.8228353502690844
0.823957763367903
0.8221661526208677
0.8231602935836491
0.8220587422566067
0.8203647906388143
0.8233003718615605
0.8208360599139364
0.822861151475353
0.8248231727123686
0.8239266525886403
0.8233522103969353
0.8229101820634711
0.8242527573722974
0.8242281240168194
0.8228885417245008
0.82424001950247
0.8232691717385214
0.8241728648911506
0.8247580666262068
0.824408094290869
0.8230980273532352
0.8242347099294759
0.8235375093890737
0.8252748246468847
0.8238883049634934
0.8259961671519946
0.8237286221083728
0.8246242934662258
0.8252472812369775
0.8257940460031103
0.8248858090812843
0.825431227309074
0.825577240566414
0.8214938407038758
0.8226235417021648
0.8249546356975611
0.8263475817511509
0.822781814201959
0.8251470247565222
0.8252795343402377
0.8261525634324858
0.8268712575327972
0.826726105804729
0.8240874586226636
0.8196322035812815
0.8266416057374021
0.826760120256723
0.8265129060275779
0.8260131297061035
0.825901941376443
0.8264414437698989
0.8269260252676964
0.8233525167184542
0.8270305191958295
0.8264598996414123
0.8258003702661361
0.8248034213560982
0.822191513489953
0.8265514259585789
0.827531616528854
0.8265959829761815
0.8260016171223518
0.8265563334845796
0.8268561775796899
0.8278127303394234
0.8275380492807506
0.8269432749982292
0.8255465445975412
0.8261055239342404
0.8258760444446995
0.8275181639088158
0.8278380529183187
0.8257805423294857
0.8251507325232406
0.823509098068196
0.8274380225414348
0.8254585154510488
0.8261712362817417
0.8255573871029707
0.8282672029845927
0.8276888232850304
0.8269757195524386
0.8280868817171363
0.8274193050202905
0.8254260134615544
0.8272863487176934
0.8260864937098791
0.8286152544287391
0.8251951746702736
0.8276189755970238
0.8288627175441182
0.8271772535850788
0.8288476758812009
0.829007984142756
0.8288710584238098
0.8280648393311725
0.8271859773666687
0.8292577701963202
0.8289869373017287
0.8281177436101651
0.8289172427744816
0.8278338537608305
0.8294279062732732
0.8271083184799305
0.8289434268826488
0.8280012457075101
0.8266096972458504
0.8267387862392716
0.8286907690648451
0.8281395115831016
0.8292980578577531
0.828892015921061
0.8292348088457996
0.828478864772451
0.827644170541953
0.8293142482263665
0.830570740806685
0.8298241842115508
0.8301122094013903
0.8272311470273092
0.8285424009608284
0.8296555925055888
0.8281849365116745
0.8264247237203258
0.8297463657823547
0.8290106580743482
0.830175215908808
0.8306318136595146
0.8292871260085476
0.8306301161277642
0.8298110187679366
0.8301563069367145
0.8305786668759864
0.8297702780059235
0.8300898926023992
0.8301392103669413
0.830789696875712
0.8306025790995551
0.8291274112449354
0.8309191049540485
0.8294704594376064
0.8284336249131291
0.8311510158706457
0.8304223599392718
0.8307034546047464
0.8286078899488889
0.830933693516386
0.8296660584908175
0.8295772763039247
0.8300797265569909
0.8309713710632101
0.8304155059952865
0.8314124931955142
0.8314892905529805
0.8306791786243738
0.8313843307608707
0.8301898810515252
0.8319935914985568
0.8312251137697266
0.8311646982318229
0.8305847933063644
0.830672458696053
0.8308590659363451
0.8314751104193352
0.8310852333244628
0.8308911914056393
0.8311696376663151
0.8305798730169671
0.8308829653965172
0.8301356557609825
0.83137205875502
0.831685693700179
0.832050580064468
0.8300188004832222
0.8314086003595449
0.8321831981370547
0.8321471032514115
0.8310680155024216
0.8317815850989897
0.8327763897583953
0.8321771227602631
0.8319756780713998
0.8322440221036502
0.8303619316379713
0.8329604507010613
0.8324987156832151
0.8320151361120525
0.8312744698244585
0.8312454650056382
0.8322741564830715
0.8332460955174313
0.8296610360942475
0.8323821667269737
0.8335175602001554
0.8330587480001354
0.8330772995971233
0.8320032725348935
0.8304924182233224
0.8336731715317545
0.8330542744296198
0.833308999917676
0.8315218308326648
0.8329741202988422
0.8329895257185634
0.8333268750546433
0.8330025826733063
0.83424232329556
0.8327284951125764
0.8329226838104611
0.8298997116110532
0.8345381533024331
0.8335024930104449
0.8315952395083284
0.8293823409473375
0.8340279429042214
0.8329750520267954
0.8321014868718895
0.833201276850198
0.8321926749590455
0.8343219732721711
0.8325410710149006
0.8330160991103273
0.8333420188247337
0.8332206453045699
0.8315920550408715
0.8336616461846059
0.8342420680276278
0.8343067593033994
0.8316365099513012
0.8308692319817534
0.8297410306825672
0.833417724911789
0.8346690227896828
0.8348035298449694
0.8346942432614053
0.8339517454263964
0.8298886648912782
0.8334496589301339
0.8330245803873818
0.8310856226080597
0.8326526103379683
0.8343135813388931
0.8335620916909651
0.8348186161797749
0.8339599969623115
0.8330416195218704
0.8325118045464497
0.8348403713893149
0.8352557369872385
0.8348269889679582
0.8353671614397365
0.8356744593584733
0.8300142567140253
0.8354938700596881
0.833089916214683
0.835726604215367
0.8344863658206448
0.8357159978327753
0.8335195257632352
0.8357309310068214
0.8343278252895218
0.8326000059987964
0.8352539437300132
0.8343128857337773
0.8356060220257935
0.8352955779297898
0.8360272906946542
0.8349955679105234
0.8348476975789751
0.8356335973441924
0.8332833773989602
0.8360703607765505
0.8345869605311105
0.83536208798958
0.8363860506285654
0.8352243007413619
0.8356951169159039
0.835727816738046
0.8347109952194697
0.8364109392519755
0.8364591402193134
0.8364768239053313
0.8369465551911605
0.836341455320773
0.835727529561622
0.8367650277827235
0.8365553889932297
0.8361104059334478
0.8364111945199081
0.8331801661921873
0.8365419810450796
0.8361582176171887
0.8368930765593201
0.8368682070810047
0.8367263865994548
0.8370756122760901
0.8360256059263004
0.8368041795018573
