0.5271845469462647
0.5456848173555311
0.5492444060523295
0.5553481895845618
0.5767332796003296
0.5875547684119504
0.5942032472894841
0.6019335287450562
0.6194114219376867
0.6182030404752217
0.6330330707006092
0.6397193500919092
0.6512256596966288
0.6590346996493911
0.6651672568970531
0.6745489522764504
0.6979952779531997
0.7079145325418372
0.7113652458282378
0.7187274465316252
0.7270690994155549
0.7306739303237606
0.7371871854705061
0.7374979288654171
0.7449231580105018
0.7472302688893522
0.7541132217183087
0.7581717415479694
0.7604729194394788
0.7589343404948563
0.7675317229576029
0.7713201263507318
0.7740098321568067
0.7764354309040856
0.7793508830589607
0.7790546729366884
0.783207655855567
0.781002309714518
0.7869164986523588
0.7887610338604754
0.7903177555238976
0.7863406996845815
0.7895126771515539
0.7950610324879946
0.7944903325790801
0.796483809959744
0.7984537145377006
0.7983816592976672
0.8001469967638227
0.8015844857524655
0.8024153140537725
0.8022790972478501
0.7992826012498029
0.8046352634919887
0.804763465672308
0.8056981339838127
0.806602067893084
0.8071486475347941
0.8079182934956153
0.8055746425445152
0.809338180864089
0.8109158653250578
0.8076594955692681
0.8082265414709576
0.8119838603392094
0.8132718851542728
0.81281519154395
0.8098525364908641
0.8144498377760842
0.8143411979027374
0.8155342312616845
0.81175901157755
0.8164791613495768
0.8163985185559781
0.8164704910397504
0.8184523125193189
0.8178822746604937
0.8186346309285917
0.8150444542444835
0.8187384709387893
0.8205716940025877
0.8183011804887828
0.8210906012237282
0.8200351660636791
0.8187490319108908
0.8226494427206102
0.819932561031533
0.8234948743190846
0.8236172453659231
0.8234377661329957
0.8219154710742295
0.824847862799184
0.8220662975431856
0.8239382123420244
0.8183071453054551
0.82588449955621
0.8223955974382023
0.8259586809955697
0.8251863040781293
0.8262149262095523
0.8278301947448348
0.8287703313354445
0.8280006089842284
0.8273209445427885
0.8290841749072169
0.8296192705262201
0.8301720950827172
0.8283654813398253
0.8277998231969772
0.8265871256771977
0.8310719102765273
0.8291915352414483
0.8284036256103688
0.8297702306783672
0.8321589137672885
0.8317151937923739
0.8325761008116912
0.832352448832886
0.8335384733730965
0.831912892134496
0.8342135225615085
0.8334284202774433
0.8334037207164106
0.8338131095746626
0.8329712810564831
0.8326367929804763
0.8348052489266322
0.8349616709920182
0.8328322123424827
0.8309238656911206
0.8326142641798334
0.8360001092891918
0.8336616528849482
0.8348888009211052
0.8354187019932521
0.8353641083243302
0.8363167920373097
0.837564635504631
0.8358915776355711
0.837362792983583
0.8371109784125074
0.8362834794592465
0.8385417577781273
0.8381715953876804
0.8383125229346247
0.835672337202074
0.8387691401545526
0.8388590516494048
0.8374102377847112
0.8347874817939408
0.8398140843670291
0.8397292019065108
0.8391407730601024
0.8403157018954469
0.8408119020716897
0.8385798447558745
0.8400463493628644
0.8398052612764126
0.8405469483526833
0.841647791236662
0.840932898091419
0.840132059385995
0.8414539187801533
0.8394453288330224
0.8421320872430255
0.8409104902422346
0.8386739640883152
0.8418503467347295
0.8429998057392256
0.8403727973498033
0.8425405466848058
0.8411245806899392
0.8402681297769938
0.8425764247069658
0.8416162547352815
0.8422454505891265
0.8389156187368629
0.8423164299977645
0.8433635513364971
0.8440224375905115
0.8423866836976506
0.8406452564251135
0.8436017047586096
0.8441962957635439
0.8447872136636545
0.8443977817960822
0.8453688055697153
0.8438606300022817
0.8441908975089677
0.8446814447959846
0.8446185564033447
0.8436416951303645
0.8434639919741196
0.8448743241773587
0.846424482632682
0.8471603513072039
0.84528685140767
0.8408284596897944
0.8461132108708724
0.8459450055870661
0.8416504712663513
0.8462390767782798
0.8474716803618092
0.8459495508155656
0.84759638768156
0.8451713809598418
0.8454347050170894
0.843282749396242
0.8481243726279669
0.8457268855460283
0.8486813795585872
0.8461126697722418
0.8489290372190046
0.8478824187837054
0.8486222724904972
0.8476702126324097
0.8484762013236267
0.8495617979579473
0.8484285528147786
0.8488116761089014
0.8491192556682882
0.8473920561068098
0.8498698294938374
0.8490989485549649
0.849938281653576
0.8478827561746164
0.8491113365306787
0.8487669495326602
0.8476623635193289
0.850894371104997
0.8475828793133868
0.8502166609844946
0.8503563535533871
0.85138482290402
0.848314629272448
0.8495921313106072
0.8492848191176029
0.8513440749941822
0.8504874776663132
0.8498734898669287
0.8501608196057884
0.8515153995524491
0.8529084547946978
0.8503041661819061
0.8512774880332536
0.8509641791942458
0.852842090639088
0.852321260926341
0.8479320152476248
0.8522957847296263
0.8534167182874761
0.8536978922336763
0.8527572463737669
0.8533932600703612
0.853055601792964
0.854024079220099
0.8544979988644823
0.853954347521245
0.8521194947956878
0.849240156200024
0.8532895028164247
0.8535570092477957
0.8549848093880128
0.8537405690009865
0.8549451946023666
0.8527176825150509
0.853632272884417
0.8545457046661264
0.8539386556609497
0.8548188066939274
0.8543989077905039
0.854780223178613
0.8548965912135819
0.8541054540883158
0.8537549749563001
0.855532012884615
0.8548682440111903
0.8549773867879705
0.8547274883426348
0.8554120226717525
0.8530353647041695
0.8565105420145517
0.855425518308193
0.8570494698850348
0.8539371278530508
0.8554447750535858
0.852758748718201
0.8547886643172545
0.8575277692453951
0.8566238480678565
0.8559385943958531
0.8568007427590881
0.855636457652106
0.8568637966642504
0.857049972788468
0.8561207281950047
0.8495032510860867
0.8559624791260062
0.8580311437528967
0.8578421157206009
0.8573068163938778
0.8580135230351291
0.8576185655956555
0.8583014129702183
0.8570456312676885
0.8565321032035252
0.8569101974633144
0.8589059347264956
0.8577913543031588
0.8557588477965431
0.8580697399999434
0.8577607153889191
0.8570790584313441
0.8578045634756183
0.8569069381397968
0.8571548758983287
0.8566822867199908
0.8591551965852068
0.8584098364041125
0.8590278983578943
0.8592019284093155
0.8581304130711299
0.8594487012143248
0.8597741433943965
0.8604447492081689
0.8593978061136913
0.8593588724757335
0.8598224666850666
0.8592403082169099
0.8589764812562288
0.860183748692101
0.8601384237244325
0.8593035403663272
0.8585251859004823
0.859222190961575
0.8566671168607275
0.8585875777555549
0.8603942424253768
0.8580232628104847
0.8608673345071481
0.85829176231699
0.8608282417225341
0.8610889430428886
0.8572421200952242
0.8598963552945788
0.8599629995483037
0.8593376359459383
0.8588896126454418
0.8596815964309185
0.8619958243482314
0.8601837423262346
0.8616801665045789
0.8605909413264984
0.8611708017169404
0.86170731055825
0.8612881882905085
0.8623897441515068
0.8598811981670482
0.859357484716892
0.8613649924667611
0.8627497466194258
0.861334862821821
0.8568884198348884
0.860908859052668
0.8597737805400204
0.8622441504246047
0.8634618515152532
0.8620257502854518
0.8618419740928086
0.8608036949422913
0.8605751794416744
0.8602847495259529
0.8619066958549273
0.8612972405523096
0.8615097458993191
0.8598404375254778
0.8604083237215119
0.86365806661054
0.8627843960294004
0.8622768455136417
0.8628368380355314
0.8636347102472852
0.8623860710466831
0.8606604820493647
0.8614159957871207
0.8621178452724263
0.8619308033903992
0.8599937976091997
0.861594411920385
0.8638723925952957
0.8638549246583179
0.8648996842606733
0.8651926859863579
0.8631662270526753
0.8643489413424384
0.8642998095867551
0.8646163522858158
0.8621740495055084
0.8651225914331278
0.8633394168097521
0.8654372689333786
0.860096434470677
0.8652003759527824
0.8649747441895747
0.8635415330630488
0.8646796035328316
0.8633458781639914
0.8654498669826785
0.86335164563881
0.8646728811780764
0.865052757880414
0.8653837574617185
0.8650232266269009
0.8653913837694803
0.8662465105822469
0.8658133197501027
0.8588082505089575
0.8655559987047244
0.864656514535959
0.8657301815369355
0.8659058348842493
0.865317075012796
0.8667443913471785
0.8666851696934958
0.8647785481918865
0.865595677149033
0.867167008475489
0.8671819364318347
0.866561722815262
0.8674600292987721
0.8655021434762871
0.8656676432669392
0.863473749319266
0.8656536510929314
0.8669492321912282
0.8665150228204845
0.867323672443792
0.8672652783527217
0.8668825879375034
0.8668299931505827
0.8668917547848969
0.8674014887927778
0.8674586797351281
0.8664362261280971
0.8678660060527166
0.8674340183692927
0.8661158766410215
0.8680437537700251
0.866327554425419
0.8681702626299233
0.8668960453787464
0.8682434446282822
0.8676887039460452
0.8675232932775205
0.8679844557259477
0.8649523045110591
0.8672700718500045
0.8685074116380207
0.8665122409369352
0.8667154457533599
0.8686799393450079
0.8669892098312503
0.8685912182671435
0.8683688139981223
0.8680741953424114
0.8700787429644765
0.8700937536770836
0.86716714215868
0.8679012029271883
0.8688779559804423
0.8690118810745163
0.8695177510015863
0.8690224038514203
0.8690831851423331
0.8699087043111913
0.8689847624843103
0.8674036595531676
0.8693009041337975
0.8688512002446123
0.8681052798672886
0.8692576098774616
0.867359525002487
0.867753222000444
0.866860695723485
0.8691891513518566
0.8682218388782447
0.8696932897633077
0.8694854378645238
0.8681205770438767
0.8709352002432882
0.8679169775437447
0.8709098386321659
0.8666200086866065
0.8703084106868839
0.8704394138483512
0.8664996874486992
0.8696942064480471
0.870361973085474
0.8689436771835615
0.870652708562775
0.8703745074761116
0.868892228252565
0.8710488818827015
0.869095343946862
0.8699518585184699
0.8703291825084432
0.871150366522388
0.8702759956959615
0.8707329057457367
0.8715977341386612
0.8695537690728036
0.8698793449360667
0.8701536182832568
0.8709269946416976
0.8715514861203875
0.8717980934128741
0.8692421089931535
0.8722550925847767
0.8700586968516693
0.8714618037967199
0.8719405742311822
0.8718882595423763
0.8716760915862779
0.8712807267313648
0.8716747611202327
0.8726956041631034
0.8724180332971982
0.8698045714711462
0.871469767495393
0.8715393527793233
0.871642785374081
0.8688271563678027
0.8727249253430304
0.8704164076077398
0.8717287818611923
0.8700472573900259
0.8715600545763539
0.871718583743467
0.8716077412803993
0.8720342415871194
0.8719054792105705
0.8718254730035963
0.8710914249668205
0.8722204177113371
0.8718984067331716
0.8723692262006933
0.8714061342964023
0.86996254044203
0.8715846459176603
0.8725562680827205
0.8709814609932945
0.8720821765599486
0.8714240733074823
0.8736206854800422
0.8692983768848981
0.873796937218783
0.8733320634703347
0.874649046610949
0.8734670325664731
0.8721202062448994
0.8707543332515192
0.8710367167123061
0.8718099975827532
0.8733974854777402
0.8706008649480712
0.873003024575834
0.8723038487543515
0.8710999488617233
0.8736941475765159
0.8742444385182474
0.8734905990033143
0.8723941358353122
0.8726711656025867
0.8727566782838634
0.869314915405404
0.8722973492049148
0.872104845409649
0.8734688086431557
0.8748457009510069
0.8736511079548297
0.8725277299043417
0.8746935249184069
0.8736895004941567
0.8710133412514525
0.8718632416880311
0.8712679058767462
0.8748981238595391
0.8747655037680455
0.8721536970672173
0.8739789309688775
0.8737486521233104
0.874456561913282
0.8754153886871886
0.8762163738075364
0.8714404463154659
0.8718523369591524
0.8736590398241718
0.8716408183214112
0.8731522086512988
0.8730022097449546
