0.5265684933430039
0.540154770685806
0.5417511470870265
0.5418669359817292
0.5483217341435179
0.5482131123390754
0.5596286908751915
0.5642036920387218
0.5810136599098998
0.5855546782957299
0.6573881033225168
0.6970868278240547
0.7271727534152981
0.7484651592869784
0.7526002241927374
0.7567856574600115
0.7560127207518291
0.76375038960636
0.7672527760935616
0.7639738515314816
0.7717258032814505
0.7812202362216537
0.7761213387098904
0.7812051263542628
0.7878697317879941
0.781984986548564
0.7885968068112743
0.7854893026369894
0.7926545530447375
0.7911505154343097
0.789144384046288
0.7893710256465158
0.7969820972752363
0.7928504492380897
0.7978595658025429
0.7983433187525572
0.799363039277065
0.7956851680592917
0.7984090469962392
0.8017282624011497
0.8061179192770239
0.8078151798458858
0.8053175514604132
0.800867596148952
0.7960538885695679
0.8073621466602066
0.811301950025508
0.8060642302064264
0.799130012684083
0.8083823479823616
0.805087775059526
0.8097028362830163
0.8090199113050144
0.8063377848357449
0.8132668289754047
0.8099799039404765
0.810997598704231
0.8114699984191374
0.8137420109060292
0.8117087112456262
0.8089642605800164
0.8160759757724142
0.8153420926544505
0.8156742148478263
0.8135651799420454
0.8140570551669785
0.813641908835894
0.8141714465431866
0.8124155222507381
0.8112792820191039
0.8148861362190765
0.8165229765502807
0.8162308054360649
0.8112398822545794
0.8106751373382453
0.8156078647725205
0.8170933820575805
0.8128832870763258
0.8160079268787552
0.8174715646655526
0.8172820214117782
0.8195163650056754
0.8189734867663332
0.8143126728387409
0.8154963068971128
0.8157222240955523
0.8111913345134886
0.8181642145772975
0.8183186660134656
0.8219030252941874
0.8213129519578016
0.8117317061944302
0.8061577613753839
0.8135117408862242
0.8179580741887438
0.8197257684075944
0.8172860793439201
0.8174820652861664
0.8227120410578113
0.8203709347437071
0.8202452350068381
0.8206064999482661
0.8218548878337554
0.8180913897603436
0.8197734955873675
0.8160862327888866
0.8183146401345003
0.8155898060128938
0.8154818188613455
0.8156641950248599
0.8233658938047492
0.8166008529478472
0.8225857835956715
0.8203469717889736
0.824807741842178
0.819255708574571
0.819384190527158
0.8109794566063455
0.8129013907103997
0.8193797800100749
0.817297496685381
0.8218142700485246
0.8223489362640536
0.8208371161423771
0.824277998994556
0.820606583286525
0.8254241885321684
0.8223277234718616
0.8234500333929993
0.8209004916829059
0.8233937864789187
0.8239320234183073
0.8210590843894747
0.8168783757604136
0.8201709613863075
0.8170554823817151
0.8246163010403564
0.822710842269011
0.8190426511105335
0.8141089043852463
0.8246077107890607
0.8079200898924924
0.818712836745864
0.8241706593171726
0.8243398808570609
0.825047300872526
0.8151383883073089
0.8235768421697744
0.824044017216915
0.8267891730524073
0.823182062427023
0.8241193614135399
0.8213107979843425
0.8259939722078445
0.8231782609202929
0.8233070057089271
0.825986099947702
0.8174022015916582
0.8245560410685813
0.8274540328601473
0.8189535240480237
0.8249234602198924
0.826264225359986
0.8213366200233116
0.8224813479360767
0.806695126468372
0.8235683288461022
0.8238862771248403
0.8184045364732454
0.8182819523051298
0.8235011389775728
0.8236392432937383
0.8193261870990068
0.823916669946775
0.8229035075021742
0.821150935971985
0.8185554812919071
0.8255819670880546
0.8194432645314038
0.8253937700676923
0.8192027439057616
0.8260810542776951
0.8256713762185175
0.814404043623604
0.8247790670705026
0.8239927705983647
0.8252858021480501
0.824415898170392
0.828076332460162
0.819524109053112
0.8270554452000303
0.8199330819424072
0.8291610824691049
0.8217439197367947
0.8215481966305958
0.8226516977477771
0.8185263449544902
0.8204549974043338
0.8236319031163253
0.8257803121440896
0.8234146979712518
0.8310730480352749
0.8266259839203317
0.8286666173475125
0.828182184870157
0.8277854883474525
0.8162874498095336
0.8284378730589077
0.8190430036954748
0.8260543475710551
0.8271836386740293
0.8280899935239762
0.8251292544341402
0.8276948355537422
0.8261655464508862
0.8265179967687833
0.8203779607999908
0.8288994067469886
0.8123034515245068
0.8279624411135068
0.8260403211010292
0.8073661981817132
0.8210947980387044
0.8236341276067727
0.8265885009357604
0.8206431559608844
0.8254491771885493
0.82273883110271
0.8237984770638367
0.8222239673396082
0.8212796358861723
0.8261642450919214
0.8244017178451187
0.8258075893972708
0.8277888090565353
0.8212434414392954
0.8227347859918387
0.8227935394643197
0.8288476216350736
0.8292083609044074
0.8280503437446751
0.8226028294749215
0.8175125991420775
0.8295212447812621
0.8239081694443736
0.8231434768131808
0.8300494298445076
0.824311263781103
0.8237739307412912
0.8275682447385672
0.8221662139262333
0.8301270498166623
0.8299720342445881
0.8263194337511487
0.8269917619490075
0.8156759072555442
0.8250059138110599
0.8281201683843109
0.8243633630141474
0.82644833239503
0.8291449020256197
0.8268771526111992
0.8219458803911359
0.8208363532767771
0.8298302822769397
0.8237109334282449
0.8234953629951718
0.8259495016308016
0.8278388184224733
0.8265106309488292
0.8282920631591175
0.8283744205907554
0.8234595724183186
0.8188197212681416
0.8163715317020661
0.824693094040558
0.8245305652039179
0.8252223240373566
0.825530701237599
0.8310006270883444
0.8213423831844421
0.8197476094420453
0.8244543748034339
0.8289724302936367
0.8263052085514285
0.8258517266212785
0.8298713808598175
0.8231493745976525
0.8248397245016661
0.8263335499700688
0.825002637976424
0.8215244388161915
0.8294769280594662
0.8194605668360655
0.8242263100421704
0.82783895945645
0.825851976636055
0.8275368582681618
0.8295650614735051
0.8238526148789052
0.8240981678532538
0.8244382392343959
0.8260423917362296
0.8283924088333939
0.8265565054550019
0.8299697777009641
0.8266576139948784
0.8299817912315074
0.8290888987156805
0.8301136131250835
0.830067091144746
0.8251861039479385
0.8237770719525859
0.8221144736887656
0.8284644259103007
0.8217952561042391
0.8260095756941532
0.8221964849460974
0.8313383008918861
0.8262831110915657
0.8251965661047402
0.828558713534223
0.829643835360013
0.82196887533994
0.8275792453887338
0.8262595327749499
0.823244316106375
0.8306376505072928
0.8247283909984937
0.8254793905126956
0.8295978326411342
0.8298757913769007
0.8261703287848166
0.8281733830678967
0.8273989526816904
0.824829864944582
0.8259524825762137
0.831715957827764
0.828178511576133
0.8254088414712716
0.8285002870041421
0.8295080004087422
0.8214452354171188
0.8339303835777986
0.8277729427341796
0.8287747070692255
0.82884059557879
0.8336036206755297
0.827552083526988
0.8263973870763387
0.8310674643719327
0.8224931242731142
0.8304587040336614
0.8262410188602173
0.8328467874832088
0.830575185276976
0.827469553008197
0.8322493867906808
0.8183969911555029
0.8273440455903869
0.8220947545745972
0.81865955154529
0.8281849222114281
0.8292516391032856
0.8185552697409424
0.828703170789966
0.8293907370679215
0.8291658071073175
0.8299539947168673
0.8285060245227315
0.8293147005226847
0.8338045363963178
0.8290054514760425
0.8297600986417275
0.8317246121854124
0.8334568491804452
0.828152869034952
0.8308233089160783
0.8268596002917609
0.8318118993955925
0.8322397772483733
0.8281662416201778
0.8237445443890979
0.8280312272302248
0.8308538876464364
0.8301593530079149
0.8233585664486067
0.8332946280542992
0.827943318188421
0.8263180811071014
0.8248186335115448
0.8323013834535604
0.8293558311587389
0.8254130917224723
0.8230431247282692
0.8298374878310116
0.8307219952358722
0.8331211242100334
0.8299910225463325
0.8297926454371214
0.823359983199007
0.828122995474476
0.8273314679239376
0.8266245479380255
0.8276612117716189
0.8266328176575564
0.8253444017652839
0.832641922811079
0.8230815885400407
0.832812676492803
0.8316198303515119
0.8248556741622806
0.8320642027689072
0.8268055906893984
0.8284447580812146
0.8214310550918459
0.8318095531030744
0.8242301948871593
0.8255471573384017
0.8201783977232502
0.8303371519778284
0.8196060113296441
0.8260672585905398
0.8287773290190613
0.8306549592225899
0.8186494419734295
0.8338002797344818
0.8341335686634813
0.8295843382538378
0.8155123911810686
0.8331294772678232
0.8286195632844453
0.8248650080472706
0.8297504185824316
0.8274272556365191
0.8305042644187048
0.8313963491944845
0.8275391276330563
0.830525720815038
0.8307550869352662
0.8314873032880532
0.8224067345518754
0.8236025488173083
0.8300755595939708
0.8288535963471688
0.8294602860502396
0.8310845743575358
0.829204424774336
0.8310809010635116
0.8308620547958027
0.8353016376993565
0.8258199811552964
0.8323381740895199
0.8295334506308643
0.8285240768717228
0.8327867390623983
0.8318261245953126
0.8291780450100961
0.8320700749108376
0.8277328762635843
0.830724899253661
0.8313477758108523
0.8268479970418765
0.8283551245785168
0.8317390168829208
0.8352956950404375
0.8277781545806746
0.8312365384672095
0.8313313581738613
0.8312045365758155
0.8301573528897028
0.8313720977611625
0.8304535819360607
0.8242631134994005
0.8262487693182892
0.8274995355494728
0.8293534720449505
0.8265419725447875
0.8226781416183699
0.8311804389977409
0.8275240177656654
0.8328863218710747
0.8256911722603093
0.8315497236439231
0.8293587287658925
0.8343168359053015
0.8320974739660896
0.822660185428908
0.8310024412981333
0.825474076096036
0.8310056979008631
0.8218654782032631
0.8268762230690814
0.8160571669684581
0.8313688796222444
0.8274096071575513
0.827147219854917
0.8309879853155423
0.8254840766870966
0.8337498921410611
0.8318280670178071
0.834192296493421
0.8334312963881583
0.827932093166019
0.8308429382813523
0.8303643587140214
0.8347098591339821
0.8328080351928493
0.8327728343944432
0.8329893471909045
0.8302192732160195
0.8296593298655215
0.8337853301329732
0.8330013030257302
0.8280780120466096
0.8266397219117695
0.831953023120982
0.8307919288563081
0.8312069277427807
0.8267282848383731
0.8312678928844386
0.8342219777348379
0.8325333651129895
0.8279579600794355
0.8247319489010825
0.8310447002059993
0.8298867215100791
0.8206367453255891
0.833407903979966
0.8229748771049161
0.8270305462925436
0.8221633355509858
0.8283617659966824
0.8334599583385635
0.8320960508050539
0.830999812937662
0.8254323941453463
0.8268032379862451
0.8228580689192015
0.8285754965774259
0.8224376850990809
0.8096690201818338
0.834244645741242
0.832264913349366
0.8265890971248429
0.8332355540500535
0.833673458136436
0.835250038495865
0.836128058337807
0.825865958231634
0.8268607221529374
0.8255095461411244
0.8333524071102152
0.8347849084413835
0.8308034103041217
0.8262712514162697
0.8325870477729517
0.8285203715245222
0.8327504612772627
0.8319742551450797
0.8325444362801442
0.8280978209096718
0.8261270249433973
0.830393943795909
0.8310604896007316
0.8272890295182831
0.8319887688233882
0.8312981574936672
0.831449192061223
0.8298276731483745
0.8193503616047051
0.8342313052091925
0.8283511243420926
0.8330418246514314
0.817237089268994
0.8319233418795648
0.8270210329097656
0.8292961481441403
0.8207443414283844
0.8292290159713286
0.8249911757605161
0.8323720414757846
0.8276954061002837
0.8311474370472408
0.8319693702409847
0.8351822909020648
0.8280488244241103
0.8285644318209063
0.8304845517151719
0.83309130193464
0.8320762804058036
0.8267856343817244
0.83463023263298
0.8334123080864138
0.8281613887692594
0.8283601441059529
0.8275593788299539
0.8246803625188618
0.8324556682132112
0.8339332491317755
