0.650332439540249
0.7216815904215408
0.7420135497208402
0.7751429563485168
0.7852522129469853
0.7857608965869358
0.7842268883342777
0.7964391088469678
0.8013628008263302
0.800168335147478
0.805133055134793
0.8044987092951553
0.808088013855588
0.8110022310324114
0.8144850601140208
0.8107723023094879
0.8108171434713216
0.8139030480607878
0.8158168438936562
0.8060174712981552
0.8139483093697937
0.8159483881537544
0.8181626337758146
0.8214993153001584
0.8209838711102552
0.8187046490914267
0.8253946652462126
0.8218439060058969
0.8207608302546094
0.822928681443472
0.8280764391829455
0.8243106919077847
0.8291845009592469
0.8211725999468373
0.8290527020644988
0.8317740653234129
0.8278640929825922
0.835216420227433
0.8317057786761965
0.8358197324691238
0.8340479591121939
0.8381009915651508
0.838121241385678
0.8370659144453549
0.8385541584855736
0.8432214079090998
0.8408560620858351
0.834347116630538
0.8376401346783033
0.8439371668121521
0.8457191128233423
0.8430022184025326
0.8469241840353599
0.8444255497046456
0.8411089779517713
0.8458645028425249
0.8497931208055785
0.8508251677730414
0.8507789961451624
0.8474337397989857
0.8485441824092629
0.8544217930796567
0.8529332562095907
0.8503529541808119
0.8514255771797241
0.8525867621098449
0.8549255622708655
0.8530385094420948
0.8518612188703731
0.8534671996068035
0.8575957185017
0.8585216146495185
0.8482881090736689
0.8541633261783544
0.8593874488493098
0.8622378227535563
0.8629724946452243
0.8601900954607479
0.8540348820951176
0.8569841242680241
0.8601172635850323
0.8564789482203751
0.8588035652314006
0.8615979895372152
0.8633662616677098
0.856954675770772
0.8584136431921274
0.859432792914577
0.8665793435330299
0.8648312384668009
0.8609386131114998
0.8647083199554655
0.8612168587592269
0.8570874932041196
0.8655004692534645
0.8663208702658611
0.867313092374092
0.8680728394129011
0.8680621511234747
0.8616490692479694
0.8636936072417891
0.855629353345376
0.8685295266573577
0.8680348288255488
0.8638967547654175
0.86998209001727
0.8644914921852753
0.8615396909341383
0.869457962785808
0.8682101384160853
0.8708383308566294
0.8666880406991728
0.8610900316060167
0.8716291178592519
0.8695067889799114
0.8580171261154239
0.8685655001675114
0.8642842832389821
0.8679997274390708
0.8685804153921246
0.8663784367943199
0.8672929444074248
0.869441736192748
0.8716460956245288
0.8649162036835805
0.8651673434728342
0.8631957264768573
0.8707630672200081
0.8666705282011313
0.8682789725277986
0.8649762910950723
0.8684724948616637
0.8692172566513309
0.8700452585080247
0.8707795357159854
0.8700235763675924
0.8659008122157815
0.8744290677369674
0.8688549433739646
0.864497756197661
0.8709330103852997
0.8741474481801299
0.8672775071817793
0.875620528726952
0.8712340012731222
0.8722882078209862
0.8703495660121615
0.8700451439224324
0.8681833062898604
0.8620435492474743
0.8747923104308053
0.8724055561993569
0.8742638544102964
0.8757801209937282
0.8665108659098263
0.8728718177066468
0.8682599258559919
0.8721947887338324
0.8745263509049321
0.8724878986792431
0.8730400484539181
0.8735279093453794
0.8761379272377924
0.8762690704483171
0.8765233995365599
0.8754524252970052
0.8795571422180098
0.8743795540293093
0.877580445260769
0.8696015448989767
0.8756515623248988
0.8772394321718606
0.876768536313944
0.8803860798570421
0.8766484888082852
0.8699623749295076
0.8733590547432158
0.8754826122347418
0.8745918365710001
0.8782830777476232
0.8743022214861583
0.8684169845080025
0.8742327953488842
0.8735794601302358
0.8812549505750326
0.877323302459646
0.8758033946007219
0.8759433290725317
0.8693164750426341
0.8773329594787403
0.8783702646517224
0.8703957758352381
0.8734488452866095
0.8733328019108192
0.8652626786857278
0.8768217485898905
0.871057475802133
0.8661115287543759
0.8774691699187966
0.873951175792047
0.8715385315825774
0.8748149347194422
0.878342515840758
0.8767058770924888
0.8687526184399335
0.8746260085410064
0.876331984304422
0.8806458899561221
0.8726643222963727
0.8826216065699609
0.8718079159444911
0.8705874775313569
0.8787766042600428
0.8728176569166295
0.8764146068824231
0.881352927622418
0.8817571410314123
0.8780137697761047
0.8780374253350731
0.8815024045277301
0.8806836331770921
0.8761717236216899
0.8752622768722503
0.8804102892463739
0.8808264959473749
0.8795855403473313
0.8767112371518676
0.8803428938204321
0.8730740421796697
0.8817418565865568
0.8842660307726484
0.8830051245477911
0.8784419379397812
0.8769377665022159
0.8840665436221113
0.8794150497175427
0.880364149447826
0.8785748826904534
0.8825740853784377
0.875564279932806
0.8809562259355932
0.883630087100583
0.8824040467251526
0.8802526067394714
0.8834757339417267
0.8828402804413624
0.8821289585470832
0.8776265150347882
0.8850985587602429
0.8817587770590375
0.8839679236222349
0.8816307913181705
0.8738382962517806
0.8798607558427258
0.8825003559155817
0.8823770554522715
0.8791839114800326
0.8829113362403953
0.8839346174100382
0.8821198871876833
0.878496009607671
0.8822506930072972
0.8838200127200193
0.8781582176470826
0.8815918576802128
0.8743111464306347
0.8805051406534328
0.8750699767847043
0.877837683549886
0.882681127419357
0.8790733809444109
0.8802383153697502
0.8825325353694531
0.8809665004437136
0.8804823444864074
0.8798781091941111
0.8785806756287368
0.878895544104975
0.883234544001415
0.883280893873549
0.8803780779631714
0.8814682134601252
0.8870814751688056
0.8822608974908888
0.8838462910158809
0.8752194345924176
0.8750297699734975
0.8819708622588747
0.8814811743638011
0.8808193152502499
0.878514368765923
0.8840702994831962
0.8803632009337554
0.8822859790038963
0.8762972903333837
0.8758129688635551
0.8720086826341436
0.8846590084277195
0.8790405967332462
0.8764457932611601
0.8820888217604049
0.8794297485027038
0.8840091871672386
0.882761101797
0.8788647333123465
0.88159567719996
0.8828575955975502
0.8838400524669603
0.881755600491781
0.884400204135506
0.8771574461804842
0.8792004372688059
0.8791679458874886
0.8852224958101779
0.8837374665324131
0.8768459516133562
0.8809880743644197
0.8807558921248455
0.8805645405513701
0.8842992351309851
0.881257344140741
0.8861212160749937
0.881366798844967
0.8711682609724044
0.8856267856095672
0.8843233235688583
0.8842865925206215
0.8861088153675475
0.882017428570461
0.8887806458212046
0.8861628997671697
0.8838702012094992
0.8830958254100578
0.8799858896755148
0.8830881863705633
0.8819683477417076
0.8818140773391127
0.8895561229155067
0.8772789832988444
0.8818263188999029
0.888184896228614
0.8807553955872782
0.8832753173747177
0.8873421128304976
0.8826899696075721
0.8834814950506791
0.8868799700386686
0.8811669170107227
0.8819195852062668
0.8815084648323959
0.8856028626842163
0.8802041370338776
0.8865265498764474
0.8854434041006313
0.8842329155364388
0.8828313682286184
0.8856206871097039
0.8844492340373294
0.8869884889605567
0.8870935066560097
0.8862540844352712
0.8816821511270398
0.8849309582337298
0.8865311460318768
0.8858235354376188
0.8834345213236531
0.884366038531366
0.8787698882711538
0.8791401588813268
0.8867640412484705
0.8892849306475794
0.8879359526632149
0.8823560544595274
0.8838520075637695
0.887814918448288
0.8878761198863728
0.8884641667808068
0.8844991296969622
0.8851769098419933
0.8868529914975201
0.8847891330996449
0.8830512261511415
0.8879960400747068
0.8814129386435148
0.889806447873881
0.8884158625877354
0.889950405573158
0.8847851798967064
0.8821637034450515
0.8793027622028373
0.8835473053759255
0.8851022827919965
0.8814041473822298
0.8827547677600855
0.8856546681037228
0.8828223541620148
0.886744529868428
0.889878725919233
0.8806101074219559
0.8859481918304395
0.882556483758269
0.8913251143888871
0.8881646973350167
0.8803765055942087
0.882167344720544
0.8778495940856313
0.8872403035316323
0.8835654480947256
0.8891454927133366
0.8847893495390973
0.8844485401579085
0.8802646891536055
0.8869018495209546
0.8803624306639397
0.8887756358844695
0.8875551338126729
0.8820184089138629
0.8833987451553529
0.8820309369386342
0.8850158406942481
0.8885747864385558
0.8858696434068354
0.8844767218477777
0.8864490963818377
0.8872024902861337
0.8798720934505091
0.884029055035791
0.8840651558632696
0.8899004526207291
0.8794093713648518
0.8862038768481922
0.886453507927146
0.8839104207524389
0.8854658692426118
0.8870463292212638
0.8830543135962706
0.8920885663618512
0.8841115439306011
0.886012213347271
0.8750270008216806
0.8864358553800469
0.8872867488917601
0.8794621571277599
0.8901689648589668
0.8895762963456387
0.8894847424572949
0.8876695729901692
0.8785486298580568
0.8852314143887879
0.8835455547627081
0.8870187650204207
0.8830544409135953
0.8852935961702746
0.88496280029669
0.8866554395703212
0.8881254708672115
0.8843368128394327
0.8898008395457185
0.8830492718302042
0.8886007591728377
0.8866705521367884
0.8830233372911197
0.8823152046958296
0.8844877729915801
0.8884106489432804
0.876870912174905
0.8905396428845797
0.8863894227516518
0.8787272178697099
0.8793293587920112
0.8896166177424383
0.8883755793861334
0.8835484003049199
0.887664741297689
0.8855511909479011
0.8853844052522675
0.8847927934727362
0.8918994683050268
0.8898387291816121
0.88791052739343
0.8858041322773023
0.8859554871131567
0.8844335612746328
0.8823079221448447
0.8876203139171612
0.8841044778190685
0.8926563252405603
0.8929644331668456
0.888300080212461
0.8895762326869763
0.885622113063743
0.8862511115757346
0.88344968481705
0.8897544578442533
0.884234265100083
0.8840381964197197
0.8908994607423777
0.8866969513841085
0.8927317671214365
0.8858152407139008
0.8830562870148068
0.8842175801646532
0.886946245072151
0.8845723180611873
0.8857444904764474
0.8918386742823815
0.8809726689681057
0.8921818581316799
0.8792272439315661
0.8891164007045943
0.8908966597612298
0.8947351179606475
0.8895842409467132
0.8941515844653817
0.8887044782315766
0.8878609245636447
0.8828163129549478
0.8895253757815407
0.8906742873215396
0.8870955691966732
0.8821336247270413
0.8868432771856292
0.888460831066894
0.8886861763661206
0.8877978451950175
0.8797573678090316
0.8821728384631138
0.8916718694891492
0.8897206869238206
0.8895322190877547
0.8905561559416206
0.8880611246912014
0.8921254119956805
0.8883667944907145
0.8925296126729426
0.8899894665284407
0.8867039092759152
0.8916591250249255
0.8894987664606342
0.8867435495250261
0.8898288748206638
0.8885360437765855
0.8881759521865389
0.8918483058380111
0.8860227424900412
0.8899080025380963
0.886774500366712
0.8850930968470042
0.8903529256617311
0.8836274261684923
0.8915460290452069
0.8873053499529295
0.8835040047537233
0.8886780280573263
0.8907771215248704
0.8890460833460461
0.8887388793727676
0.8902195543980205
0.8908341978816282
0.8865018630471471
0.8905834273126167
0.8865332340360053
0.8945286410889726
0.8888362007359298
0.8880354638843656
0.8923939305997843
0.892962809870953
0.8921826220356293
0.8961174530841387
0.8891196727598447
0.8898191923381046
0.8920030473147083
0.8884175941033541
0.8879451322423411
0.8906047529645393
0.8828685066922951
0.8895297554975176
0.889670740337258
0.8933216537512154
0.8890172778012848
0.8895173738876698
0.8898932464601392
0.8917882311582518
0.890753472331768
0.8846875848012957
0.8901979741114479
0.8910071202723227
0.8920251941633766
0.883219227727228
0.8917276535750591
0.8715702526940793
0.8863061826846248
0.8914325447476473
0.8884341835507901
0.8907054164074805
0.8853820498817566
0.8926332744388852
0.8910979611836467
0.8885353244336995
0.8889660898708043
