0.5102834154685296
0.5154069490517325
0.5231226422484713
0.5271346229565619
0.5288011829929948
0.5306861726058425
0.5333758508034898
0.5350721625983279
0.5373153400476618
0.5398138466901699
0.5423491183260959
0.5430473711330888
0.5457554286221276
0.5452948052442587
0.5459174125547676
0.5461348100188999
0.5470488960950128
0.5527075638701211
0.565004591938062
0.5658140051610743
0.5678105270067885
0.5635361718173343
0.5702545496599222
0.5713474988714077
0.5723828292928596
0.5729686523780444
0.5732250649685835
0.571016594698738
0.5734423021668332
0.5742895189061815
0.5741342084448837
0.5744980953361474
0.5933631013320146
0.6113957504411478
0.611410302583268
0.6186401080884396
0.6203457088938205
0.6213779622103306
0.624007777895591
0.6263161194527009
0.6265987900054093
0.6286264034323055
0.629531405638205
0.6293202264903093
0.630274847013394
0.6309191735562832
0.6312364743608565
0.6314143246158523
0.6314160042022996
0.6327028366676543
0.6313327749242614
0.6307276494162026
0.6359006538719788
0.6368622619875354
0.6371517149923861
0.6358655492331021
0.6363370771016081
0.6345036802816166
0.6387685797840104
0.6393179776394476
0.6392122919059704
0.6354042270959861
0.6412897223797458
0.6415590011153224
0.6423967749888807
0.6431620830410618
0.6432202916095425
0.6444032653724792
0.6450765423443616
0.6443935404387362
0.6456898157698808
0.646061446708581
0.6465917024070269
0.647164306762233
0.6473500036348303
0.6472767621265823
0.6481462878767579
0.6486664211820723
0.6490311799197362
0.6485516259358406
0.647388954654884
0.6497104572462552
0.6500968582886758
0.6505317109126578
0.6506521090541377
0.6513784083905472
0.6518107993305757
0.6517815155485471
0.6524457150608517
0.6517719316487807
0.65261037222841
0.653907833527084
0.6547568516549503
0.6551122508650832
0.655436340532434
0.6550731395791469
0.6567832534717757
0.6571020287224668
0.6573629992747007
0.6576270341106059
0.6578914215314521
0.6588418815522302
0.6588721141082826
0.6595341981109396
0.6600613254193614
0.6609667314952845
0.6614203801019523
0.6617697789574487
0.6627477406036434
0.6626719284306419
0.6638107970227471
0.6640574462157315
0.6647050806464332
0.6656479632962923
0.6646593792274134
0.6655473483753335
0.6664811792081557
0.6665953269802228
0.6674132278843659
0.6679700107916635
0.6678721203907051
0.6690743965765157
0.6688707306931858
0.669074338880798
0.6693339055039023
0.6697339483782312
0.671008260872854
0.6715567420074443
0.6717321882742043
0.6723853422618953
0.6730960829864432
0.673344174572369
0.6731803059129521
0.6745101986155848
0.6748100240283432
0.6752311578927934
0.6756691581387053
0.676361609320756
0.6769440668224109
0.6771215644924655
0.6784332702227657
0.679154441050939
0.6781063342333438
0.6781500355341514
0.6812799448787936
0.6802655451815807
0.682127514203083
0.6835849849587264
0.6848014991655277
0.6858562922757357
0.6861597140548947
0.6875771183399428
0.6885435408426063
0.6895714733909273
0.6904621093631302
0.6906920524405351
0.6922502727404787
0.6914468791040085
0.6932514601183479
0.6946793650240097
0.6950711381788077
0.6960080589378423
0.6936727029635982
0.695446153932944
0.6976580282501311
0.6981190234448471
0.6973545808284309
0.6972349904269982
0.6998395930836425
0.6998779415039786
0.7013884474454195
0.7019104526562403
0.701575862368276
0.7028430270045448
0.702156717211107
0.7037170081462507
0.7046465566746958
0.7055168004160246
0.705442289601988
0.7065062947951155
0.7066401873238919
0.7073145605144098
0.7075028216411252
0.7085335748689763
0.7091867801417494
0.7087918850075625
0.7103851266081239
0.7103397905953159
0.7112526137762758
0.7117196926638869
0.7118610407615117
0.7132655596696165
0.7139013536569278
0.7148394667941271
0.7157405969763084
0.7160581477956582
0.7162649228371061
0.716577159239796
0.7167001985630177
0.7176970267088862
0.7180105260067294
0.7184620975675613
0.7179862232883251
0.7194197759636819
0.7183243009618901
0.719533750648596
0.7206402775856368
0.7210318456001054
0.7211959835062047
0.7221886255072254
0.7224908036231372
0.723596048433119
0.7213220101854738
0.7244513105197627
0.7245378925600603
0.725430259403793
0.7265890778929369
0.726283873957166
0.7273982667437139
0.7263908738708789
0.7280738451336676
0.7285381866800077
0.7282259054028706
0.7293172968299794
0.7286138449977622
0.728904131385201
0.730021344851279
0.7282785623611857
0.7300337045561281
0.7301308833765688
0.7308483296256355
0.7292793586903021
0.7302429092283531
0.7310210962468423
0.7304173362041013
0.7312105753942638
0.7317443441208511
0.7315656027875495
0.7318621010805895
0.7320571895338943
0.7318745825875093
0.7323988379313189
0.7329268306755052
0.732740197850155
0.7323969019194597
0.7333494261648028
0.7332989103586764
0.733431681026276
0.7340621477756569
0.7339313579943635
0.7342439469819947
0.7336175317541205
0.7348427451930172
0.7341984699352102
0.7345454583918357
0.7348664196691626
0.7344430549036295
0.7352146902528469
0.7342726409855762
0.7353746997098162
0.7357721526874859
0.735927841376266
0.7353409861787984
0.7362003767145725
0.7363185824187815
0.7362082361534444
0.7366033107854195
0.7370214829363633
0.7371176232338861
0.7374198269923389
0.7368151245862096
0.7370568568219225
0.7372928323071403
0.7374045632697008
0.7379694299881057
0.7366659491028893
0.7375714449277067
0.737712395565943
0.7375294552665228
0.7375883882367918
0.7383221174995086
0.7380713975531117
0.7384641194819335
0.7384276493777389
0.7378776617438543
0.7379795844344134
0.7386817733714774
0.7364755660558913
0.7392071441658283
0.7391412941200755
0.7386807092060185
0.7394844746593358
0.7390144597007593
0.7395263425184488
0.7388929461087379
0.7394474596511409
0.7392294083022085
0.7389953688288499
0.739257903576096
0.7389252621212612
0.7396726139839803
0.7397356754033797
0.7391477111660061
0.739816654548429
0.738883221174995
0.7393952578479317
0.7406154645806631
0.7401366349985556
0.7404763858479327
0.7398217253609476
0.7407863400644576
0.7401416032409094
0.7408380867125608
0.7405627306947243
0.7406754104313089
0.740884057378263
0.7382282914413274
0.7386951074928916
0.7399573295293478
0.7402897722544884
0.741206563618696
0.7412462967362557
0.7399204299125884
0.7412488353478328
0.7412970817890647
0.7417966946507992
0.740982633717198
0.741282215525815
0.7413532069010745
0.7413191664276567
0.7416106836570725
0.7415680016472769
0.7417788346208666
0.7417811296283024
0.7415728544981952
0.7422024558118114
0.7422363103768055
0.742077397138472
0.7419101051998074
0.7418518517568794
0.7421652869483697
0.7412864529557451
0.7421635432555693
0.7425417515060826
0.7425518290247667
0.7426512707994664
0.7426683615531636
0.7423184049723964
0.7424275845021097
0.7417968805592227
0.7415159472886794
0.7426273911829916
0.7434904037277076
0.7418868602362267
0.7427045944638522
0.7423370535104703
0.7427982346136099
0.7430330754163804
0.7424585799237623
0.742228393242216
0.7432821221869651
0.7408222716752875
0.74159597124907
0.7431682436615805
0.7426810674323188
0.7434379967841689
0.7429510256952365
0.7426832726908604
0.7430525829795837
0.7429362363596106
0.7434050332974809
0.7432674931172214
0.7431123942068883
0.7421971734483281
0.7429994388129862
0.7431487809728241
0.7431505054337186
0.742246676374078
0.7429812326087477
0.7432019315500569
0.7433148869439592
0.742761347818121
0.7431123749749826
0.743451959147842
0.7439353787448206
0.7434368172272746
0.7426458089381949
0.7437769398934988
0.7433084763086638
0.7425876708867024
0.7435619335963318
0.7420088866790716
0.7430017915161397
0.7436928067158841
0.7431941875026205
0.7431376585205869
0.7438618102941724
0.7437533551662476
0.7438006848866324
0.7438166986535998
0.7425636181830747
0.743534688396327
0.7409571642631698
0.7439075822301806
0.7440789449222576
0.7427995359725749
0.7437490215767881
0.7438343855963795
0.7437641891398966
0.743407469338893
0.743607949136481
0.7440791628838576
0.7431810713428063
0.7437340847965501
0.744124377094595
0.743882882052388
0.7433307596769502
0.7427688546720518
0.7428549366827962
0.7429674882066748
0.7438322957292732
0.7445167079746636
0.743900601048344
0.7436424255330988
0.74300451603614
0.7442135297996458
0.7441563084690006
0.7436099556653284
0.7445118358918392
0.743863688610314
0.7446921350095179
0.7435603181162374
0.7445042456996498
0.7432538512853132
0.7431644421548504
0.7439463088779991
0.7444269013848126
0.7444443319021805
0.7444990787276017
0.7446246887155765
0.7445249071772062
0.7435541254425422
0.7447845763704752
0.7448135460313744
0.7442033112469852
0.744878133181974
0.7446588830442414
0.7445027968960729
0.7443916493013241
0.7442457240100986
0.7436467527119233
0.7437774591549577
0.7448807743637156
0.7437587657424367
0.7441170305065465
0.7445442801170685
0.7442753411451626
0.7441778482035926
0.7446276824822595
0.744093086783719
0.7445816220676633
0.7444559415627001
0.7452298719193531
0.7446703901345963
0.7449684269801075
0.7451186473969809
0.7448499648504867
0.7441677322210967
0.7447812236082159
0.7443683722845671
0.7440956574484723
0.7448918134776941
0.7450148143371038
0.7445770448740624
0.7436586572616664
0.7447778964884976
0.7446505620396283
0.7447129246997803
0.7449055450584964
0.7449271104356295
0.7453164988340979
0.7444366070866495
0.7452435201618968
0.7445716407085086
0.7432974179627796
0.7451847474575101
0.7449982941299479
0.7445399016531618
0.7451645026712477
0.7448043660016317
0.7448340408324133
0.7454333070198123
0.7447104245520152
0.74359565994862
0.7446486644915807
0.7439295258347961
0.7453193387455336
0.7446246181985884
0.7449883320026991
0.7453015043581422
0.7448437273023445
0.7444425689774742
0.7454681872864537
0.7451727211056962
0.7456121509232789
0.7453692263094012
0.7445806732936396
0.7443128754148162
0.7460656713172407
0.7441990225319728
0.744877504939715
0.7454389099150605
0.7451517455070101
0.7447482537108924
0.7443793088283808
0.7455699048366832
0.7435299701687497
0.7454009589541126
0.7447310924402071
0.7448603821328414
0.7454734568286664
0.7452656496749359
0.7448702865643726
0.7459104057303899
0.7449887935684404
0.7451750545769437
0.7459344520233824
0.7455018303004831
0.7459208742978272
0.7456648719879471
0.7454378649815072
0.7456142536116558
0.745525036800252
0.7455779053095317
0.7452440714765322
0.7459187844307209
0.7458534921102388
0.7451197243837102
0.7455642698882587
0.7458346768956472
0.74489563421633
0.7452657971195477
0.7455685906564478
0.74523848781319
0.7451145510010272
0.7462646382048991
0.7465724576798706
0.7455780335222377
0.7459623511081873
0.7464167177060079
0.7451531878999516
0.7461279057646868
0.7464636820201809
0.7463493868035022
0.7464597587113804
0.7467558851875733
0.7461656772278464
0.7458622362167815
0.746573271830553
0.7459960838711108
0.7460968975217637
0.7461866977009795
0.7461595807136807
0.7468868801091962
0.7458611528194167
0.746580195316672
0.7467681615541637
0.7466446157907537
0.7465638481966691
0.7463555538346561
0.7470640444262154
0.7468756166229825
0.7462731451179359
0.7467845535486136
0.7459305223039464
0.7455985731977236
0.7466247492319739
0.744848560921357
0.7462845304062201
0.7457318246629705
0.7437956525379257
0.7471654991403979
0.7471506008239718
0.7462350979974586
0.7474943134459614
0.7469281902430387
0.7468369540815168
0.7466504366476019
0.7462480154275785
0.7474128919670766
0.746834934731399
0.7467707129870111
0.7472222781372078
0.7467188637687433
0.7470724231265464
0.7461207514956975
0.7473047766028222
0.7464289748406925
0.7472453051391883
0.7475824660919063
