0.5570446163673969
0.5962324431502359
0.6529881281266333
0.6744390008557859
0.7152223670867739
0.7423647064003966
0.7654394852266875
0.7705857250343175
0.7790763066048662
0.7754081191794923
0.7901680747883988
0.7924192061039668
0.7952844482479366
0.7914430296219289
0.7967070245267812
0.8021573139687079
0.8054559180998366
0.8047178427817568
0.8112761354477177
0.8068024053897271
0.8089576708332775
0.8158042503387085
0.812515333625615
0.8157461768840847
0.8194999428838001
0.8174152845503552
0.8199188886144758
0.8231636631203567
0.8255711077543377
0.8253374865425938
0.8221354438885986
0.8264570087320778
0.828990810992603
0.8233475581388671
0.8284965484584689
0.8204168525336298
0.8293559909150143
0.8280389423994292
0.8228643933780947
0.8300660314324169
0.8348510096803982
0.8280367279501155
0.8347218951601838
0.8367577335015549
0.837727458086601
0.8307567226405426
0.8367277969547812
0.8381575079723366
0.8318438321843086
0.8363492537561081
0.8333515786088025
0.8425260165885867
0.8333692176229321
0.8348106071483956
0.8417085976154146
0.8464664408821805
0.8360826008739097
0.8456622128794158
0.8423946620922653
0.8427889936125583
0.8439371058104724
0.8373557113966281
0.8426287364045895
0.8438582982180384
0.8460313877449694
0.8483611990190053
0.8403020585444241
0.8479118444958809
0.8456392323838005
0.841839479866061
0.8480276723202131
0.846229769218644
0.8469133639782486
0.8470250819888689
0.8421058902437234
0.8499625202858236
0.8453755342279199
0.8458297771319498
0.8477483517668688
0.8461402595181436
0.8410492852178808
0.8525323089431205
0.8406090820501333
0.8477368519465136
0.8476351532022406
0.8483033233970291
0.8487730163926683
0.845096902897993
0.8500716026550418
0.8524645991240479
0.8538799066485171
0.8470909092069399
0.8488664380742332
0.8415219329398378
0.8476140042540401
0.8552620421051692
0.8486189941039489
0.8570598941531519
0.8534347257560877
0.8528628553888018
0.851239842729427
0.853094281296327
0.8523510750928058
0.8565300919411276
0.8538622867794823
0.8536932994082251
0.8478665344378776
0.8505316975764224
0.8546455509032976
0.8578889724891368
0.8483572934196394
0.8540645483257296
0.8571614014464758
0.8558751765337296
0.8560209983401202
0.8564794340199402
0.8524068064641498
0.8495505178429094
0.8576376420645815
0.8515852457687746
0.8557835608727865
0.8595480545073615
0.8600653485906977
0.8534571127537603
0.850025067310963
0.8579277476880702
0.8527302756064049
0.8537657635925386
0.8591935766930165
0.856861219121355
0.8507629894682832
0.8530720346960173
0.8568426100890822
0.8584145691619746
0.8613335898776054
0.8527508310566624
0.8586589435353714
0.860915307843554
0.8599172293729153
0.8619603619954549
0.8586096449159243
0.8586102703223588
0.8554664861922385
0.8572340570817387
0.8554835444718218
0.8556270369583294
0.860621826301659
0.8543256427486996
0.8599248108305078
0.8576744453187372
0.859065585351705
0.8594033239713821
0.8616485011624264
0.8559461920725266
0.8607914965146356
0.8562272867380012
0.8565187261364369
0.8606283101071424
0.8563380474938751
0.8540757226794709
0.8539611903398957
0.8543467470250117
0.8634466722953246
0.8562998019759014
0.858690067078031
0.8625524687280828
0.8592603484024375
0.8610733569839073
0.8523889759990708
0.8612088404390353
0.8567093793734577
0.8526425910716211
0.8600841490739198
0.8602685354831998
0.8549754272706561
0.8629435455822374
0.8544412535952892
0.8625202922052022
0.860463024120905
0.8627281505008677
0.8632745004566105
0.8658093812241502
0.8439067289265154
0.8639983573508548
0.8566347645568134
0.8600786991035629
0.8615463748443664
0.8629733736401399
0.8610558456037438
0.8635533679093748
0.8632875446479569
0.8628894798341524
0.8648679594711104
0.8625276949752423
0.8650821675565945
0.8643593253523815
0.8649184195596501
0.865296669200201
0.8610589790176141
0.8641091117250305
0.8631344604688888
0.8621692987981348
0.8621062859090188
0.864487827229558
0.8651179433573221
0.8648662364125665
0.8641320156402662
0.863554069896189
0.8634983002346549
0.8647437141867068
0.8648684763886735
0.8672041013898699
0.8627455470104615
0.8674464208564112
0.8599507779609324
0.858821561971715
0.8650249492495441
0.8696360964172508
0.8670976227535624
0.8695673591447504
0.8711757321882014
0.8672491689433375
0.8655888488756405
0.869079159224011
0.8668382705342311
0.8639888932922608
0.8703886326637017
0.8676289374280862
0.8672996354135755
0.864897832200901
0.8697446108153194
0.8673382000164648
0.8693383072289964
0.8645847205550036
0.8661270621660377
0.8613566916254886
0.8671139790463317
0.8658945066979115
0.8667321237462356
0.8645718295244168
0.8690192350768772
0.8632675380237539
0.8726932426111101
0.8720946967448872
0.8652015372234889
0.8705456288238339
0.8639949176154658
0.8713105583284035
0.8647727700591137
0.8686587584661205
0.8690684060623581
0.8655480698234376
0.863575461348925
0.8646620029215414
0.864421751125253
0.8671315542434784
0.8682741207455609
0.8683649067857238
0.8663192597740496
0.8674468037583098
0.8700612387769857
0.8695472504133746
0.8688153270524659
0.8710948058719283
0.8709886399388378
0.8689317930466292
0.8695930454804492
0.8712066898067048
0.8734133725935412
0.8712052283977917
0.8689568156857039
0.8697526389917937
0.8712040924554926
0.8711086796840548
0.8634889127564407
0.8686131612316933
0.8658902947770266
0.8673470003784346
0.8712590707864358
0.8685775003015352
0.8661821553675507
0.8712235757804337
0.8649128100468353
0.8720991064984196
0.8678801274552788
0.8708609868275363
0.8738532120044851
0.8707519427485081
0.8695967660105642
0.8761332651767952
0.8660771189950612
0.8680992366850651
0.8690144615665409
0.870524122500528
0.8665189367324811
0.8680883558894461
0.8643213159572453
0.8701445454667287
0.8728772971720781
0.8727860261228438
0.8697082925702354
0.8717922042449782
0.8684121185898234
0.8723547318059377
0.872499966496084
0.8573077465521279
0.8723031038666071
0.8668376706545899
0.8758323808648605
0.8715292463661015
0.8703044261544972
0.866895890888275
0.8717053620943713
0.8649892436474979
0.8670241311158208
0.8681463208551987
0.8713569532751194
0.8728375328099065
0.8623059501040535
0.8682166024986901
0.8731384043584447
0.8733934106412266
0.8751653083221813
0.8709599669683294
0.8713874195028528
0.871154972523598
0.8690894465216872
0.8763681754915981
0.8735149756123398
0.8725147273642756
0.8655808206991662
0.8718358742065155
0.8709406112773544
0.8704106048509841
0.8730718304816715
0.8684061389385067
0.8600938939272397
0.8707255863344866
0.8708767623857597
0.8753668295914246
0.8745247134457916
0.8743636329987409
0.8682785687892833
0.8733503214142355
0.8738938634227218
0.8727579721770716
0.8673366428820772
0.8748625350275465
0.8620967325066481
0.8747689474218256
0.8677347778945629
0.8647298914281667
0.8724076552300251
0.8720480720570319
0.8714437443721399
0.8719723404431834
0.8607306789297381
0.8709197941774661
0.8745079742511237
0.8708575790006388
0.8716470142267201
0.8742127632689867
0.8755989511040656
0.8767311537280924
0.8724268258517494
0.8691602706095353
0.8719542930003619
0.8718015023794161
0.8745504763618703
0.8676730285817121
0.8744124338457198
0.8738270151329213
0.8720357489975948
0.8716867211536068
0.8715176125300816
0.8717966267619073
0.867855040999221
0.8746620603568263
0.8747363688519516
0.8633400724067491
0.8736590615967902
0.8688563549909029
0.8767771211010217
0.873251870954402
0.870393450845926
0.8746908418162059
0.8750405397385164
0.8776369719862589
0.8762215623546168
0.8729957095842259
0.8749503599596933
0.8731516208556455
0.8758943216286605
0.8753274353677549
0.876180330201834
0.8721135355182993
0.8726859738567347
0.8754947443523566
0.8751206874875956
0.8752982390979852
0.8720279888524494
0.8749755931948122
0.8743263383538155
0.8718477952189593
0.8719229397165633
0.8748143659687002
0.8680524396913555
0.8685491272708475
0.8779006892872344
0.8744687714784033
0.8761572858892354
0.8651370693071583
0.8715714676821225
0.8792053573080976
0.8675795047929745
0.8746124043622736
0.8732027765493009
0.8752299038724783
0.8724420653473143
0.8710902238125414
0.8712489813214073
0.8739984722214245
0.874034637305749
0.8680650626906132
0.8752606126047479
0.873940488110577
0.8718770170155223
0.8769202306856304
0.8732666573493871
0.8774832432556616
0.8715297058483797
0.8719312997413499
0.8691663396046283
0.8697008642734022
0.8707079217935635
0.8735436358194517
0.8731982327801039
0.8781416877422255
0.8740367113576999
0.8750733608129262
0.8727991788030613
0.8753126872629597
0.8751965722622036
0.870951255950136
0.868400018889827
0.8726185831225778
0.8724092059827144
0.8711789677092447
0.8747756609684483
0.875471968071087
0.8757666940441524
0.8691835127547813
0.8718909482629336
0.8750068124629462
0.8735537252844802
0.8778782831444669
0.8675003589705299
0.8638920510204016
0.8739740047901028
0.8744824857480723
0.8747535228570097
0.876397046294754
0.8723122041683977
0.8768384811302754
0.8753001089355902
0.8738384638996899
0.8754995370077876
0.8720834585741628
0.8662998785562812
0.8704427686104681
0.8739226193553081
0.8714947788135274
0.8730108278275233
0.8739220960560466
0.8780626759354453
0.8742874929562005
0.8744648403522443
0.8719095572952065
0.86496140029777
0.8793772228252927
0.8762014344781462
0.8737118829137047
0.8774917628229059
0.8772560803226077
0.8750760283628201
0.8749370030651299
0.86878732416028
0.8718028999713461
0.875224613444579
0.8778317095101982
0.8673285827971111
0.8709581226575179
0.8784032097389822
0.8774501477682244
0.8728533466583193
0.8717567666742608
0.8770526636889661
0.8749098042669312
0.870601404867066
0.8776232258080985
0.8732462359147942
0.8736507972974784
0.8670784202233467
0.8756001636267448
0.8764691020503759
0.8776202774634791
0.873064727651452
0.8762677786137802
0.8770041308733161
0.8768041731201591
0.873181531875626
0.8747429228561163
0.874483736560941
0.8785451131826104
0.8699878173379257
0.8728454588792078
0.8734788424365069
0.8679893693669547
0.8708480511250615
0.8755659066702148
0.8746913140618806
0.8726441099158191
0.8692566470174174
0.8765579033823638
0.8743824590087564
0.876731638737164
0.8791296065491541
0.8794609379437275
0.8753649214636298
0.8795271353003004
0.8744551337891142
0.8757683532857132
0.8685372828387835
0.8772792139789825
0.8744267033231419
0.878901371490784
0.8773145047706387
0.8774351635405917
0.8754695238806341
0.8731466941845497
0.8746851301962181
0.8772309428129632
0.880209268650992
0.8747952081103727
0.8746582504829351
0.8744063648506268
0.8793441081927607
0.8781142145309995
0.8739499330240761
0.8729194610528144
0.8740831828847957
0.8781154079085836
0.8759811063439824
0.87273807404174
0.8791648909591119
0.8778982897686698
0.8742183536367065
0.8750592253511689
0.879052381617901
0.8727563895158907
0.8730959213927929
0.8784854506851072
0.874913007879483
0.8773667900248949
0.8768658394709318
0.8735583137255651
0.8752285381890399
0.8772053585844373
0.8778377593601964
0.862191226313529
0.8734018600097896
0.87699244598371
0.8817197592057594
0.8743228028929516
0.8776892317137222
0.873540291809537
0.882337998992968
0.8726635421871739
0.8737497008578917
0.871815069870024
0.8637513600994523
0.8739308262193352
0.8779531723741385
0.876749960593013
0.8725857556664696
0.8780611060376611
0.874626125013641
0.874570540421358
0.8751166478725653
0.8719197743942014
0.8703522378382379
0.879722434413691
0.8709570058603134
0.8796515018369717
0.8672059584640784
0.8744185794211927
0.8678348748325602
0.8785967028317508
0.8776414710835677
0.8732388395264524
