0.5552976073098526
0.6493508664112712
0.6912381260525813
0.7230004830945621
0.7381445020711802
0.7434034809611604
0.7462100689159601
0.748526638166002
0.753669546727114
0.756013487081209
0.7650105074662681
0.7671187206481763
0.7713475657969051
0.779296347562606
0.783175143795617
0.7923162437834281
0.7999237450868901
0.8005156284600771
0.80657653794143
0.8061918555489823
0.8112890647684943
0.81520497057718
0.8201617632887699
0.8193875420314605
0.8241128514002403
0.8252685322923508
0.8226807025739303
0.827940964185271
0.831955614011912
0.8365074177670311
0.8340344203280066
0.83586116232424
0.8345946887677643
0.837724618230853
0.8386319808600105
0.8427984193809624
0.8423574376460212
0.8441172547720746
0.8411217557838927
0.8460016426491451
0.8385445196846676
0.8461912684327378
0.837873924444521
0.8449107168497896
0.8501009839940625
0.8522964349918729
0.8515782705725212
0.8516745767817223
0.8502555487271383
0.8519904261761948
0.8558653678634265
0.8556890862110006
0.8577005017929382
0.8546078797381715
0.8497640111781828
0.8505906134152232
0.8483758833068175
0.8567951366353517
0.8542396429822698
0.858126422719867
0.8538035177197427
0.8499119261816193
0.852941541728968
0.8583597567551873
0.8583831010076063
0.8569028086492434
0.8595654573986539
0.8560916884123038
0.8556117846993678
0.8589045240497492
0.8571533541249066
0.8621391899455068
0.8594339305964782
0.859099108412929
0.8615343389613531
0.8608517971819696
0.8622062871215415
0.8573128391473795
0.8607256884416595
0.8562579252715891
0.8619719575412849
0.862920890553236
0.8593174773657115
0.8603473941292205
0.8620241087798769
0.8608277062708483
0.8615079123486501
0.8642659483427048
0.8626702429703997
0.867082415166489
0.8652204461955825
0.8674778060487014
0.8585504801908894
0.8615386402260141
0.8676165824601574
0.8614230038526313
0.8656808921103701
0.8658831089847293
0.8648037914946001
0.8658658656358948
0.8661877584986672
0.8620364382210124
0.8666955693783139
0.8691377878863878
0.8632774168927384
0.8618321153862107
0.8678245811531856
0.863367443510802
0.8603296210994262
0.8641471721737533
0.8655054847506127
0.8671866665900863
0.8564131090294012
0.8664985663514746
0.8671443559302889
0.8614135015038471
0.8686841320986024
0.8698079108808595
0.8684357755454597
0.8675551969041104
0.8656388239551085
0.8672650338453369
0.8693522257130112
0.8649416170330081
0.8694052065723835
0.8691703919830553
0.8668978755964496
0.868173577088682
0.8687709806309074
0.8642733255859516
0.8642834980130583
0.8545909937644426
0.8695775443352537
0.8711871107562887
0.8677947658586799
0.854402484778054
0.8644961808726462
0.8670645081210302
0.8705786094407016
0.8701612144627153
0.8600805434143746
0.8688738280808764
0.8689892857667068
0.8720372997502841
0.8653809969616734
0.8711496182787155
0.8672207831492532
0.8668562094881815
0.8694104012748081
0.8737116595542639
0.8651683268654821
0.8690810801152022
0.868547282960036
0.8707190578571152
0.8644857531776071
0.8732400839576229
0.8733696451967191
0.8730625770191216
0.8724135327741689
0.868051029336029
0.8727858155267996
0.8614630617729251
0.8737960638961161
0.8739248146595268
0.866353548639071
0.8748030129274063
0.8702372906882725
0.8741339492948542
0.8757612887456836
0.8667371525245042
0.8594577215677791
0.8661148284503768
0.870041481039017
0.8686854977820407
0.8728744892248215
0.8724026200700583
0.8739073479512515
0.8722248387185296
0.8720485060125169
0.8742767142677543
0.872122355025364
0.8731977732978257
0.8764165423830921
0.8766111905632552
0.8664401355217453
0.8710050089950039
0.8635426147477219
0.8703107057456344
0.8745577195894527
0.8707414576181842
0.8696536269425093
0.8744859446285564
0.8702160970681839
0.8769929692829714
0.8683803377322381
0.8776484845700108
0.8672823793013444
0.8777422508632841
0.8721196555669788
0.8719529528437165
0.8750037620111539
0.873336243387763
0.8751324808660731
0.8717894218245148
0.8746405285067272
0.875296279916604
0.8711985531413591
0.8708518418538579
0.8763320678425585
0.872058889035668
0.8737574482396404
0.8711256294747669
0.8720059847566756
0.8677868972246633
0.8715240006100904
0.8702280755159125
0.8711486099703825
0.8714842617747119
0.8737164713547898
0.8721073899428263
0.8674358846725009
0.8745616124254219
0.8743428541890426
0.8691954082404317
0.8702120319263603
0.8730877145287659
0.8699663620682062
0.8743132048186928
0.8765595370971313
0.8706930588181989
0.874105276324346
0.8688235020080015
0.8750556196916237
0.8771377381091411
0.8749629893406492
0.8617631100823813
0.8673793300620749
0.8698289130499985
0.8719175025096029
0.8693831258962298
0.8687927868940338
0.8678823865764805
0.8724355304882447
0.8754843996193955
0.8745615230816456
0.874562518626582
0.8763479391262562
0.8746883848623563
0.8684185832502118
0.870979450293271
0.8754761736102735
0.8746403753459678
0.8756170878906636
0.8792786192047
0.8725731071404184
0.8730471779810987
0.8757537966318671
0.8722740990477869
0.8769559426693749
0.8718361869097329
0.8712802452614294
0.8736333561159964
0.8717820062910783
0.8744613750900618
0.8773182827360384
0.8752902492117007
0.874409989655267
0.8687370491409915
0.8661004185755922
0.8767695268800324
0.8749114698901901
0.8733401426054306
0.8786131165598051
0.8747243584957316
0.8711004855834243
0.873379166690598
0.8770523701308441
0.8709173180785217
0.8752603828636085
0.8717437735365011
0.8752172936366172
0.8775103080381959
0.8777648229302077
0.8772340953719286
0.8748902060714201
0.8779592668960249
0.8765054330588565
0.8750126070450122
0.8630128316807926
0.875345202015851
0.874288839494544
0.8771671258298601
0.8729291165623578
0.8779336890491973
0.8759891409021551
0.8796155920205797
0.8782481599968346
0.879099989087296
0.8761905153923373
0.8802815669111496
0.871637205556417
0.8727254191339908
0.8719904261761948
0.8793609367312046
0.8722489870649355
0.8718639855875725
0.876376356828832
0.8721341930757296
0.8786291920578488
0.8701012520253915
0.8791044052225266
0.8698770757271467
0.8707023314258436
0.8687139091029183
0.877595982338012
0.8719167111790124
0.8785168550224923
0.8753136126092148
0.8692559705573966
0.8724108779876718
0.8718354530144271
0.875183317474813
0.8732238233903282
0.8777566607380689
0.8727795806075503
0.8735873249260839
0.8771242089087232
0.875277709174521
0.8757547602683122
0.8728391729063723
0.8748825863236376
0.8763351757296355
0.8785932758597582
0.8740905346012491
0.8769844816242188
0.8791421529680321
0.8703788941920801
0.8716182519124355
0.8777871142024058
0.8722885918846496
0.8758437019976629
0.8737220106689233
0.8742350034875982
0.8744353249975589
0.8728076473167192
0.877321996884455
0.8771092629712804
0.8769343980558794
0.8720145489958078
0.8745246496288084
0.8716117744886505
0.8793693159010861
0.8743615972369798
0.8729908467301135
0.8754636527181886
0.8769780361089254
0.8784346651299537
0.872292223070988
0.8800447612319485
0.876747433440482
0.8761616062989915
0.881366340753334
0.8797910185254321
0.8748096179851576
0.8725153080988218
0.8721946469038233
0.8770204297308009
0.8761180894982135
0.8734702781973743
0.8777645485171804
0.8737834536602549
0.880604097943753
0.8741841924056514
0.8824967245933423
0.876407595242061
0.8799138024009227
0.8797718223769145
0.8757219519572987
0.8726704280396509
0.8765643042257691
0.8782819383259911
0.8755143425478675
0.8791702324405976
0.873010949079791
0.8722938121138674
0.8822641627435177
0.8705963314169094
0.8796194912382472
0.8801562877916198
0.8801454899580786
0.8760140869608503
0.8774397583633753
0.877767579823878
0.8650372786906797
0.8769514371903679
0.8772914923665316
0.8761568391703537
0.8819489196103846
0.8747102868509574
0.8762744921604028
0.8797317708383189
0.8735762590612138
0.8755422624779752
0.8739920011793378
0.8770922174550935
0.8776984596494788
0.8783441790296118
0.8759657838863395
0.8775255411520625
0.8763221379199875
0.8726675243669194
0.8770125993869741
0.8720064314755572
0.8773330180774367
0.8792159254004994
0.8670449737425023
0.8762006686743491
0.8737881378268149
0.8774019978544729
0.8761283193606049
0.8809614858125274
0.8751253971809487
0.8784046583844987
0.8718446809501837
0.8756390983681359
0.8778427051763871
0.8802902077306617
0.8797982170811262
0.8819382430291114
0.8769184629551985
0.88109109810521
0.8808345857416268
0.8828462948816864
0.8783075672264054
0.875081561295255
0.8781582482493406
0.8797168631910661
0.8789067065905715
0.8804453659616805
0.8766343497464233
0.880425984743912
0.8741699356916262
0.8794527948966834
0.8798077258116085
0.8762030043759306
0.8804759470599834
0.8767556849763973
0.8792262254615721
0.8776782041390417
0.8822922677428763
0.8789571347706195
0.8759979476458234
0.8788537767847855
0.873064153298604
0.8756154669392927
0.8738413739541194
0.8830569930330999
0.8794351558825536
0.8812202828241058
0.8756977015037195
0.8774854832317687
0.8744412663586859
0.8761875351392264
0.8776427474232298
0.8816297644961871
0.8793031695980998
0.8730964638371493
0.8770437484564266
0.8774610604723351
0.8739167737196559
0.8734092883066227
0.874610968480154
0.8781486182665902
0.8787026900772887
0.8789316143590764
0.881390342320679
0.8827443025792912
0.8820658195600329
0.8785830587607635
0.8777398896349095
0.8775047176704759
0.8747727190055272
0.8745912617957715
0.879338690130895
0.8741414095001789
0.8816326043519354
0.8691218081138188
0.8747642249650762
0.8810314292260085
0.8793592264360576
0.8741938160067033
0.8821556419637506
0.8739929584340844
0.8784062857175678
0.8832525729412163
0.8713989639950963
0.8805806515841609
0.8761550331497318
0.8753820307967997
0.8791186108829654
0.8813167932476527
0.8769695229233795
0.879884031778305
0.8807720514798839
0.8768603831188764
0.8702296007418084
0.8811398096084125
0.880209166543819
0.8793798584666949
0.8840300999182504
0.8749234291928236
0.8823176413753582
0.8810617997282673
0.8830696862310391
0.8789672433807431
0.8832695674038167
0.8810736505420295
0.8742052775368686
0.8752735163987312
0.8732278566236604
0.8775930467567891
0.8789397829329137
0.8775571050319052
0.8759630780462557
0.8835406683297372
0.8808315608166276
0.8813811399117156
0.8813787340114526
0.8839503797429579
0.8858020167443001
0.88181108130858
0.88276213304437
0.8815555198180449
0.8757822526246329
0.8829887790598611
0.8762892211201029
0.8802418025489779
0.8785635818175206
0.8768979138866393
0.8822390188521749
0.8769020492271444
0.8814226337141293
0.8830684035096789
0.8798776245532012
0.8731089655841393
0.8799920356405089
0.8788871530669485
0.8820183652513974
0.8800525724306805
0.8764851328765313
0.879336182123459
0.8794237517876733
0.8781286052606894
0.8755308902915862
0.8804401840226526
0.8771092055359957
0.8865658549784586
0.8784661779562101
0.8813204754875776
0.8791921152841037
0.8803403934061741
0.8798892392441262
0.8805958910797259
0.8813867238977371
0.8783388247847292
0.8657738351645616
0.8833464285782661
0.8787432585334474
0.8775049984652015
0.8830535405343142
0.8818950899851371
0.8827318965577758
0.8803779305556352
0.8798395002874956
0.8779044417258409
0.8793971401057192
0.881280360131999
0.8808426841167825
0.8844897289756545
0.8776910441160423
0.8796810873903385
0.8800873080145833
0.8789501914828577
0.8849254330460932
0.8751419257795723
0.8777225314155054
0.8821602176414391
0.8765152736376509
0.8787473045301761
0.8831962097817396
0.8805953996889562
0.880422385466065
0.8802719433100975
0.8848814057094503
0.8770769141425454
0.8812289555521096
0.8764788788121871
0.883508542860443
0.8824156834064996
0.8781191858739832
