0.5320745073117318
0.5309226893580405
0.5405883699484495
0.5460061057106285
0.5494748214334522
0.5509083529065782
0.5523733023617077
0.5544953833817302
0.5561092572291418
0.5601030100586548
0.5650146416005859
0.5722692462579194
0.5757483188632528
0.5808554302473814
0.5848239792243968
0.588187029484933
0.5921504758027607
0.5961272787099224
0.5996576494595399
0.6334510393030555
0.6572770854075517
0.6692308855270953
0.6853111581364097
0.6944340117798676
0.7029652348251336
0.7111557732723823
0.7167851367722325
0.7196965638036251
0.7251672270245318
0.7281354653455933
0.7307945191478801
0.7322304756471549
0.729863069130271
0.7341034989035092
0.7352427812402604
0.7396227194839383
0.7330994117745427
0.7428049158412358
0.7431245014487259
0.7441828422225951
0.7454214937948886
0.7467744120940903
0.7477169957603975
0.7474990970566698
0.7503644233305501
0.7510735035024703
0.7519024582742675
0.7534035936664581
0.7519138129539946
0.7548596513590429
0.7529380075914432
0.7573142451441757
0.7584522518161299
0.7594304909450281
0.7588992902302113
0.7604699430386619
0.761319965225125
0.7621467602080085
0.7628863174012652
0.7629068922324949
0.763470426629293
0.7646824660656745
0.7652468403803836
0.7657516436751453
0.7655091157995961
0.768484041888083
0.7670436837137418
0.7692972908264646
0.7692604481114882
0.7691991972557191
0.7692243695323553
0.7712973311425243
0.770842821879657
0.7710539696642366
0.7711509328191469
0.7708938042653279
0.7725945748830645
0.7709818567121769
0.7731764990614897
0.7728833298195714
0.7745185805250899
0.774743653264507
0.7754373812526584
0.7757174401969605
0.7740320154478207
0.7766072732293634
0.7766855876805842
0.7771690267475838
0.7717975496222238
0.7773910745194875
0.778911300677426
0.7782823663566825
0.7775133488848239
0.7762076554437972
0.7790859972877092
0.7786033286717257
0.7794306920201128
0.7800662572717314
0.7800510250762355
0.779204299409693
0.7798326906256219
0.7806165424371239
0.7799745672856596
0.7811055009646806
0.7813582404737774
0.7814680865801023
0.7814522670735861
0.7794100477219885
0.7803453499946775
0.7820877628583095
0.7820103956829281
0.7827765397514075
0.783330582444296
0.7819470166141067
0.7829421235681169
0.7813654081942948
0.7831589360622153
0.7825207563292803
0.7848994354286519
0.7845573236017035
0.7854919375206159
0.7833877031774057
0.7843824438514244
0.7858829098353552
0.7872229451831427
0.7851490868185127
0.7878582704582152
0.7870715452433341
0.787897266646933
0.7889132010390631
0.78882167524747
0.7843286764747859
0.788884706981817
0.7900818236661434
0.7887376771412135
0.7876522758542016
0.7886434800317537
0.7907547999982417
0.7904897143273727
0.7923873099189986
0.7921221484660623
0.7895829376877912
0.7900442420760123
0.7924388606701732
0.7910127305789382
0.7929621863651792
0.7941369094486648
0.7941698809630445
0.7943947137259157
0.7943647987549108
0.7932910110696886
0.794704662380534
0.7959363167419612
0.7951146054727485
0.7953283740538167
0.794286705334719
0.7956511993446771
0.7969130654902057
0.7965031981800583
0.7972202670448899
0.796679328334445
0.7957173002527433
0.7978237701669343
0.7984297551516775
0.7972422312140172
0.797675420455328
0.798364222609115
0.7945287090509705
0.7990890275599674
0.7992831938463345
0.7996437522914603
0.7983305943168199
0.7991388353235978
0.7991228074163969
0.799244134505894
0.8005489311924596
0.8005499289896769
0.7984816721828434
0.8006409116764555
0.8001238758930221
0.800665585054483
0.7993173336675827
0.8010212050348999
0.7980884011454004
0.8015457937643585
0.8018161526040664
0.8007257054944171
0.8003444017084106
0.8023090517991143
0.8021547216193757
0.8011214962855925
0.8016666282704193
0.8017290726937458
0.8032567697004704
0.8023526454332388
0.8021829883304206
0.8036179154566165
0.8027402012397845
0.8019146377154921
0.8026749276192846
0.8037633917648435
0.8017229154007905
0.8040574767067397
0.8043031305925586
0.8041468111335578
0.8041418284626429
0.804538787560687
0.8049808180431645
0.8038558269412421
0.8044490363324995
0.802737270999855
0.8052741199037003
0.8019195888105455
0.8055237586632165
0.8050034895115851
0.8051251134141787
0.805638606385973
0.805971788559343
0.80590971673118
0.8061536718356603
0.8053829555824633
0.805855841996613
0.8070160907052739
0.8064881359889997
0.8066020301207446
0.8070829431188393
0.8071359274141173
0.8069196011882831
0.8076702036178257
0.8068241094685096
0.806844873754907
0.8058302781792964
0.8081782023897521
0.8083876766536822
0.8074924125731341
0.8075543265219906
0.8067396756153667
0.8081371411397047
0.8076434083419183
0.8079906291432267
0.8087206125353341
0.808117336759491
0.8077502294807295
0.8087574741958272
0.8089742172230308
0.8088870552154708
0.8081554677696089
0.8093199981650635
0.8095233656574162
0.8084133541440994
0.8101514979512823
0.8090704288724422
0.8099917304082264
0.8081391935706898
0.8103409594343143
0.8098144130014544
0.8108732589891046
0.8083717497892374
0.8098563773211351
0.8101074685702718
0.8106907189348719
0.8106166735401001
0.8090732580696156
0.8112698202312959
0.8098715400497363
0.8104635874492973
0.8102199038972242
0.8107803249140971
0.81019965113978
0.8104205874413655
0.8117686556882702
0.8112226711551879
0.8107694122964286
0.8116616514094631
0.810993190425532
0.8117190247494632
0.8116709473430328
0.8114736550463961
0.8098601411638034
0.8123842271045071
0.8122645735356593
0.8118077023983661
0.8121542032700365
0.8132165099720865
0.8128307350441186
0.8116586832784999
0.8122246490166191
0.8125047837429885
0.812609123019101
0.8125302212568598
0.8134558423704712
0.8127935134188063
0.8130892529358351
0.8132365101226402
0.8134964236674267
0.8141070629341269
0.8133800981943609
0.8130823567677251
0.8133669373753669
0.8139230893357909
0.8141930376893016
0.8137952513036915
0.8144796138913784
0.814295899215105
0.812713790684171
0.8140512873327092
0.8131607975223911
0.8136670659371178
0.8119660111366294
0.8140361372344527
0.813491680973058
0.814415148612928
0.8133599527948452
0.8139761999345142
0.8144909685711055
0.8148436583115929
0.8149576282254046
0.8153721245568201
0.8152135442661493
0.8157442397671854
0.8150458764425937
0.8156863233223708
0.8145146504670879
0.8154604927622822
0.8147392369382407
0.8156039734760743
0.815051522206596
0.8141737700987304
0.8153481395325691
0.8160007810099841
0.8150105809448216
0.816443493531066
0.8168681572898231
0.8157676501107605
0.8166389481125744
0.8151607367956948
0.8166042399258225
0.8170295730928395
0.8174906753955482
0.8164555618252586
0.8171157941397323
0.8165612272875461
0.8160178067144023
0.8166964667015367
0.8174949191913083
0.8172518671564613
0.8175953241151016
0.8174588216666588
0.8155204553229096
0.8181441252150126
0.8180502122883048
0.8171583899766395
0.8181948991999991
0.8178318588921742
0.8170868769659447
0.8173972487371044
0.8188223810311221
0.8178576311101755
0.8179962744020152
0.8183801168872706
0.8182356762672948
0.8189231585500789
0.8196715632996745
0.8177612363207685
0.8188707615658212
0.8188335399405089
0.8182726263401996
0.8196159582079079
0.8191215623170337
0.8185086432731467
0.8202504625105862
0.8166692104180537
0.8197773108592015
0.8198271249380041
0.8207313881390252
0.8176044053328144
0.8199170593061869
0.8209886682569786
0.8199933971084897
0.8192639189301635
0.8198293731393294
0.821131454301822
0.8214812264327244
0.8212457399742472
0.8217626810300965
0.8224086347400859
0.8212505458203386
0.8221390968727722
0.8219292942198845
0.822547334868476
0.820833466583468
0.8224566868858273
0.8224099798717778
0.821756132196461
0.8209023209066404
0.8232138697248672
0.8224673279510888
0.822806490592591
0.823363703501955
0.8231919497619458
0.8230914627409132
0.8223675482293495
0.8208992833087825
0.8228107912249013
0.8232995224062564
0.8223308381329906
0.8234811846515447
0.8237056637647693
0.8227195243553712
0.8231035626109671
0.8235728935831333
0.8219116748892735
0.8234222514639957
0.8218485610576874
0.8242064632403169
0.824409066596826
0.8206745768493564
0.8244612488652266
0.8241652820019965
0.8244779714413765
0.8236908483706427
0.8244683850098828
0.8248729286298132
0.8251381658648166
0.8241084833426722
0.8252690541251184
0.824176573530001
0.8222573737340669
0.8250845311067956
0.8248152269008555
0.8255573417388781
0.8251174268391082
0.8251988546702542
0.825065863457589
0.8256561804999503
0.825612201640318
0.826147431435038
0.8254180985056736
0.8256953724590084
0.8254919860211389
0.824718604765247
0.8257646435835501
0.8256651417293901
0.8254513920938387
0.8254919418149329
0.8250551655557773
0.8238940579836886
0.8256383211927935
0.8261275765334464
0.8256122205858348
0.8258854465137495
0.8267347992919529
0.8238759208089523
0.8256684887706891
0.8261542391907365
0.8262154458402995
0.8241968515481342
0.8271029422589655
0.826124027406635
0.8257595472395346
0.8261207877232648
0.826691363537135
0.8275600281121156
0.8266358215970907
0.8268123496073301
0.8267873794162063
0.8266329987150898
0.8260292114102936
0.8264847374158951
0.8269161963000063
0.8260714535975541
0.8275200909627307
0.8264665181439194
0.8262825824366168
0.827736530861666
0.8260710052203234
0.8276479289948303
0.8262451776713091
0.8273446049559148
0.8266328660964722
0.8273889816713998
0.8270855565897284
0.8276673418343635
0.827726312912946
0.8276362711868346
0.8270944167764117
0.8273640493713094
0.8289171144250104
0.8279986105105384
0.8282743372466688
0.8279522887219966
0.8284878658511909
0.8289901115011866
0.8279517140413207
0.8276925330565168
0.8288928199573186
0.8288999118957686
0.827427074790484
0.8281910401245332
0.8286988494412916
0.8289798935524668
0.8292748815639963
0.8294848610417074
0.8282856540353623
0.8294700330172362
0.8293016642095594
0.8293944846114661
0.8289416867602818
0.8281948986947854
0.829600435009274
0.8290865504967995
0.8300587649513597
0.8290744253660564
0.8295617545791694
0.8297853053620713
0.8294568974589314
0.8278573653677266
0.8290305728098691
0.8282020790456472
0.8304325221065131
0.8295444888982051
0.8296783073984364
0.8288245971513724
0.8299790359015522
0.8303927870426406
0.8292082186055989
0.8305077610688423
0.8276964042571133
0.8292850489913383
0.8298545575410963
0.8311004905070078
0.829677044363984
0.8308963083574332
0.8308802867654046
0.8303083721350146
0.8287172707987799
0.8293072910280449
0.8304979472911475
0.83018989950338
0.8303914355957768
0.8293331895494912
0.8305206819112904
0.8293418918568682
0.8305319860696394
0.8301325009026909
0.8290265753058274
0.8312148140704666
0.8296365577946127
0.8304267500390656
0.8305647997047126
0.8305728515493466
0.829382889955193
0.8317031095049354
0.830789588261378
0.8313135075825768
0.8304376942325956
0.8314631013831186
0.8304739370062073
0.83108212598607
0.8317236022389256
0.8307697144142694
0.8313909568551978
0.8319600170277254
0.8320843943454251
0.8302891992720273
0.8315393381426656
0.8317790620817304
0.8312189568234704
0.8310596502879894
0.8313304764504449
0.8317158282618711
0.8315845295153722
0.8325840697203101
0.8310453843138498
0.8313082028378767
0.832839076376249
0.832301048960217
0.83239681854757
0.8319220438969139
0.8316408292760877
0.832390667569787
0.8297611119371356
0.8320023665729142
0.8298003354720547
0.8312394116664269
0.8330098323190409
0.8315909394152181
0.83240265376674
0.8330627850384577
0.8320575738088285
0.8326449985022937
0.8330639786060151
0.8334948249184168
0.8332476427609106
0.8319904624732004
0.8323752143432617
0.8337361971174421
0.8335720026386304
0.8330499399780767
0.8323409671640849
