0.5190873396491766
0.529927454686745
0.5353579935942367
0.5416403841303954
0.5641243540163079
0.5803264718594265
0.5960501704010968
0.6065126926091401
0.6114480868676981
0.6215115854924246
0.6290312350511997
0.6322374758303024
0.6370308424638944
0.6421934809223981
0.6454243834154814
0.6483285358275662
0.6501698113183356
0.652172179663439
0.6525973265855841
0.6546359278413763
0.6560258176797372
0.6556884579973252
0.6575636970338887
0.6580278142079935
0.6588087513890244
0.6591136988993838
0.660369234643227
0.6608962657921192
0.6611296000955954
0.6586352603660293
0.6605209487381242
0.6621634304283881
0.6626268873070575
0.6634612058481919
0.6634363838683286
0.6637553001529963
0.6647050678251625
0.6650809746576047
0.6655177376509047
0.6634534553901199
0.667147936563943
0.6672613471129512
0.665696658481995
0.6678880059449668
0.667710764700324
0.6695457449472334
0.6686099973344578
0.6702116304566206
0.6697904517177233
0.6720813435255597
0.6726195227692302
0.6737447367081567
0.673609574873592
0.6742764027463674
0.6736021000728376
0.6738488326040808
0.6762261461863324
0.6749886499702098
0.6766744547337991
0.6776842131310582
0.6761773356091944
0.6786609439352761
0.6786175695768686
0.6793351183961001
0.6796608684179923
0.6800444167277067
0.6807787870539528
0.6792844936091735
0.6816929821108657
0.6813505387946647
0.6817332473111553
0.6813136455885407
0.6822706188147787
0.6800802585896424
0.6826005421602481
0.6830945264841934
0.6837216789351268
0.6841717888711114
0.683350951896003
0.6841254527991976
0.6838103700744365
0.6847898189880197
0.6852050422467277
0.6850172875602006
0.6829826865408327
0.6819017700917964
0.6843021876036519
0.6856941544878485
0.6859020898542851
0.6862644125505366
0.6864645397631834
0.6865161133241338
0.6866187027207633
0.6869017643222246
0.6850499369257592
0.687405063299254
0.6872138532803027
0.6878092410333483
0.6875930423580162
0.685237531346404
0.6879973418941812
0.6880340556025171
0.6885397201039702
0.6884357203675756
0.6863492573086691
0.6889626553569383
0.6887222629440023
0.6886223211397494
0.6894225927968306
0.6893318887180383
0.6896547026689654
0.6883617672788096
0.6887356483504987
0.6896145849132878
0.6898786197491928
0.6894632105820613
0.6900482643910107
0.6902377563597029
0.6880734297245004
0.6898957169135252
0.690886358796334
0.6908734349555788
0.6907778459726914
0.6911986208415651
0.691303537298807
0.6914760859584137
0.6912109164400615
0.6903561415617
0.6918477168971141
0.6912980754375355
0.6915948365666228
0.6920491775219023
0.6913577648627695
0.6916816686216968
0.6902058185746619
0.6914745153527664
0.6927223519236201
0.6923147893740899
0.6932830709609888
0.689955226840971
0.6937896329513834
0.6899805937248342
0.693493564170908
0.6932610055543027
0.6930783088590237
0.693571947008663
0.6936270143658491
0.6932719420981163
0.6930064392267287
0.6940653159116199
0.6942505255759347
0.6949061156050378
0.6930377167163342
0.6945020981368257
0.6946131880358569
0.6936719465086334
0.6937568681943894
0.6919481523202845
0.6949521503770927
0.6951282825818296
0.6954043373589132
0.6950502523290158
0.6954100492349613
0.6945331127903841
0.6956556150305806
0.6965004341923284
0.6958384335279304
0.6958112460236432
0.6951719774720019
0.6959262015357575
0.6965913241795445
0.6957772440140373
0.6963789654747543
0.6959718324377888
0.6961365088372531
0.6960405929119656
0.6967503592199489
0.6959204832490741
0.6955807836847794
0.69676059059388
0.6972643960110977
0.6959555686560449
0.6975601314385376
0.6971426836893821
0.6973826786429301
0.6965366286392055
0.6978124989182052
0.6972695309299691
0.697452509693201
0.6979651681977614
0.697576491379811
0.6973441955992528
0.6981383515102623
0.6970798722847594
0.6972944234268206
0.6978373914150567
0.6976302125035853
0.6982982968608785
0.6983025983971617
0.6982881808783826
0.6978741756403808
0.6946842819812812
0.6989983382351188
0.698711705909798
0.6988155774334868
0.6989938315585061
0.6989479314097924
0.69591713689745
0.6977713426396098
0.699419081050816
0.6985935002055892
0.6989711314989258
0.6997319200532237
0.6973674277415627
0.6990101594466032
0.6999514394376385
0.7001991912598937
0.6999169886835619
0.6937708305580624
0.6983485177777815
0.7001401493088244
0.6992465964975623
0.7009183555592197
0.700765808081734
0.7018451923889348
0.7026746644897859
0.7020937968256842
0.7005097993612187
0.7007528650090729
0.7033138048287213
0.7008437614069242
0.7028089544779507
0.7040226223626807
0.701830108164085
0.7025391564809151
0.7036429332554142
0.7042758552781132
0.6989988318540366
0.703723309800746
0.7054270963963384
0.7050794027698304
0.7032433968212737
0.70325243581704
0.7050563629465793
0.7058092920620052
0.7048630694711572
0.7047799491739191
0.7060695253911802
0.7044969580894461
0.7045538652989618
0.7032713023167139
0.7066895620369357
0.7062726848343216
0.7066307316368313
0.7064864410576062
0.7074773778296384
0.7068300062349839
0.7070115297840038
0.707070546092532
0.7082141329122145
0.7066038903068502
0.7083527885430152
0.7084872387970622
0.7083853032852326
0.7080680024806595
0.7087477734260961
0.7089279571523394
0.7077876653991986
0.7074661463966012
0.7085265424020574
0.7086326063630171
0.7073203493180814
0.708047430751997
0.7094595847267384
0.7096469547751476
0.7105133521352992
0.7082453719380082
0.7095181138269839
0.7097273184992088
0.7106032228315032
0.7109125552164045
0.71183755219379
0.7126261629052691
0.7115957302091829
0.7110912068008123
0.7125722045879891
0.7135401656431233
0.7142067883755693
0.7144002485275092
0.7138776407169706
0.7150913983505949
0.7139736207486109
0.7129222637389211
0.7155113077837035
0.710109347488358
0.7143928955288255
0.7169361163525177
0.7169044349928887
0.7185541286478598
0.7175287283004803
0.7181227057137607
0.7172920796985565
0.7166634207483289
0.7188033549162328
0.7187818408241821
0.7187935786974077
0.7179500608946248
0.7197501736961633
0.7199747190186497
0.719824383210341
0.7206552143658747
0.7204204825439042
0.7211792196949076
0.7200177600240218
0.721730508687757
0.7211371659273709
0.7187808087118994
0.7196891444481527
0.718893706410084
0.7220500788572248
0.7226662563005326
0.7224020163242981
0.722286996705831
0.723048419913023
0.7227819233931647
0.7212358063726586
0.7230532343001298
0.7237127219954923
0.7234642329501781
0.7240417542626557
0.7238490249231397
0.7234085822251801
0.7239526079682402
0.7243775112862441
0.7238853988678049
0.7234621046192602
0.7238614295024359
0.7218868769038785
0.7253655248085815
0.7246478285447384
0.7251084519226072
0.7249423010770253
0.7247480844701206
0.7262837393338247
0.7249197869258683
0.7260037291947639
0.7236020039133083
0.7263390246526109
0.7260285127108154
0.7268702098931745
0.7255773386093716
0.7253592039221806
0.7267316824750796
0.7248846117700034
0.7256335534702756
0.7255055971897826
0.7269589138537547
0.7276917840913418
0.7276043494365501
0.7270600480361724
0.7268970768656967
0.726508675705064
0.7272856959879296
0.7278140413170573
0.7281359834215843
0.7260589183540206
0.7280106234483859
0.7279140279957573
0.72810484055532
0.7270830622168822
0.727321877613536
0.728157343658388
0.7279192654847935
0.7284671888941128
0.7274073634351979
0.7280769094173387
0.7293157518668733
0.7298998184379871
0.7279680568300255
0.7280078155901266
0.7290264911810813
0.7297446874744776
0.7279881477610408
0.7292866796358093
0.7296788053755484
0.7297993509616402
0.730009401837724
0.7294934226240807
0.7306311437124682
0.7297959981993808
0.7301062537157644
0.7304948087316443
0.730006254215794
0.7311379877708156
0.7308722348846516
0.7306385159430577
0.7307006606416098
0.729767797814717
0.7301568336282439
0.7303679422591515
0.7312851182614767
0.7319366054839906
0.7293722808489065
0.7321930308958005
0.7315070288128568
0.7317624285230191
0.7322409247520911
0.7313785789134459
0.7325338715531776
0.7316279141626191
0.7327408196817786
0.7314447494909635
0.7311152236048822
0.7323951133522122
0.7324999913456425
0.7326363647902779
0.7329663971165474
0.7322901263779821
0.7332967179214054
0.7329619737781938
0.7334009227981295
0.733530975356364
0.7332861852476152
0.7338901119668739
0.7338796113462605
0.7335582461989101
0.7325604115833
0.733121137031304
0.73402638925198
0.7339597827512625
0.7327605964916645
0.7329870201302924
0.732240097780138
0.7343314970282218
0.7330001811645535
0.7351617896903907
0.7329240548704224
0.7344719027624581
0.733854936811009
0.7341593009535563
0.7353639618956966
0.7348784331997058
0.7356158485777172
0.7355078870687101
0.7349465654316236
0.734457087784291
0.7353881107588538
0.7359339635329729
0.7356016297886324
0.7360891906560119
0.7356615179435605
0.735618707721059
0.7360080640663506
0.7351091327320756
0.7359317775063373
0.7368791155477267
0.7358186426146468
0.7358384514777091
0.7363084792575562
0.733960135336204
0.737023822818246
0.7354723721491745
0.7370970130414117
0.7369137778527679
0.7372392329854367
0.7369476452390327
0.737559316005728
0.736257841649359
0.7376021454601355
0.7378481984640375
0.7372805431192793
0.7373003712142474
0.7354356456195681
0.7372849792789036
0.7378855468252675
0.737946768392337
0.7382724927716882
0.7370656393922769
0.7371308740170412
0.7383518307941019
0.7381601079243274
0.7364292363946124
0.7387779329009061
0.7381625439657395
0.7378554296606504
0.7387338405513454
0.7386661250107218
0.7385785941964006
0.738030125883081
0.738591370592544
0.7364190883589403
0.7381862889588731
0.7389513982813599
0.7385584135164912
0.7380615123534866
0.7386020891747577
0.7388131401099475
0.7385146288774246
0.7382338109983168
0.7393183302243889
0.7394951099032905
0.7402148511597928
0.7400136918348635
0.7391990988185327
0.73988974220143
0.7370729090527016
0.7390862780479718
0.7407047070346081
0.7392814306076295
0.7405525441952403
0.7392965276537498
0.7410446630243146
0.7403142416494104
0.7373944088233932
0.740283880880652
0.7401421930193567
0.7398463357898459
0.74020219656572
0.7394010530622387
0.7395247462702603
0.7413007999575361
0.7418440692456311
0.7418451782855372
0.7411800876949266
0.7427963306549271
0.7424958000722863
0.7410599908533057
0.7424762348133652
0.7422067573480947
0.7436049104953512
0.7436999225210619
0.7437495023744352
0.7439166789216646
0.7430630707789269
0.7442259920746597
0.7435117319113347
0.7440927470200482
0.7442287999329191
0.7443762637766154
0.742426026717733
0.7436589585615252
0.7452021523323367
0.7439108324222752
0.7445433826281272
0.7449410663886673
0.7447410866206323
0.7439794775050166
0.7442493139658639
0.7453131396612029
0.7430082983109643
0.7453826950541563
0.7454011448625361
0.7449052181160963
0.7449003973183543
0.7456045863736305
0.7449753889300381
0.7446472285092747
0.7453776242416379
0.7458739548581012
0.745356847372646
0.7439139672229347
0.7464253977061976
0.7458035660825595
0.7453776178310025
0.7452285833816589
0.7449821393290038
0.7444084002913506
0.745904456660836
0.7456227541140572
0.7446830960137516
0.7462161673914317
0.7452408148738021
0.7462653433747815
0.7460507794114498
0.7459931413895102
0.7461396115847361
0.745346968583656
0.7470098360941589
0.7467136711541541
0.7457028998765184
0.7457314528461233
0.7468213377739377
0.7475464703747234
0.7460163607105497
0.7463639133030812
0.746232065766964
0.7467166328676605
0.7464748493468651
0.7469473324000302
0.7470625699800976
0.745038681132308
0.7470416584877646
0.7464327699367872
0.7466293520681159
0.7462993325631169
0.7480030678736269
0.7469512428875603
0.7477876000107186
0.7482374599319268
0.748012972305158
0.5282960071287686
0.5444534890341581
0.5700629145247497
0.575185011812656
0.5962446272408947
0.6059592441011618
0.6111691601745433
0.6269185114421574
0.6383748338667633
0.6454937759935647
0.6488210129122032
0.6516321297473865
0.6563820739338941
0.6592629229011941
0.663391346779194
0.6653713679991833
0.6661367353014744
0.6706537443590986
0.6739012774886186
0.6774260466804398
0.6801991019724001
0.6816124691004937
0.6854333630348515
0.687619587259539
0.6897469730242616
0.6911030804854558
0.6939768627749949
0.6968661677579536
0.6993095836881829
0.6992896340590072
0.7009281055023793
0.7025800345778415
0.7045439142175292
0.7067327466083608
0.7081555233431249
0.7103953381196277
0.7128585773755872
0.7149451671274974
0.715911388483581
0.7183578041206348
0.7202820686847229
0.7215551758368778
0.7241459942028738
0.7250354862159745
0.726997218697093
0.7276467404794105
0.7297049372168308
0.7292566168227803
0.7312851069898803
0.7313739298877451
0.7334710280862993
0.7341130727046585
0.7356947707493953
0.736740904295282
0.7366423244562725
0.7378730883784109
0.7383500733393585
0.7394106749448977
0.7396957797118372
0.7413391959350903
0.7422780157587292
0.7412476890890141
0.742509706798677
0.7434622242309523
0.742692688914968
0.7439642362195742
0.7447441094725512
0.744642403623272
0.7458529716245164
0.7470688633159778
0.747881259706104
0.7485109202716576
0.7485982212130071
0.7469753292996055
0.7498657583832269
0.7507229546053797
0.7511512874792212
0.7513684978291721
0.7519694622519673
0.7515799929482261
0.75239908342095
0.753266838611125
0.7525153520574654
0.7541644329902377
0.7546338713203324
0.7544134718083889
0.7548224234185583
0.7559295236374625
0.7547555204836149
0.7563297729402547
0.756946266371642
0.7552314634411395
0.7564935758783862
0.7579969973629357
0.7588357722276002
0.7593047179742585
0.7604723175434324
0.7612746538641452
0.7617015216180218
0.7614583180190406
0.7629646255373137
0.7634873386606106
0.7647311181527807
0.7649285683287241
0.7647666915181326
0.7660369821034587
0.7659043761163014
0.7672349639663849
0.7673387285618215
0.768034578447853
0.7669448828437029
0.7683385024281333
0.7686411696891333
0.7680486423364804
0.7689946109351199
0.7691581486360162
0.7685423814494391
0.769893998823155
0.7709161347144463
0.7679777482126673
0.76892297162098
0.7717746823834633
0.7705924631905027
0.7711838664424931
0.7728224136679324
0.7731061669880078
0.7731661990155304
0.7732173582260247
0.7702143359361442
0.7722794035809856
0.773965661932864
0.7739536125841883
0.7745572104338165
0.774385159880711
0.7728754674301053
0.7746740284903186
0.7751297186903989
0.7746838296376694
0.774644479799305
0.7743570952551787
0.774708989283961
0.7756145092042626
0.7740783814425682
0.7760898395900775
0.7761276169505489
0.7720963014764216
0.7761632976738289
0.7760039658776592
0.7758764499193451
0.7747182978478753
0.7764499054517671
0.7771342238332479
0.7766293321260744
0.776777448176307
0.7758085049809786
0.7772423269520286
0.7777722646323931
0.7774238818393884
0.7769553150030659
0.7778448575375446
0.7770855717461416
0.7782349646736841
0.7768977711534149
0.7778685268031824
0.7782795687353706
0.7785853809521572
0.7782617788951086
0.7783378325146598
0.7783107467408279
0.7776611744371325
0.7790473926396718
0.7789117743153455
0.7789751154931333
0.7789362140319995
0.7779751079654481
0.7781933666339945
0.7781838244087066
0.7800232825244886
0.7796004312201705
0.7796485275721178
0.7779591684706588
0.7783971193518551
0.7802496751349085
0.7808385460028218
0.7804041379332644
0.7801197404656182
0.7798917816924773
0.7798004137801909
0.7807661551831826
0.7808695219227668
0.779723905468237
0.7806542313851835
0.7792318398759276
0.777119496851533
0.7792807256244078
0.7806090715883381
0.7811807967635602
0.7787909271789403
0.7773774211170569
0.7766755970780659
0.7794281596360358
0.780649905492184
0.7798074173062294
0.7813127143969406
0.7789337447996452
0.7797380072478979
0.7806812098010868
0.78010695855696
0.7818748847165304
0.7813026732730441
0.7817937600136529
0.7813652503149882
0.7793530974985299
0.7820448512627893
0.7819606194951592
0.779758140017069
0.7817875711448362
0.7823776482106515
0.7828061894851776
0.780575733793967
0.7812451357385652
0.7816958243222141
0.782541842689463
0.7781684343339043
0.7826087519395788
0.7825458338783325
0.7829075606303268
0.7825754457210691
0.7826231252716471
0.7823992397846152
0.7809262069089904
0.7831389548571783
0.7824885110597107
0.7816172762096195
0.7825047410524241
0.7834001503819341
0.7829304657601213
0.7829920071138141
0.7833694712750854
0.7832289018557057
0.7837736928212305
0.783704188035315
0.7828703263746704
0.7833104433599526
0.7833419560695398
0.7828670551154386
0.7832762909083597
0.7830468480697372
0.7840514404124849
0.7819806133305406
0.7840228958338605
0.7835821283858354
0.783516216932937
0.7843795325570118
0.7820656092340145
0.7834124586526727
0.7834086948100044
0.7840648159473358
0.7841096536703959
0.7843869149933859
0.7845053623643319
0.7844120051727829
0.7833689723764767
0.7844395140631559
0.7840826247331144
0.7849650690139707
0.7834411737409479
0.7847376407152998
0.7840453336409073
0.7854933079129967
0.784562880953294
0.7817336143130298
0.7847940983553221
0.7844245281593784
0.7838065317169929
0.7853868467390042
0.7857660665181642
0.7845304588589009
0.7856530691408804
0.7840650685542262
0.7855408864208185
0.7856205333733867
0.7860408775543167
0.78582487971744
0.7852176822196224
0.7860928261613438
0.7853538499639354
0.785100112657621
0.7856756521968893
0.7852623683785482
0.7859036362307192
0.7858133671584064
0.7865537516392291
0.7868629551035206
0.7865196055028086
0.7870241561906799
0.7870446362943256
0.7866855492843369
0.7872698479675325
0.7865157532477289
0.7870764963383873
0.7862146016280716
0.784596073498703
0.786399377253285
0.7865775850993459
0.7869285823736673
0.786633872229717
0.7874820251251906
0.7867848679985012
0.7858412233832541
0.7875624741046362
0.787734410984641
0.7875409267368783
0.7874072029642308
0.7881840891407279
0.7877362108087356
0.7882221633142954
0.7872039175691173
0.7884900592368209
0.7865264827254019
0.7874174777495009
0.7875035156563982
0.7883851263345159
0.7883308790047854
0.7874566381326975
0.7879336041481284
0.7874762088515375
0.7893196960472224
0.7884039834388902
0.7879634370218941
0.7862164393431998
0.7873210703297496
0.7872987398806313
0.7875327549039713
0.7882911565712575
0.7893899523386372
0.7880488813025986
0.7885789768622699
0.7872018209319265
0.7893162479631676
0.7891960070832994
0.7897284897780854
0.7884845839824699
0.7892664086236759
0.7894491065572151
0.7880139899758514
0.7897953358764785
0.7883965694266546
0.7876551934637867
0.7897576911346247
0.7895480021548378
0.7888464307227372
0.7891406293377339
0.7899541308830061
0.7889257745470366
0.789665230697537
0.7887544439235691
0.7901258719926708
0.7896473713903801
0.7889244609912062
0.7901896804932058
0.7892377377416064
0.7900956538933972
0.7852510894808884
0.7905817642782635
0.790433553500447
0.7897930560992918
0.7906327466639343
0.7900649053196536
0.7881271515476138
0.7910016537667907
0.7909259601120585
0.7912754101691755
0.7906793905262615
0.7909973910255137
0.7892086500581678
0.7906412784616604
0.7900398277706013
0.7908806045448729
0.788962276242711
0.7912592875343905
0.7911630064180843
0.7906279913392211
0.7918794185050007
0.7921439231800216
0.7909804474183348
0.7919480202212826
0.7911631011456681
0.7892856825294196
0.79097102518132
0.792652187189183
0.7915951978621777
0.7922544008035729
0.7913832985720992
0.7919203850274642
0.7904178729277203
0.7931352599761913
0.7926394431715583
0.7918681585528574
0.791970205421439
0.7892793231509516
0.7925908352906579
0.7918546882904227
0.7926046655179115
0.7931132516008583
0.7924856813573234
0.7922148488796961
0.7920186933140665
0.7923860595148906
0.7919035235175247
0.793651436896197
0.792361310354796
0.7934458212025189
0.793891451333186
0.7938120822481972
0.7919073757726045
0.7928879262545506
0.7935508993537862
0.7929547976136329
0.7938820227809988
0.7931671642264588
0.7933016205590887
0.7938878580001688
0.7940365424159049
0.7927032832479547
0.7941365621141904
0.7915437165778979
0.7922666901287947
0.7940382664579326
0.7939974767602925
0.7931411457167394
0.794244861003311
0.7939649473079707
0.7927933060285492
0.7942364365635135
0.7928268332780881
0.7943043057198131
0.7929434050428721
0.7943093452272784
0.7937620345080211
0.7927722575594002
0.7907649863711004
0.7923291598128103
0.794890006371251
0.7947175200712595
0.7947098976583391
0.7942787166418077
0.79438286014758
0.7930936935123629
0.7943467689381027
0.7950075885635968
0.7936267698333416
0.7927462832558865
0.7948138832848051
0.794112084506503
0.7937635438341916
0.7955615112682124
0.7940467414191081
0.792004092635797
0.7955327014523532
0.7949698869851928
0.7924331012330702
0.7959734373245172
0.7947562068165364
0.7958975921056508
0.795017907555073
0.7944148591254315
0.7951163231996039
0.7948298606706278
0.7949671019942253
0.7957168897665462
0.7955939901991558
0.7930905169807152
0.7947177726781498
0.7960083223360923
0.7957296400993431
0.7956732771869048
0.7956523865970623
0.7946695752834464
0.7968805297227118
0.7952283543555313
0.7956322348823744
0.7956082624884679
0.7952721627055127
0.7962079196706047
0.7969800757830776
0.7961324596772461
0.7955034369440912
0.7965823399188455
0.7972561182778212
0.7940852955457676
0.7953695363466202
0.7950686941704039
0.7959164176341638
0.7963337305324079
0.7961670036695192
0.7969129139260714
0.7965226868016587
0.7969853994732944
0.7974003252364237
0.7957769217940687
0.7969060619641671
0.7972422627898783
0.7975851450678428
0.7953101610970131
0.7965672466571393
0.7971700803709239
0.7955563580876466
0.7964377793105964
0.7973400784930442
0.7944968995282868
0.7966265019184736
0.7962545887936208
0.7976040716391121
0.7972431279684784
0.7972954239099798
0.797319895202495
0.7978010671226524
0.7969168545935629
0.7986670730101108
0.7971377656344594
0.7977423865419941
0.7976291807640257
0.7989033046589148
0.7932069119206758
0.7978045467825688
0.7981338640705145
0.797508447300721
0.7985306652892519
0.7963426665011586
0.7979873268133474
0.7982976038569233
0.7963484069927448
0.7969994381012327
0.7980136863423689
0.7987486208295298
0.7975392779717041
0.7983231234680339
0.7989381517794563
0.7977214264852565
0.7978929339335475
0.797933849934633
0.7978323588012106
0.7979072441138931
0.7966140862898065
0.7985565069741478
0.7991558989190496
0.7994474893679022
0.7983719081737578
0.7991903355533941
0.7992245006353317
0.7983272535906933
0.7973026042608417
0.7991665841905169
0.7993235604274332
0.7981886987112653
0.7985898763443802
0.7981588405768106
0.7990111046494267
0.7987189268895538
0.7982940231542507
0.7999835717108777
0.7988927962122708
0.7973152535508824
0.7990549572056141
0.7990358538095216
0.7994859171911165
0.7993120226077104
0.7983117877338237
0.7989673657663403
0.7985268635555501
0.8001081763747789
0.7995221283888667
0.798887428315848
0.7996808791891885
0.7985845968603691
0.7983608755678161
0.7979906738546464
0.7994693146032397
0.7989281296010766
0.7997425026401209
0.7995204801289063
0.8003205114117435
0.7982262360951906
0.7995356996940577
0.7996704970459898
0.7957050614488996
0.8000705442632696
0.7998029388386682
0.7998892040917668
0.7990050926054334
0.7995971905263727
0.7984146429444546
0.7997307753652303
0.7994898389130911
0.7981871514940612
0.7996246173195065
0.7990543762097659
0.7989445995703358
0.8004777023645167
