0.5598150456195704
0.5613489250986452
0.5656019122120817
0.5650426712257519
0.5610123479480607
0.5592841393737384
0.5641952710339181
0.5639454530718623
0.5634630222063955
0.5641702930667314
0.5644557145236604
0.5672082367303751
0.5659059427012835
0.5640542865548467
0.5654346096091784
0.5655789636249577
0.5661824042537849
0.5651699095266631
0.5657891320954115
0.5669546918565063
0.5664442900073454
0.5651674015192272
0.5651272542551569
0.5658112000081685
0.5653267078541476
0.5660669082777647
0.5646358571035641
0.5665762826734976
0.5663187428564864
0.566376190904676
0.5665810115119456
0.5662348554321974
0.5667305027948646
0.5680450050128241
0.5661557925718308
0.5683267378481296
0.5652321949021717
0.5667626601726505
0.5667001259109077
0.5662959538118203
0.5683392140683262
0.5644428681649618
0.5663017866840759
0.5677771970432316
0.5669090371867942
0.5679963126547163
0.5678136110137901
0.5668645184593815
0.5657086971699082
0.5673018115726993
0.5684731531524632
0.5660330597499268
0.5665758040461244
0.5650981856193533
0.5675112525295457
0.5679606517245582
0.5669104475421208
0.5676348915526097
0.5676455745155813
0.5670758803074192
0.5675406402502646
0.5671697742346589
0.567324115608294
0.5628878078291951
0.5702637300643721
0.5681278905104784
0.5683971981791738
0.5660271311521965
0.5661137371799658
0.569817834421732
0.5670645145027287
0.5675410550606548
0.5677627935501451
0.5677449949935577
0.5669082586196004
0.5675427525924054
0.5686015912126567
0.5669956815047533
0.566939056695646
0.5661964758985591
0.5714296791090638
0.5679597072332083
0.5676421730703818
0.5672848617819872
0.5667526983415881
0.5675738952801599
0.5665801116924838
0.571349684520744
0.5672626598535655
0.5674658977996543
0.5643847819469412
0.5673051747277089
0.5677206807229954
0.5681911203773371
0.5668354689686729
0.5667713137555592
0.5668511041295332
0.5671234622500209
0.5676587591042903
0.5670581264227199
0.5677670437612198
0.5671984791136586
0.5689629548794783
0.5677480135368586
0.5687759392104945
0.5666088803884667
0.5681680058660572
0.5677905220293035
0.5674858597519689
0.5664337729685299
0.5668965864933908
0.5688198516765679
0.5674273778686533
0.5673923551083262
0.5717977371774131
0.5728185727842265
0.5669560001046599
0.5678816526811747
0.5677684222080549
0.5669851197940499
0.5731988645682367
0.5696045197740114
0.5701888535980971
0.5679026037967276
0.5666113756325061
0.5678955647834913
0.5664571299843457
0.5678185440665842
0.5677759972839491
0.5669711630198452
0.5687875411380228
0.567503651926858
0.5669964983621371
0.5664548325729539
0.5680266895386734
0.5677400555590655
0.5679249333591154
0.5677647591132248
0.5655386823452231
0.5670325741026853
0.5684771991491919
0.5673964074867532
0.5672981357144725
0.5690214878163806
0.5686907371563535
0.5666486766591298
0.5688705734147383
0.5670033969780106
0.569970242140779
0.5673359664220562
0.5675831232159165
0.5673827378889724
0.5677189640461499
0.566967704139361
0.5681323959894855
0.5686870804432217
0.5674757958137334
0.5672463163241926
0.5685294844034484
0.5672657549772461
0.5658205364327966
0.5667130233231928
0.5679156416063755
0.5673040004952198
0.5675104867257484
0.5676537430894184
0.566930441402927
0.5670403980648138
0.5675098294108225
0.5676973939058609
0.5672748233705449
0.569072247844741
0.5677144713305394
0.5666197994742757
0.5683920672937324
0.567364588338978
0.5674641045424291
0.567872073752011
0.5682322057510588
0.5671990470848083
0.5681068564328476
0.5672551741214475
0.572096936720994
0.5670843615844735
0.5674583354871565
0.5676679040779691
0.5676411775254454
0.5673928401173978
0.5667483077331505
0.5671029131814617
0.5671539986764358
0.5672319830297878
0.5691655929459258
0.567143966646692
0.5673087484787627
0.5677458948130194
0.5672378095203452
0.5686980059107289
0.5681963023163651
0.5676111771616885
0.5671233090892615
0.5658085388399732
0.5679732811055144
0.5682956143054703
0.5666739928563269
0.5684566436989344
0.5682437502433022
0.5660469590888466
0.5667269035170177
0.5637352271661239
0.5673147791836659
0.566880632247615
0.5679338358282584
0.5675021777545485
0.5671720461192574
0.5670067346062269
0.5661362964834927
0.5674079455972982
0.5682081084582391
0.5679787821294578
0.572417444755233
0.5674023743746733
0.567331499233239
0.5692956711025852
0.5678952584619724
0.5678494761582942
0.5679816538936975
0.5693690414880589
0.5679331848950306
0.5708073103630484
0.568259149281325
0.5674718902143676
0.5674399817228161
0.5677867887357919
0.5670242268412956
0.5686532829689702
0.5664776662895084
0.566836502803799
0.5675637419981481
0.568722888152441
0.5630720985130004
0.5684792732011428
0.567345526206125
0.5678070825364188
0.566831461262134
0.5676231109375289
0.5709164054956634
0.5680938186231996
0.5669790827074483
0.5679751381797226
0.5683797569976917
0.5676927288843961
0.5690898166601892
0.5670701814508281
0.5696027839520709
0.5670681584524637
0.5657054680305632
0.5673745374066438
0.5674860320578232
0.5660412155603674
0.5674737153800843
0.5653700970209594
0.5683470380304547
0.5663540081213492
0.5670481454465626
0.5663689221503004
0.5683547407403152
0.5668981563911751
0.5678920229409292
0.567529274445574
0.5674440021927515
0.5663131205802752
0.5663822471363724
0.5671509546063418
0.5693918241510267
0.5672212234864367
0.5715451559399891
0.5678814548485271
0.5661857482636993
0.5678605101146728
0.5686128549101743
0.5677005081746364
0.5672627491973419
0.5697266208077827
0.5674780804617285
0.5663492665195046
0.5669512202126255
0.5672000298663482
0.5671805401597084
0.5676010430247719
0.567776093009424
0.567002746044783
0.5672000107212531
0.5719411020299545
0.5657356662269677
0.5673677472796416
0.5624900110467197
0.5660099197118535
0.5719368326737848
0.5672734066335203
0.5675738888984614
0.5678645624930998
0.5680712529379743
0.5679536318564168
0.5678570767609818
0.5675728869718266
0.56758953044102
0.568308505336057
0.5674332873212885
0.5674955407883056
0.5695503263919601
0.5667353847940722
0.5674177287408079
0.5675780242389665
0.568190482207506
0.5666328500473201
0.5683457042555078
0.567950613313116
0.5706434985491209
0.5656086576671957
0.567169180736716
0.5665165244505198
0.5681697416879974
0.5675333332056993
0.5671084780223883
0.568390395288775
0.5673900896054258
0.567491456501387
0.5674720561385236
0.5671988492521607
0.5638858288645492
0.5680668623295368
0.5686227720693486
0.5658925602799268
0.5682423079794842
0.567598662651302
0.5677248990255785
0.5673313460724795
0.5638100653422089
0.5675679666824295
0.5671144130018169
0.5673817742525277
0.567034354596514
0.5674561784731275
0.5645763924387085
0.5673954310869117
0.5679293750211394
0.5681923967169992
0.5685455726648887
0.5674717242902116
0.566900313405204
0.5661708661432399
0.5664029238388979
0.5679458717112716
0.5670017058279583
0.5647303636738416
0.5690494332732816
0.5687681982104442
0.5674317620953924
0.5675185149022228
0.5670365881909225
0.5674346976766151
0.568552675495108
0.5678602165565505
0.5667905545759648
0.5671820972940962
0.5673112947763883
0.5672022570790584
0.5676429963094639
0.5675424143623949
0.5713500099873579
0.5691265114254735
0.5657716143335496
0.5677437697074821
0.5672454484132226
0.5665654976033532
0.5676449235823536
0.5683541663874673
0.5678511098730616
0.5709579886418533
0.5676435259904236
0.5686780758669059
0.5639715223094601
0.567074272119445
0.5673385893000618
0.5672711730391115
0.567374377864186
0.5674634025556148
0.5675047878691573
0.5677554418336915
0.5684080151578099
0.5661429270680373
0.568753450105649
0.5660314324168576
0.5611093752891707
0.5677906113730798
0.568508150385997
0.5681431746779315
0.5684928726002422
0.5678041597185925
0.568752773645628
0.5678448302819245
0.5683021300194451
0.568217400210979
0.5686970103657926
0.5671068570710174
0.5725017916618005
0.5682721934726713
0.5679038227011048
0.567628273731462
0.5687092887533415
0.5662062718054655
0.5675594407334869
0.5684870588730815
0.5673401974880359
0.5676336343580426
0.5677659078189206
0.5679587882686516
0.5670504492396526
0.5669952475492683
0.5661540376047955
0.5675402254398745
0.5683823543489039
0.5676675594662602
0.5672225317345903
0.5663487559836399
0.5679947682837253
0.5667590800398984
0.5671874706840734
0.5676666596467986
0.5673243964030196
0.5670114379178817
0.5702493840065705
0.5675124267620347
0.5678277209487542
0.56744997546237
0.5677123717517953
0.5672956659972265
0.5674122085717695
0.5667898525891507
0.5676031808937059
0.5675179405493749
0.5678086141440133
0.567994844864105
0.5671687786897225
0.5690889870394089
0.5673743076655046
0.5688058438487766
0.565331921701667
0.5671604888636173
0.5651042801412397
0.5682385619225759
0.5675424462708865
0.5666188294561325
0.5684136246706246
0.568306839712798
0.567296004227237
0.5667129084526233
0.5678543836842949
0.5674963065921028
0.566652173829804
0.569384631977031
0.5682436608995259
0.5670669076395949
0.5669595164204289
0.5671154276918482
0.5675045006927333
0.56637643979091
0.5680066254791858
0.5674099941224559
0.5676461361050325
0.5684115314735788
0.5656550845224032
0.5628470734488803
0.5691558161841146
0.5698928321402748
0.5672825707522936
0.567939094347666
0.5679757763495538
0.5675948846859024
0.5673008287911596
0.5652486469204159
0.5681481651660102
0.5671212669458021
0.5685462874150995
0.5684039308708912
0.565247274855279
0.56881738834102
0.5659676026703578
0.5675548395290051
0.5672317724337437
0.5678341983725392
0.5664261659841441
0.5676172333933851
0.5661745866733547
0.5687905213911336
0.5679031972946704
0.5685635116188391
0.5673584682902983
0.5667725709501263
0.5680449858677291
0.5672604517859501
0.5660412921407472
0.5668927128025164
0.5675216738428864
0.568919182810768
0.5645007310235414
0.5670571244960851
0.5666966734121217
0.5685406970473796
0.5616737663060369
0.5667556530679058
0.5669843922804425
0.5672476947710279
0.566984609258185
0.5648755664554963
0.5676865450187335
0.5681008193462461
0.5678686531617168
0.5678213520138407
0.5671627352214227
0.5658662293926985
0.5631550861178278
0.5667399987619506
0.5683966174446275
0.567074170012272
0.5677643123943429
0.5681864745009673
0.5647185256234759
0.5671237494264448
0.5674737983421624
0.5683411604863109
0.5717465431935678
0.5675243158659868
0.5673571472787481
0.566923798054986
0.566265264224646
0.5675911705374856
0.5671165572524491
0.5682540056324868
0.5682586706539517
0.5681627601100461
0.5675535695710414
0.5674455784722342
0.5639046229660729
0.5667944857021241
0.5683451490477549
0.5670653185967156
0.5676209283967067
0.5654440353775828
0.5715800957382381
0.5700269435302662
0.5691556311148634
0.5636351302281265
0.5649909922328349
0.56724070042968
0.5675597342916091
0.5665485095224512
0.5680824783453021
0.5678116645958056
0.5672524874264588
0.5684328654910302
0.5673007330656848
0.5672131761648673
0.56752158449911
0.5675675391086428
0.5669804739176799
0.5675131478939439
0.5687470428805455
0.5671555621925217
0.569280265682864
0.5669038680111629
0.5661384662609183
0.5682290787188868
0.5683093923921221
0.5681425620348939
0.5667996740228504
0.5669445385744944
0.5667596097208581
0.56901427649729
0.569521308809743
0.567094425522709
0.567812826064898
0.5675737867912886
0.5668918959451327
0.5672330551551039
0.5688870190512841
0.5664079143269766
0.5676370996202251
0.5685534668256986
0.5679998736423735
0.5673872369862812
0.5677990543599444
0.5682794558453483
0.5672669419731318
0.5677957614036162
0.5675530398900817
0.5689731209248867
0.5670207041438282
0.566673890749154
