0.5487571833991606
0.5527433006526563
0.5549278580914511
0.5640916641618501
0.5908820209051673
0.6173169234342981
0.6323846747344097
0.6552574855725756
0.6734165315342049
0.6827917505062282
0.6920367062523414
0.7007958041609949
0.7063611300966635
0.7154138627079716
0.7188381097154336
0.7246897441640965
0.728782014587286
0.7312659949291025
0.7352230626918896
0.7375286681842346
0.7373953481248336
0.7420577530933687
0.7449811707991354
0.7478906317306976
0.753406435687478
0.7566270107933664
0.7602420131450223
0.7658400899564195
0.7711975384513278
0.7730751042929045
0.7797498182811408
0.7834747198593984
0.7849580307610622
0.787802851470439
0.7899115496614191
0.7899107966210184
0.7914391240225631
0.793979729173487
0.7955777000486923
0.7943277550908403
0.7972584032607926
0.7991966654349989
0.7996506785978899
0.7994166872476438
0.8001399825524368
0.8031464452983158
0.8036418246296541
0.8039850834183695
0.8051736619652695
0.8059076402330341
0.8070773672431255
0.8053658340464881
0.8073545945994239
0.8086926261390535
0.8090191776415924
0.8091365051650276
0.8112106975132436
0.809891970611003
0.8115009052439053
0.8111466890791911
0.8131887878666046
0.8128792244449677
0.8145368450542795
0.813200785459428
0.8086683246318878
0.8152534459575451
0.8164517948845581
0.8160172841917037
0.8155774639258548
0.8165627917632696
0.8177461628443484
0.8133417316483097
0.8184544164862242
0.8178442878375679
0.8188885187503869
0.8191541186523641
0.8192267423791354
0.8201611761725254
0.8189093039417836
0.8194439753896186
0.8201613357149832
0.8216115128390198
0.8204989530823923
0.8204988956471074
0.8228243737479906
0.8222071741776066
0.8209482054983436
0.8233352733696195
0.8231101015264384
0.8237607858678566
0.8233915982389065
0.8232767276693208
0.8242560503286256
0.8237487308397485
0.8233134479613984
0.8250543688787548
0.8255238385149533
0.8248240087148472
0.8261223205641932
0.8229334433538122
0.8246807587328755
0.8269536069677934
0.8270230015552199
0.8261125757108733
0.8281185157956605
0.8272546316770911
0.8273385701549668
0.8274212259114819
0.8283387545860479
0.8279233953698227
0.8287094865859892
0.8301754009780591
0.8288481545085741
0.828611470081641
0.8282953271290463
0.8301033835126271
0.8297832966704765
0.8304875936594
0.8318144955171759
0.8306981705585452
0.8327451832536579
0.832132699758325
0.8308732460699906
0.8307015847671413
0.8321530446125384
0.832215617164471
0.8325869681891485
0.8314973251111533
0.8338951908159703
0.8331336691382984
0.8330055310179255
0.8329870815281104
0.831981070606472
0.834266261045922
0.834473800256672
0.8348561980011244
0.8347353031083337
0.8351021614174008
0.8355566212991733
0.8355953901164084
0.8348196755416946
0.836012810621188
0.8361868778243003
0.8352666114011593
0.8359162682891496
0.8371848605694645
0.8366984347608554
0.8347224312228421
0.8330195260823202
0.8371176357594634
0.8370390898166602
0.8374171926781497
0.8367089645630674
0.8377256201574875
0.836945846822648
0.8388228255479804
0.8380995493882823
0.8388557678746584
0.8376276738518208
0.8385096309400051
0.83871061614659
0.8385272890992298
0.8388109364440283
0.8387988175989372
0.8374257824440755
0.8395407793712878
0.8401544562442046
0.838941601716932
0.8400618705651185
0.8394412567861386
0.8395989294062915
0.8409123786440296
0.8358574481758234
0.8407537615325266
0.8409728899074078
0.8409806883427432
0.8410541161635017
0.8416472312044627
0.8398977205211804
0.8408187782749119
0.8416916733514958
0.8410961907004615
0.8412824724741397
0.8424283446959471
0.8415095588268141
0.8417784708302143
0.8417845717337991
0.8419567052823231
0.8425159207418597
0.8431334202520644
0.8426534399587486
0.8428904498522956
0.8436573768284363
0.8444765188601522
0.8433317315270574
0.8440529144897099
0.8437015062722522
0.8426623232827966
0.8429444581650958
0.8451242995288392
0.8440681539852748
0.8451408791810495
0.8451916774995994
0.8452106949605642
0.8456045797619755
0.8454365943173529
0.8446979765549167
0.8458583671403801
0.8464844819433036
0.8456138140794305
0.8459421843659878
0.8463895286541444
0.8456643826568415
0.8467391819045669
0.8467189838294147
0.8447395533194084
0.8464990322154513
0.8469498417657904
0.8469901039004302
0.8465769463701219
0.8467260292243493
0.8480066446242807
0.8447624317078509
0.8480905894838547
0.8444202450444518
0.8463533125162335
0.8488858703455882
0.8470869461722893
0.8479102235445102
0.8486036780280043
0.8484090553746344
0.8487828569714629
0.8473127753303965
0.8490541940202211
0.8495859362685317
0.8471591167984807
0.848770042521256
0.8493773440775605
0.8476729711464275
0.8494776452299039
0.8498083448363445
0.8507767228830472
0.8485144682673244
0.8488377268135351
0.8490436705997074
0.8508962457107011
0.8499309564059808
0.8501574109705223
0.8507096959056937
0.8509423981528812
0.8501468237330255
0.8503121607728491
0.8518257975048836
0.8508688235530615
0.8496523761296403
0.8506845903045411
0.8511796314058688
0.8507571885045192
0.8504605480219608
0.851335249119166
0.8519897752429672
0.8525699099095649
0.8499028769334152
0.8524962268208741
0.8529030600881569
0.8526614298450331
0.8521199491251011
0.8529315160809225
0.852296722168297
0.8521713281781975
0.8536669621392984
0.8530503369217622
0.8527844753701544
0.8512760014320531
0.853150153065034
0.8534135002275075
0.8532775381450062
0.8531746843133389
0.853188647469242
0.8538625101389233
0.8525389841995532
0.853756286770548
0.8540563478434009
0.8539312218846304
0.8542590369634347
0.8551051161437184
0.8544750255427475
0.8546850025622519
0.8529271956711664
0.851755905144989
0.8546431450030345
0.855028956956083
0.8517875775137032
0.8540812747570008
0.8552003374642068
0.8556205340077513
0.8518268313400098
0.8552751118233087
0.8515390103645162
0.8546731581301878
0.8540448607864422
0.855028752741737
0.856104630496477
0.8546096474686036
0.8553865362758069
0.8551994312630466
0.8550074825412688
0.8566816700393942
0.8533441439302709
0.8557857115051173
0.8562876639857151
0.8554246988317026
0.8549249671821164
0.8568656735467757
0.8564040470178005
0.8561871458556294
0.8543381827858794
0.8566399082056516
0.8561460158100195
0.8567170310297316
0.8566120138023371
0.8568483599992599
0.8561100357949457
0.8572576055485037
0.857390421453738
0.854338278511354
0.8569129555495567
0.857399898275729
0.8577464691658674
0.8573702106151893
0.8564659813999022
0.8511407285729693
0.8568898027480869
0.8562208922762945
0.8565078772493092
0.855187944206088
0.8555845093207896
0.8561972161755631
0.8565776036850479
0.8564931291445141
0.857404071906424
0.8576026831212376
0.8570868185383231
0.8580347432419411
0.8577503364750434
0.857201178572044
0.8573897513754156
0.8571176612862568
0.8569818013109284
0.8577242544740491
0.856847523996781
0.8579404855578976
0.8576966727739519
0.858057468469624
0.8575342202617645
0.8581083752770455
0.8578647794708423
0.8578885512970483
0.856991022864987
0.853137976784658
0.8577162135341782
0.8589012821470074
0.8575030329021219
0.858651610964013
0.8568351626471539
0.8589349456055944
0.8579867720157425
0.8589958972061563
0.8569367401391594
0.8574752597510754
0.8594549072388242
0.8591466201568493
0.8586519619574201
0.8583378866750777
0.8591896519485558
0.85840748547685
0.8584352713912933
0.8586023059628675
0.8588757744988611
0.8579688522068869
0.8592558237783356
0.8596451775739463
0.8585529754349286
0.858175982988945
0.8591359882474645
0.8557132856109932
0.859488896164025
0.8591304616967277
0.8588635216381053
0.8586324020520988
0.8595035485433454
0.8600317425673956
0.858649473095079
0.859594436690681
0.8597974895675187
0.8593987865838832
0.8597391991351523
0.858746870574691
0.8591407809028954
0.8605604152188189
0.8607639403413315
0.8572568652714998
0.8583280524779815
0.8587788811734156
0.8593394048811057
0.8603579239314325
0.8568905557884876
0.8588165523385414
0.8596610424759458
0.8605741677786777
0.8583552640395766
0.8596773221883354
0.8599260616433766
0.8593733236076251
0.8606259233519743
0.8595996122480106
0.8603797493396537
0.8596130138144624
0.8598106422477363
0.8592817079466821
0.8603759969010474
0.8595249336143832
0.8606949924727869
0.8606697783827627
0.8594004522071422
0.8589831465729323
0.8600750296270344
0.8592949946425642
0.8606053870468118
0.8602453316281435
0.8607455419051029
0.8602285349981909
0.8591638124520973
0.8613537943344559
0.860229090205944
0.8586388667124873
0.8606112326824638
0.8580048258402624
0.8603777710131776
0.8611284118952304
0.8608775728614451
0.8609818817203271
0.8603706362744665
0.8617106844307622
0.8608371128941577
0.8597230279116339
0.8594268852015436
0.8616153546214025
0.8594808233156624
0.8598386770484134
0.8598744400857445
0.861219919067302
0.8613160912608386
0.8607991992244959
0.8581693906945904
0.8609387414397495
0.8618660213493335
0.861241387100418
0.861228949170411
0.8605373070892373
0.8620220219645294
0.8607404174013596
0.8608622440221037
0.8611873979327127
0.8613000859614761
0.859413962262465
0.8621355523774699
0.8611051952767773
0.8624659456623915
0.8619130608475789
0.8610811362741475
0.861608864434221
0.8613714844021721
0.8621476584591644
0.8622761348095478
0.8594601083229471
0.8607260458167649
0.8599091884330441
0.8626390683741538
0.8619463094957758
0.8624073233817131
0.8626889030562592
0.8623956704005983
0.8625747153283927
0.8615582639483185
0.861830060479355
0.8603002908139921
0.8620642943341368
0.8619845805405426
0.8624577005081747
0.8624134753388841
0.8617364473468409
0.8620820035469478
0.8622748584698857
0.8621029738075957
0.8616141357170253
0.8599555961431568
0.8625617221906328
0.8622877048285844
0.8627746922266448
0.8620760494224243
0.8598523019743061
0.8626753100388581
0.8624634057464641
0.8636052511166378
0.8630145036857498
0.8614090406967283
0.8605245181658234
0.8622219222824017
0.8643000840469668
0.8628332953622284
0.8624285106201032
0.8632691015398399
0.8629053894080401
0.8630485691913302
0.862970335951744
0.8622115073507592
0.8638352347603451
0.8627476657343005
0.8636850542540081
0.8627274102238637
0.8632646726412125
0.8639142018952367
0.8628541124621166
0.8632652597574572
0.8625170311573656
0.8644879548635243
0.8640187724037496
0.8640831190678127
0.8630781419813005
0.8637191963399685
0.8627128280432246
0.8606492484592985
0.8630894312056113
0.8637781440872607
0.8642470712791029
0.8637715964647943
0.863828163838617
0.8636771537114999
0.8634982236542752
0.8624060853322407
0.8642857188440702
0.864502364738309
0.8610426035797498
0.8633586878207201
0.8647214037694139
0.8625187350708144
0.8627359936080908
0.862231552265152
0.8645585555919312
0.8634456895137848
0.8611197966025115
0.8640656842680288
0.864130573376448
0.865004483143063
0.8648619223845089
0.8639700034652621
0.8616126041094309
0.8643595742386156
0.865196993454292
0.8650099714036099
0.8644814008593595
0.8643610867011152
0.8656754293766167
0.8634076290650621
0.8637654445076233
0.8640822383934458
0.8633336396548523
0.8636032153548767
0.8653800716154185
0.8652715061637634
0.865184817173916
0.8635548995169691
0.8647517551265778
0.8634028938449159
0.8635362458128082
0.8649722938567858
0.8647527059996261
0.8639783953985404
0.8648400586860977
0.864711103708341
0.8636140770054007
0.8648109517601041
0.8652094186209022
0.8637123934495695
0.865570884394897
0.8644777186194345
0.8645491489686219
0.8633315847479963
0.8649644762763556
0.8641564383996998
0.8643233772457994
0.8627127833713364
0.8653961088232723
0.8660741068334588
0.8636020985576723
0.8662045998005081
0.8653202687205525
0.8656794562282504
0.8652799236238347
