0.5714567722160393
0.6086374797810539
0.7081600831005274
0.7212847232221936
0.7475827787327001
0.7563672540044035
0.7572103684275645
0.7735433096490006
0.7712864445524265
0.7849574415104844
0.794957682649498
0.8019376831093683
0.8000513114282858
0.8067097274230287
0.8046851591516214
0.8160071578309335
0.8168596046140104
0.8187943377809603
0.8294248888004119
0.829290709071688
0.8306428954526403
0.8347798300227138
0.8294115968716911
0.8314595787991496
0.8332885240008308
0.8388321876938485
0.8347733877660731
0.8362756239802995
0.8383740426660218
0.8370375481453647
0.8355988241786703
0.8417591811642268
0.840441847900969
0.8442074805905375
0.8454621482664741
0.8421343598572752
0.8339317311262824
0.8446289773263886
0.8452313665174738
0.8452416792207914
0.8471461617913424
0.8465065450144533
0.851302098472159
0.8427284925198397
0.8499605176243717
0.8512785638646491
0.8511368787796217
0.8451760471397999
0.8543992069862174
0.8485785198917916
0.853563082284194
0.8520509153186245
0.854578718048476
0.8580832292705179
0.8508140975316405
0.8554803411483
0.8556554342993842
0.85452267296205
0.856824691147904
0.8587117185132096
0.8584671610296539
0.8572983625235037
0.8609201011724577
0.8522558643824003
0.8605289568868653
0.8589341227822309
0.8507629223328923
0.8484171770117976
0.855318164339828
0.855672361137731
0.8463875096815275
0.8654369888352637
0.8628911388746059
0.8604623508283379
0.8546972886731659
0.8625559696509111
0.8587035129116191
0.8651022270270083
0.8615873012477888
0.8627939320970364
0.858907424339197
0.8623503012442494
0.8654579325352115
0.8610211465673734
0.8609140090384606
0.8621395783397887
0.861112802309577
0.8626397189872375
0.8624886888105616
0.8627268485985405
0.8625486170753973
0.8584956100859052
0.8608278597705594
0.8609314897071708
0.8602367636261938
0.8637348262257293
0.8631963121365521
0.8658812180794776
0.8651349921405742
0.8665577059536611
0.8639219572298835
0.8536101705968124
0.865926797681796
0.853584025984142
0.8625054183070547
0.8646088532953785
0.8642308035966534
0.8555022906551146
0.8563449849311034
0.8645107234672033
0.8676948724704372
0.8546450249112897
0.8631464801355817
0.8699723056808506
0.8647660583623126
0.8650907621019001
0.86541190095639
0.8665813169515659
0.8667540038052093
0.8667300044894635
0.8671686572348464
0.8672792577949968
0.869672326965761
0.8663997815438413
0.8622647885629726
0.869786963485111
0.8660528736627893
0.869002561446333
0.8670854999240807
0.8681196348956721
0.8632846194331106
0.8647894465548988
0.8641614029228443
0.8697910694688394
0.8666673643656071
0.8622223346009811
0.8618605114953157
0.8681927977964324
0.8574920376381587
0.860476298441282
0.8657485343293216
0.8672524702298355
0.8676407753390823
0.871549901019692
0.8695444558104864
0.8705156769259731
0.8663211885591735
0.8683182690201325
0.8707599097503503
0.8714488301613112
0.8700997694206856
0.8658190553955898
0.866839465559556
0.8716830176487531
0.8542298431147541
0.8686725485742968
0.8711318864126774
0.8709657564012669
0.8667919189045679
0.8698781608849451
0.8737767574227847
0.872726682322114
0.8653622853948719
0.8708369749271192
0.8709180569654889
0.8725501759487235
0.8715612959202717
0.8688198865485504
0.8712631760381256
0.8675464522989218
0.8733322353487234
0.8756890827405501
0.8656984476937014
0.871532967815479
0.8738540963318019
0.8769206359561491
0.8724444452762508
0.8729469922211406
0.8680652385686041
0.8742769871923609
0.8764016714422121
0.869757979696095
0.8700159182304991
0.8719173133559209
0.8690493823925691
0.8675149412610063
0.8743743149213892
0.8754800913517083
0.8759205456372389
0.8678328335237109
0.8662582237761386
0.8748890015732091
0.8710386646673771
0.871250533427762
0.8710734159312118
0.8769354938879663
0.8764662276918085
0.8639647358510537
0.868531684686015
0.8709150204472897
0.8749263310128731
0.8708430734269823
0.8717155344935352
0.8736272677857402
0.8749366500820572
0.8675913825828832
0.870181360728355
0.8735225811153318
0.8740096590052449
0.8698165583972867
0.869904655620259
0.8731646984808725
0.874555462011273
0.8766356743195328
0.8744726229938197
0.8697409000769583
0.875487647634942
0.8750741718905601
0.8632781962740687
0.8748190088738392
0.8722815491248934
0.8744796763736197
0.8727460791165644
0.8750037335805532
0.8656412312878863
0.8681208953371888
0.8762525064643462
0.8716276982710791
0.864835567255848
0.8749426467280604
0.8754525589801964
0.8696145630954487
0.8726046741296517
0.8754837708223984
0.8755505614910469
0.8728725434153988
0.8759770554319006
0.8704051973172814
0.8711416643832304
0.8718010662724107
0.87494703917577
0.873252146385488
0.8706956908916651
0.8724492324076676
0.8762966792102242
0.8747777007677718
0.8718660999619753
0.8758378403029766
0.8760722760592019
0.8722236897665872
0.8714696783732655
0.8734964237709288
0.8760486205002334
0.8696841101841816
0.8734336245004164
0.8713395664330725
0.8696803415913643
0.8740101810062768
0.8751157919240735
0.8767044320408511
0.8723262947987334
0.8719635677400612
0.8745819694783196
0.8778393959679063
0.8730207917085254
0.8758235552991214
0.873664075224372
0.8718559018442499
0.8715756254851904
0.873249504550996
0.8744179274710376
0.875879880483662
0.8648218488140889
0.8728636566661201
0.869752530514589
0.8666358024007618
0.8764749743920298
0.871119772169212
0.8757397995969287
0.8689905044956638
0.8772395913185168
0.8741693085648173
0.8755820343337648
0.8735979593375456
0.877896402300135
0.8753451540849012
0.8774461000195228
0.8724458775961562
0.8763104167495821
0.8714233794280616
0.8722309341223748
0.87576300954526
0.8794342809994706
0.8778870253791555
0.8773984260472097
0.8668331824495716
0.8763773856624855
0.8781146496584981
0.8752513084847093
0.8731072019769426
0.87616088891734
0.8789744744805534
0.87900138936304
0.8794990282250541
0.8789923434671049
0.8734757028762994
0.8775317145546595
0.8790040821244617
0.8770939148353533
0.8763639282212422
0.8773466715546334
0.875697091000287
0.873207846322285
0.8762492789701597
0.8727292032051474
0.8775484249535541
0.874608056798194
0.877635293564341
0.8715562796176701
0.8747292883549743
0.8752233368684263
0.8785593054157506
0.873579765691816
0.874796448243865
0.8646001829855521
0.8703984685966598
0.8757113378089447
0.8754913271056318
0.8717503748794972
0.8751860647215582
0.87804351746907
0.8747200960441157
0.8771481074547018
0.8734490871895269
0.8774182047936347
0.8737406247659748
0.8792369455117244
0.8738606786374999
0.8748896763550313
0.8774768153241577
0.8794312062860737
0.8771872702638447
0.8750483519370682
0.8757534352824267
0.8773626435130437
0.8694697014431647
0.8783355324854865
0.8774681259167324
0.8798214657162581
0.869648238527888
0.8764407132998964
0.8770049391228392
0.8774978163169017
0.8789390929959607
0.8748129422033073
0.8769004306966857
0.876567705965629
0.8757957300977621
0.8744663908107652
0.8808114152102391
0.8733573359593295
0.8666843103015529
0.8762058382989
0.8772685050830041
0.8729999180331062
0.8758706117824087
0.8743719531850122
0.8721484197640998
0.8797622313308431
0.8724616904079102
0.874495450990176
0.8771839090864668
0.8729037043306707
0.8761368577722631
0.8709912007686503
0.8747942520200103
0.872294191735257
0.8783527266902158
0.8801700032590689
0.8741575762733267
0.8729195298741572
0.8773507393431644
0.8723545274155325
0.8754182978880628
0.876985542328389
0.8803256041277092
0.8767082833899297
0.8797099866665656
0.8754037073226278
0.8766142022526865
0.8777962481264938
0.8729515883765699
0.8750571813935508
0.8772225562604437
0.8724776305369891
0.8791279109546705
0.878361543414966
0.8796725681047743
0.8746622812468736
0.8781098116001516
0.8738664270147196
0.866298697953728
0.8755994067827491
0.8762093840863987
0.8744910585424667
0.8653301759655296
0.8766251451767625
0.8757664980399625
0.8721671290449955
0.8733356983799607
0.8771006626535737
0.8738842705378059
0.8781043114917153
0.8784695276040894
0.8754756161477378
0.8766475975870107
0.8754999974154584
0.8719307580654316
0.8776975708338212
0.8796436670720196
0.8763857058496685
0.8759257147206303
0.8770648673876749
0.8789683250537604
0.8776362866394753
0.8761870144324118
0.8768023008685103
0.8763693328416846
0.872491056148901
0.8756299565748615
0.8765819718718852
0.8801715501645664
0.8771934960810326
0.8780708015717986
0.8781073416440481
0.879396130363061
0.8667333720327073
0.8738697436310336
0.8742942705192177
0.8719993693718262
0.8799238988700154
0.8763393177823368
0.8725407735642787
0.8756224894137554
0.8766833419259796
0.874786154638146
0.8790164701001754
0.8751281798997875
0.8744745327536931
0.8778760442598819
0.8718669147928548
0.8765658725961503
0.8723156065093071
0.8818420616871282
0.8781059411534741
0.8751951933737545
0.8768549720458262
0.8771828841820013
0.8762018469007641
0.8712984620347248
0.8779428731237278
0.878154232614813
0.8786073804376371
0.8755346404595667
0.8770430133688539
0.8771312570067499
0.8790156425375635
0.8766931326282653
0.8809599626990796
0.8772706121847315
0.8725386982918828
0.8787956000049196
0.8728407713769671
0.8743461459632527
0.8790935098134794
0.8800505668765697
0.8731759787958598
0.8746893871053472
0.8788510276023197
0.8782518468078223
0.879774873941207
0.8780498196766532
0.8791484536050449
0.8780697512038681
0.8790366371644415
0.8751629502612207
0.8782245881685589
0.8775406585967342
0.8734217012329385
0.8761032587302189
0.882204731453004
0.877507829824506
0.8736397830787789
0.8686612873569084
0.8759380008424842
0.8726825859666312
0.8712321042449812
0.8772703957452792
0.8761208667162543
0.8784413777435516
0.8800550675440053
0.8787063632918892
0.8743516333399564
0.8806277345055897
0.878073093283647
0.8783448330160712
0.8789059777597512
0.876957417931316
0.8741694231504096
0.8750546859739824
0.873811661467409
0.8799247518960924
0.8751209673733312
0.8749399666983713
0.8772001611429918
0.8747554902604412
0.8736880618083853
0.8721439445601292
0.8746398733976892
0.8744637298786745
0.8766936546292976
0.88148466922437
0.8779175815371342
0.8717497128294077
0.8771748759222644
0.8761984475281888
0.881222115436938
0.8720388441084149
0.8750633881131402
0.8818116519440732
0.8710909284292534
0.8754040319818066
0.8772608660435094
0.8819290767128387
0.8782336276986275
0.8823027785249183
0.8734258199483995
0.8728986689304705
0.8786953694408832
0.8683185236547823
0.881409571100271
0.8768879599647107
0.8698900268596268
0.880128217713033
0.8742396768502956
0.8727840196793879
0.8779195549556703
0.8743160863428413
0.8618446859518293
0.8766956025843685
0.8780446951543256
0.875078188752161
0.8747170849893816
0.8816955767389516
0.8798808656141954
0.879590690333124
0.8681588295341461
0.8770073199568149
0.8745505666601301
0.874663357078269
0.8783860329024126
0.8798825080076867
0.876045660372429
0.8826610431113523
0.8744440720837081
0.8816953984946967
0.8743204724246845
0.8783962246542716
0.8745923585720323
0.8755683095261395
0.877963772262612
0.8729922217008154
0.8789376734077881
0.8713684356364961
0.8821637543719814
0.874702061545042
0.8759456971747752
0.875859000442377
0.8806156711890545
0.869992460013384
0.8815058229979038
0.8799941653016339
0.8787231246177138
0.8791164142002308
0.8781761693898952
0.8756785090367163
0.8808241023816668
0.8792842629955278
0.8805289871883886
0.8790723751375441
0.8733770255836271
0.8751791131956183
0.8688495896804521
0.8697558280333041
0.8753797652996783
0.8759585689563236
0.8745538450812467
0.8743877850943649
0.8769644012865874
0.8700604347331542
