0.5464426861994439
0.545980181928493
0.550067367731622
0.5482640387163508
0.5468600243583772
0.5499369657395843
0.5484607184412781
0.5559573457603798
0.5613945069924365
0.5985027686473018
0.608567757579836
0.6274146440054036
0.6332181483803782
0.651318170958382
0.6643277794677179
0.6867283522588941
0.7264030746603409
0.7426084824080268
0.7568528776042318
0.7642778403485044
0.7790637931420361
0.7908029279260504
0.7927901042362127
0.7943025058957185
0.8022713375903656
0.81040946010784
0.8100215569668198
0.8130913053668204
0.8199696015394066
0.8222979297703332
0.8263040666526521
0.8304023545286175
0.8353326284590663
0.8316867405784324
0.8344736955645413
0.8347883490224948
0.8366443970958088
0.835495408339291
0.8376078587216141
0.8464199364228874
0.8427191570649525
0.8447588819235065
0.8437532917835416
0.8439950934142807
0.8457030759587404
0.8462039070101494
0.8424770207300833
0.8489552823157344
0.8478241402360289
0.8491369256155058
0.8481980742160056
0.8498006944264461
0.8504178067447151
0.8543600782899484
0.8546330895020062
0.8514282785128385
0.8527135297412533
0.8560019283504806
0.8574231262921791
0.8565670036493107
0.8564674702192896
0.8504846844189695
0.8532147586485148
0.8559491145648537
0.8534970531637975
0.8561704234616028
0.8558498526872396
0.8552822639498493
0.8574075025560028
0.8479744223903474
0.8514825195273968
0.8568302326595347
0.8602299740709132
0.8565739377084544
0.8574062900429285
0.8576807537446066
0.8559183091545596
0.8622125592508407
0.8595163280294477
0.8427440451588369
0.8607856902844511
0.8620097159177857
0.8626478767052038
0.8578338714112707
0.8596181854428611
0.8553484595854993
0.8557044521610796
0.8615628480133554
0.853558335595428
0.8611075304084385
0.8618721083141971
0.8646393852235377
0.8593858313098258
0.8635106113334303
0.8612494133836486
0.864002973738836
0.8609018957692439
0.8628848472291626
0.8598311077908463
0.8650421732255793
0.8663209071962195
0.8644201666488074
0.8601466769487776
0.865066947646363
0.8590455635131777
0.8676618961350185
0.861851855556753
0.8636109341599844
0.8673172582391652
0.867508475340086
0.8614634535171242
0.8648743412075448
0.866045470958013
0.8624498139575512
0.8665984211261003
0.8692128582363562
0.8637851697626925
0.848984515248135
0.8644389542862867
0.8662282888798253
0.8611423712138079
0.8636424910757774
0.8645329619405787
0.8650700547111158
0.8659855526035913
0.8636376220779636
0.8606468827981326
0.8648069456891648
0.8656317829686473
0.8583639480254249
0.8623158438931855
0.8693402731519141
0.8658343673796394
0.868632253928934
0.8674188693608605
0.8650704336214516
0.8606296550082019
0.8641049448253505
0.8640658918000823
0.8652915151719992
0.8679968591869667
0.864339648202467
0.8672329127984344
0.8638687131765463
0.8671890665574192
0.8679776800088069
0.8687518443460592
0.8643434246754798
0.8641839918365537
0.8684007902351878
0.8697576428867086
0.866428789283971
0.8684399190425228
0.8604262496248155
0.8663852145953632
0.8694881934318066
0.854667456669456
0.8650622744188889
0.8629997328429526
0.8614340058688664
0.8697377122030499
0.8667605568587544
0.8686911365951046
0.8680487762181324
0.8668359726459071
0.8666748220801258
0.8655179393582804
0.8686292542221095
0.8666485446483436
0.8702894245973736
0.8612249673518224
0.865004370604419
0.8570072216773493
0.866375514490769
0.8698603654787221
0.8700699597309253
0.8720979067932106
0.86793156662095
0.8636337761380559
0.8728139083939299
0.8708082538897294
0.8720489326323189
0.8668191869180347
0.8663742640866612
0.8695479223310603
0.8689431245987025
0.8602973948499821
0.8692969637005414
0.8642912739829403
0.8708981945730845
0.8700449453335954
0.8625591990563011
0.870770451268569
0.8643993707865486
0.8544778436222898
0.8672412867168535
0.8632279315926394
0.8680906331798848
0.8724310131845135
0.8710219340583858
0.8671709862192332
0.8698841610478052
0.8644336811174481
0.8729052068393215
0.87107164077926
0.869431028492491
0.85252244525895
0.8699868583791297
0.8646337331443633
0.8664144854187977
0.865391882204759
0.8695460530400708
0.8644159733744253
0.8720523617708572
0.8640006560706159
0.8682299964013622
0.8689813945426099
0.8740497181387055
0.8684300231675884
0.8665215086431217
0.8678193649553712
0.8700072563855359
0.8693035820010719
0.8723973470011849
0.8685542931273595
0.8718252050245935
0.8718162374799816
0.8517849404966786
0.8699104700554486
0.8590484748075905
0.8683770388723103
0.8654097478270881
0.8701908889645701
0.8725435369238776
0.8659315515655791
0.8638493508583912
0.8693202035344655
0.8712691604220979
0.8664765951379944
0.8717604618785637
0.8732035418921498
0.8700319866001138
0.8657911716013676
0.8716813959218436
0.86004134619062
0.8742354978763086
0.8650580558838182
0.8657491441299641
0.8681938230946455
0.8713544468234963
0.8694673723088588
0.8658710774759985
0.8659161741211212
0.8695285410673884
0.8702190356873417
0.8689549150253155
0.8629027760032145
0.8683624445092127
0.8704327600622039
0.869206435706166
0.8732673693382017
0.8632541332423544
0.8690712152376922
0.8717779927967629
0.8727309207152354
0.8689162535407275
0.8705167771139773
0.8669084139869244
0.8713774466808744
0.8723623862075427
0.8675594640409292
0.869217070456255
0.8692202848789364
0.8733584846435978
0.8619343506520112
0.870695989072428
0.8693462346745295
0.8699771645897075
0.8636524627327791
0.8717370957411943
0.8725730982452359
0.8706016782898673
0.8652915783237218
0.871794551178434
0.8741522386452067
0.8705875070433118
0.872057470745217
0.8698756292500794
0.8730229279654571
0.8705604023239633
0.8700928080241691
0.8704178246798042
0.8692505661299326
0.8704088697655369
0.8733360342062063
0.871475837064716
0.8729008998918388
0.8744403810100042
0.8669605646794638
0.8668974761085666
0.8709096502955678
0.869774839100778
0.8705700834830409
0.8730541754378094
0.8739901281732414
0.8734348161307282
0.8602328222136033
0.8660677572009257
0.8707230937917765
0.8701239418234207
0.8692509260947514
0.868987949691418
0.8645778754457059
0.8738633700355989
0.8700269976140269
0.8684607906868489
0.8718876747086093
0.8748224678773712
0.8725203476113317
0.8760019526007419
0.8688710684831932
0.86540844058643
0.8669705173909488
0.8660703274760364
0.8745114014372625
0.8643076365942709
0.8716546953735198
0.871856237781089
0.8684181885347695
0.8744763017098303
0.8628098545585516
0.8702542048816685
0.8624958894543746
0.8704230915334709
0.8738773770876759
0.8749501606605083
0.8648035228657989
0.8689559317680497
0.8721027000089576
0.8688011090048748
0.8740761155587606
0.8673833402017148
0.870750899495246
0.8642061833518822
0.8704143829109217
0.8666420147602248
0.8677370656304529
0.8656553511915291
0.871438451244925
0.8705626063190827
0.8603331703008462
0.8714923322946642
0.8681224805936019
0.8739061048062957
0.8714705702110496
0.8671618292194534
0.870758641896439
0.8736197054290424
0.8704349198511176
0.875651340551929
0.8711169458250674
0.8778415180744524
0.8738688073989164
0.8637397068375785
0.8728893683872884
0.8745613039284768
0.8734176641228648
0.8728606848748746
0.8710918051242925
0.871724288571847
0.8738362653162505
0.8724046157644585
0.8741111268737811
0.8705099504127622
0.8730127037015649
0.8705437934209141
0.8663426692798344
0.8660227552833868
0.8676209990794499
0.8742446611912607
0.871065786614573
0.8750057657522753
0.8744823516448574
0.8697573018674065
0.8749288343237795
0.8750241681642466
0.8712143131510028
0.8732501415482712
0.8711994282899811
0.8725255828891367
0.8702430333419371
0.8728543318115789
0.8737935621214149
0.8745328225015752
0.8698821907140597
0.8666546324744042
0.8652657745298594
0.8726059118803091
0.868729305496256
0.8722840212349435
0.8755877088762172
0.870160014087381
0.86285055584378
0.8735634182986712
0.875222584561546
0.8727131813963512
0.8768418073598634
0.874883933448997
0.8758076536957574
0.8709425333975358
0.8695565488563702
0.8736742685173859
0.8746003822144339
0.8743307559347083
0.8695558415570769
0.8702694875985426
0.8682426330610585
0.8721162207927704
0.8693550380246626
0.8718834182825046
0.8686005138731454
0.8732533243950912
0.8702712811074651
0.8688204271168243
0.8723306903579597
0.872352010379516
0.8762365612502747
0.8736303086032703
0.8764261364064072
0.87086289276014
0.8739815205934482
0.8746664073404329
0.8759184660234386
0.8713882582557868
0.8727497841347818
0.870201018500878
0.8719044541213092
0.8771039438452861
0.8712325892595287
0.8738864456750441
0.8724750804565576
0.8727537626933067
0.8739644885738578
0.8702083756765634
0.8723398915639453
0.8718891777196076
0.8729125766453512
0.8763039757141714
0.8772336385380305
0.8554295148214821
0.8765295789280588
0.8745434825123534
0.8712503980453076
0.8714223665011739
0.8648395193476922
0.8709714758320125
0.8717389460866672
0.8789732790410395
0.8689033137527629
0.8780447655785323
0.8753620046195737
0.87671069175336
0.8755057442554288
0.8769720893636281
0.8725077614730133
0.8688036729648132
0.8724456138627833
0.8717105404418326
0.8772687572109794
0.8773581863653814
0.8677563584817134
0.8779054970846387
0.8751752270847533
0.8774144166592022
0.8734373927210113
0.8765043434996997
0.8649424629707347
0.8770414362702372
0.8663077526923981
0.8766394250343836
0.8649503316753732
0.8758864165242091
0.8774089477200233
0.8755675003249788
0.8747494708011947
0.8787123613838633
0.8752311037289273
0.8743340840304905
0.8736307064591229
0.8792824382991249
0.8749836626493582
0.8706071219683573
0.873509246751008
0.8726371025161112
0.8797320659338338
0.8778051805732568
0.874517969216415
0.869204364329664
0.8686451116196592
0.8732404351285045
0.8727453193079924
0.877551304333153
0.8774630624311361
0.8700645981496749
0.8749669590187253
0.8724262641749725
0.881069177356864
0.8731494587568982
0.8733558006953863
0.8721870201889994
0.8771636032776453
0.8728994979235967
0.8687892112203333
0.8583454066796639
0.8732826267943868
0.8751090882856535
0.874528793421672
0.8717649709115589
0.8738147116333203
0.8785670619004596
0.8754682763383985
0.8749809408101134
0.8783579791772099
0.8746923626984298
0.871479234627393
0.8813375532324816
0.8684215166305516
0.8735239800478953
0.8734302502611828
0.8766661003220183
0.8743375384297177
0.8749897125843853
0.8763529814509244
0.877138197339635
0.8729993029060251
0.8750861263193088
0.8751080968036085
0.8699435552429293
0.8764137397232571
0.8760457230596899
0.8761798067971562
0.8785505666705113
0.8761821497260657
0.8770223960258672
0.8748271537351893
0.86779711028832
0.8729501329747933
0.8738149895008999
0.8726551954846417
0.875636278866084
0.8767171648049286
0.8771079602948447
0.8774242430672418
0.8737926337910923
0.8782489919343125
0.8758539439084381
0.8726926949775333
0.8736277004371261
0.8770470378280334
0.8739868442836651
0.8735605954166703
0.877825256505878
0.8720805400694902
0.8726498149578744
0.871896155984957
0.8755802001363975
0.8756486818644066
0.875736557486432
0.8740142837071435
0.8759750499669059
0.8778516855017944
0.8762258570332908
0.8765383507023305
0.8782433019641045
0.8747306768485432
0.8728332138755349
0.8766944807061636
0.875997083602928
0.8743287982313073
0.8729904616648583
0.8723846787656274
0.8751340016402271
0.8782250763769563
0.8732870537301424
0.8759290691976663
0.8698079748096366
0.8746996567223921
0.8767254566261086
0.876058429186281
0.8784656907553102
0.8711728477299305
0.8724689926304972
0.876300976007347
0.8773348518038735
0.8770735994425674
0.8664745869132151
0.8747088263525167
0.8805329813407877
0.874834182521917
0.8751428365662215
