0.5480120822886144
0.5832462849988741
0.6410316963042753
0.6888046798558787
0.7149306548616393
0.7254319211547207
0.741078297223431
0.740988192345597
0.7447093128733877
0.7507270910432114
0.75547932763725
0.7613818791739816
0.7674300585830743
0.7633481522639564
0.7699795315162713
0.7770032471605344
0.7755008108428578
0.7799196316021526
0.7833960581503083
0.7804975456461914
0.7917222401825721
0.7897005640863428
0.789491866588601
0.7882231105901346
0.7987726942661924
0.7952403973890351
0.7955004372372667
0.7986443699658288
0.8029229118036681
0.8045108555537721
0.8070959271130098
0.8083410264761828
0.8079454504008645
0.8056892730130307
0.809961998577217
0.8156187572943396
0.812805846950234
0.8138924165441144
0.8112005049005484
0.8175015185463221
0.8133574583018016
0.8052756418602154
0.8063861585873131
0.8167419359418228
0.8128107412087372
0.8098545332908348
0.8197369695387918
0.8157488814187981
0.7855897216479204
0.8169881581931455
0.8199884586437808
0.8228253034907593
0.8198878390041308
0.8195020009244403
0.8237824120532692
0.8179604294842561
0.8176868499066946
0.8233376723618913
0.819750736614323
0.8116143507692208
0.8231606580833877
0.8158994288103514
0.8233544833504525
0.8236063387354327
0.821694256138638
0.8216241893023912
0.8250799968131116
0.8273378414064222
0.8166916040188948
0.825859592198509
0.8250668170486006
0.8221745186739896
0.8234426368400576
0.8219481702697755
0.8238065486416545
0.822027634082348
0.8148285650498865
0.8245186095748823
0.8282207782707148
0.8116107574362037
0.8207122847429329
0.8214167611542741
0.825376045773581
0.8285010835067353
0.8264164640885708
0.811927696986516
0.8269565249900712
0.8186852281199364
0.8263831894459225
0.8243768718486344
0.8246516576240978
0.825816611136094
0.8301996438141801
0.8231007081531048
0.8271512028053916
0.8216528980754941
0.8236098878622441
0.8275499364668409
0.8276617971131175
0.8268104424253069
0.8313330088345219
0.8191934731835809
0.8256579487481839
0.8310340485796396
0.8275420803925471
0.8238398738056809
0.8241228629899128
0.8243637426055016
0.8246084429003091
0.8261407562979571
0.8337669646367025
0.8305145814548853
0.8228636555319067
0.8252542576765087
0.8225709915037693
0.8178961031395955
0.831143787328036
0.8359913893384029
0.8300577229479364
0.8281011310170392
0.8348931682516992
0.8337912527892222
0.8311993229529079
0.8294209578135883
0.8280212756637866
0.8229486640657252
0.8305342469013092
0.8330981247424358
0.82525322830343
0.8297388699004289
0.8350024712532096
0.8316808295771952
0.8315404432978111
0.8339900796727187
0.831664555378276
0.8319679930902921
0.8342029262386365
0.8335030156968406
0.8267746859199597
0.8343354059223483
0.8215498344641786
0.8339940013946933
0.8283781334179667
0.8360910238111801
0.82720497018203
0.8289730542209071
0.8333839557541854
0.8260033192040195
0.8261634719725834
0.8290174246212199
0.8274081987405929
0.8342521782671075
0.8318858263839916
0.8331037199850597
0.8267436342179476
0.8350516727603027
0.8302940303788078
0.8361466731091528
0.832667133181072
0.8323994772350923
0.8272132114818319
0.8332925057446595
0.8348921451937926
0.8385967894371518
0.8383567686849908
0.8333682309752533
0.8291356383307917
0.8300646885829417
0.8367554241393469
0.8371695478755989
0.835068167990251
0.8312876532673363
0.8344089524185114
0.8360641590683776
0.8273429566959544
0.8280356868868882
0.8381519929092236
0.8234319199927289
0.8362758310122549
0.8336284413331359
0.836824272147347
0.8340349931778458
0.8306447624158939
0.8276650431116601
0.8346989703894708
0.8322276477130159
0.8362215268459741
0.8350890838407826
0.8331469536543653
0.8328432191292529
0.8392316600198215
0.8335696470793768
0.8343713518828635
0.8358914959435626
0.8331331044815947
0.8375006334117779
0.8293722615202763
0.8358309650174317
0.838339326179203
0.8338794946912389
0.8349562189315629
0.8301004071972554
0.8314537170371374
0.83384085846734
0.8339912227188979
0.8358315586436241
0.8352902852290495
0.8371069203122766
0.8376853332549241
0.8388492637090139
0.8386313650052862
0.833653777804251
0.8309903917937923
0.8377788230650907
0.826723975086696
0.8318049227121431
0.8352956973316782
0.8363749665864235
0.8360986209634115
0.8384703723188114
0.8357967241534272
0.8377233063857356
0.8330435174478863
0.8369582864179186
0.8381300855766466
0.8370891809933928
0.838205640297589
0.8369582927330909
0.8382012070466613
0.8263874269265102
0.8380724027932058
0.828192290528641
0.8365354730046343
0.8279521497882069
0.8321781304473097
0.8355027591998041
0.8357697646830407
0.8361039699143171
0.8412040651420629
0.8356082983586464
0.8305595644269075
0.8397532364121112
0.8412538602753485
0.8330882793888792
0.8352695588336856
0.8373169945175717
0.8386289399791378
0.8384218465351504
0.8372122889614677
0.8364259426569224
0.8296079690097825
0.8330761416277916
0.8379681519295049
0.8371537473145994
0.8364087148669916
0.8407728146586364
0.8391377976144916
0.8377382354529628
0.8388171194822003
0.8373844531876742
0.8362157737240434
0.8386839767054011
0.8346531348691933
0.8368251941624972
0.8372867195817477
0.8319300578505145
0.8382170518138665
0.8398638592846243
0.8368698866365952
0.8348995844667173
0.8353495215448669
0.824212923661541
0.8360602057705419
0.8392970978348002
0.83929704099825
0.8356187878597734
0.8218169346749993
0.8321156860239832
0.839128261704376
0.8364227913859636
0.8407937241939959
0.8409524497336284
0.8391602859429166
0.8412809586795248
0.8370517193915347
0.836513363586545
0.8433548865110496
0.841606044802055
0.8355690369326935
0.8372081840994976
0.8305955293329396
0.837429309856251
0.8426310035753475
0.8398062207073893
0.8345577694528651
0.8424338123214667
0.8379646154330381
0.8393493874611295
0.8397245086934914
0.834628107841519
0.8371901795433787
0.8377560694994306
0.8403232185997889
0.8358289694229968
0.8406673828577225
0.8372824631556433
0.8397388251890092
0.8407728841255313
0.8371532926221964
0.8347450522014664
0.8409108453787667
0.839311869022721
0.8323840808451175
0.8322027659343038
0.8399068971835898
0.8377590502607383
0.8411936072167968
0.8338979602549329
0.8388512214124151
0.8354623926187054
0.8425751143008289
0.8379393610591626
0.8027765261106354
0.8392461659705074
0.8345339991444709
0.8361139036802854
0.8411797833047154
0.8344661615640327
0.8419031989176704
0.8436827071031694
0.8338290238345212
0.8419344653355394
0.8398321634350415
0.8341380883650226
0.8384133589436302
0.8407467140516776
0.8387242927651215
0.8355177135277205
0.8275209056199528
0.8402657000108268
0.8408342360240565
0.8411842418163324
0.8298942862897964
0.8419345221720899
0.8353664146306677
0.8420133607826086
0.8417917550727632
0.8345721364697611
0.8406627790971437
0.8360079729807628
0.8380860119894303
0.8376056420961502
0.8411681065512031
0.8413295728755975
0.8373021286020668
0.8413169109552122
0.8286100707496327
0.8313809536223349
0.8399349428636054
0.8481543416480911
0.8448585037659394
0.8450697336477582
0.8393768331997802
0.8396943158549068
0.8413944549554172
0.8453894708193825
0.8424035500159874
0.8394849173730439
0.844050224868128
0.840958922785197
0.8438953263228857
0.8391195215059657
0.8427208684766354
0.8290377405303867
0.8391260387637399
0.8414658921840448
0.8418915095338134
0.8443589041731214
0.840083835680026
0.8406659303681023
0.8453101017343938
0.8483909648375755
0.8436568591031011
0.8441635948405751
0.8325044417132588
0.8455359322944824
0.8432173104833223
0.8426082247489984
0.8393994730923393
0.8413781491806366
0.8375969082129118
0.8464366021624868
0.8399183718515898
0.8454061618196709
0.8414838399036133
0.8443664318584576
0.8375912624489097
0.8408597745806838
0.8390006636488226
0.8391689061530542
0.8407033982851325
0.8434272015486216
0.8351471265890427
0.8395511256390386
0.8439111837204356
0.8418958101661239
0.8452363847285796
0.8467799770238876
0.8303670590308454
0.8453935314751471
0.8398052292253442
0.8442575835493501
0.843992352629519
0.8459143753074543
0.8372590086058621
0.845457270508787
0.8388980547299101
0.8388338420583501
0.8389252541768423
0.8346077666716633
0.8471277788210442
0.8445504559781719
0.8387222150734472
0.8415906105210467
0.8303638761840253
0.8441450219189525
0.8420902101138646
0.8483525622750504
0.8386687445099049
0.8407566730783347
0.8479349841395712
0.8460636786100719
0.8427195991270107
0.8385597004304574
0.8414136278184045
0.8462003641985104
0.8497125346216687
0.8448777397806494
0.8350009050904886
0.8428101460669031
0.8496974034689292
0.8422663971048018
0.8473512033005011
0.8417145773525495
0.843293957729066
0.8471187039185039
0.838886895820523
0.8408795031788303
0.8452682447726414
0.8439232772753174
0.8453548131540087
0.847039233790759
0.8494516295948372
0.8451030524966124
0.8462923067914727
0.8457463159432183
0.8454496291503502
0.8460717557153952
0.8407250656411634
0.8426977928371902
0.8394652266659312
0.8453530070147417
0.8461229149258893
0.8432861142851168
0.8454687262312703
0.8451946603854448
0.8441996039528128
0.8476227493925941
0.8413198411951419
0.8452932718003157
0.8473822676328577
0.8445771628416678
0.8471773908143344
0.8443586641965755
0.8448416359408276
0.8439520870911765
0.8498777332128701
0.8477491159895563
0.8385024407635578
0.8418010257456437
0.8428087125227997
0.841049697071291
0.8446039202265418
0.8411470770275707
0.848272479575596
0.8423854002109065
0.8462948328603773
0.8486972317467651
0.8445465216258526
0.8442290263403814
0.8399139638613509
0.8460277958012794
0.8509435006293196
0.8440771338171361
0.8475587135458575
0.8452825928440206
0.8446662130857342
0.8451921469468844
0.8435257308662532
0.8436748826047368
0.8489104445926742
0.8423960349609957
0.8403636167567488
0.8482865813552571
0.8399010872251088
0.8472216791174078
0.8470305062226927
0.8477331196582168
0.8469566755437781
0.8426886358374102
0.8456359709382846
0.845267562734037
0.8478952238150096
0.8465429433482062
0.8484379812950662
0.8427955959100115
0.8485629396086138
0.8491122901285117
0.8430941835697305
0.8478662245439827
0.8486871337863181
0.8415410427339622
0.8323635502200938
0.8363171259236761
0.845264619863763
0.8386956597740856
0.8387243748623607
0.8381976326591609
0.846904436438827
0.8478145980107409
0.8491979743857624
0.8438456511778731
0.8473609728719904
0.8472164122637412
0.8439577770613846
0.8488031498159428
0.851353178484299
0.8471166893785521
0.8437747128478541
0.8467570024271985
0.8449322081414089
0.8451109780378011
0.8515128449845989
0.8444557536549311
0.8477196430806098
0.8312703054891326
0.8444244872370621
0.8484712559377144
0.849182420116481
0.8510211519874529
0.8490054753048726
0.8460789108055679
0.8467432921882178
0.8443179502810025
0.8470098682397407
0.8401852068251754
0.8480896174475782
0.8431904078494862
0.8479364429443638
0.8481574992342221
0.845425934624023
0.8520011277887232
0.8460425227829944
0.848225905180164
0.84046932011007
0.8495930578776443
0.8351838051095402
0.8466516527235242
0.8464074008059473
0.8409638801954227
0.8489479567159103
0.8482795588837018
0.8435654596149533
0.8493574640612388
0.8466100420534901
0.8412084983929906
0.8477017900886251
0.8460791886731475
0.8482094983626274
0.8458738382167045
0.8483034870714026
0.8446905580748042
0.841599489653247
0.845889518789431
0.8502536817327984
0.846374416661223
0.8436528615990591
0.8350254395347264
0.8480706150942419
0.8456871427791235
0.8421234973868575
0.8519044109255309
0.8429057956659832
0.8509925379419339
0.8504778071963761
0.8447206498706323
0.8441764904223341
0.8429936270818028
0.8465222801045651
0.8487016965735541
