0.550266070291946
0.5903600465197134
0.596719807899546
0.6522096125446066
0.666927571694741
0.7005880252504886
0.7352094890722648
0.7680740183713297
0.7842316563680956
0.7892937295479041
0.7895209145824758
0.7892670120072716
0.7951124495896601
0.7898346626662545
0.8012883902157859
0.8009165154073187
0.804079854393796
0.8021560386874571
0.8067000131111381
0.7963511453071866
0.8077072713954409
0.8102552730188897
0.8138970259513195
0.8054586628273873
0.8053398121045825
0.8161154475816366
0.8121245969101664
0.8187966804197386
0.8117803117660076
0.8206519994052752
0.8133429536850383
0.8175594997783787
0.8211459715283321
0.8195634108138192
0.8245762758475496
0.8224495545204997
0.8201954713074748
0.8274379237009171
0.8106667498812702
0.8229783415660535
0.8242969034414968
0.8227186587842983
0.8283807657846811
0.8252032436482087
0.8308269390116657
0.8318314854369478
0.8268350316063986
0.8284685256167423
0.8288319974817652
0.8247417374430042
0.8347973425207551
0.8353819582132828
0.8327152650136855
0.82807743225808
0.8287250445629735
0.825902101176379
0.8335836137306438
0.8266426169332601
0.8313060022759755
0.8330097308886064
0.8320432841728038
0.8318515824766852
0.8345400469388421
0.8350314536178021
0.8320556466850528
0.829763381006287
0.8324759084428524
0.8238019127798406
0.8328089832965527
0.8345356990521964
0.8346680326797091
0.8366705686880405
0.8312496579938359
0.8277799807918897
0.8302653995842784
0.8366533044587826
0.8328160366763526
0.8340991661402734
0.8339061658074401
0.8253448077817775
0.8347244278887785
0.8340475707943529
0.8391537657931095
0.8355441095582896
0.8350499273616466
0.7974231699146717
0.8216358313017944
0.8302449078608338
0.8359769884629878
0.8396164815129006
0.8414731564279473
0.8341844305527664
0.8404917881216653
0.8339552720996584
0.8320409351681594
0.8303085728891558
0.8322523965131043
0.8377073263965251
0.8345005912998521
0.833778173700707
0.8327983077388588
0.8371475312164893
0.8342753860496828
0.8221570493323823
0.8385989869156749
0.8367057528307797
0.8352015877590808
0.8286759446366214
0.8352298458393449
0.8361167956174729
0.8407141796589541
0.8392361591999257
0.8307274341563814
0.8361309851333342
0.8361660992515448
0.8307360535392778
0.8409708131907777
0.8355280357460195
0.8285403644173235
0.8260445501653559
0.8325275738133013
0.8276159578822067
0.8344258305666642
0.8417633508066177
0.8405667080015093
0.8382898922801217
0.8331335215236176
0.8331723278442505
0.8389303302537564
0.8371628347589435
0.8289569976313629
0.8353319034069938
0.8396382718730591
0.8384882017454034
0.8377104011099219
0.8404517468229807
0.8420160565989678
0.8359248520184367
0.8299936407542553
0.8319033433351277
0.8400442104318061
0.8408841673853094
0.837818194323058
0.8399546172302661
0.8388582177209266
0.835720507711954
0.8397908680528317
0.8400875683468046
0.8389780487871331
0.8402151275746332
0.8412420436539024
0.8398210740881668
0.8405040678776531
0.8341401113919646
0.8412838992244669
0.840215948771379
0.8412788065314705
0.8410526782306957
0.8402131032291672
0.8450679801944152
0.8391514931788597
0.8401940692890929
0.8297447544816526
0.8405398185824882
0.8346685355831427
0.8367782282179854
0.840588059116897
0.8381850591947897
0.840711302287411
0.828675830051029
0.8372113299280022
0.8444341499899433
0.836915113439864
0.8367489006721923
0.8404808770269204
0.8357926966351789
0.8438072076527491
0.8455581009683932
0.8376047468278444
0.8392504442037809
0.8423269273112035
0.8421691556821734
0.835885924746345
0.8367911318288653
0.8411828283660863
0.8422198216116219
0.842962272591842
0.8398254283406786
0.8439237984930366
0.8283574157872924
0.8381601113649734
0.8413225209349788
0.8445921953512219
0.8452140068002221
0.8348212781778386
0.841328721288702
0.8438614384672949
0.8417988659744016
0.8127038207139838
0.8295074731832155
0.8386523265089466
0.8351949863557842
0.829570246990263
0.8359638429491909
0.8449467677352334
0.8467696589981151
0.8387790072472331
0.8428174491347552
0.8383042600402378
0.8297670923063083
0.8291678223896837
0.8312114818939613
0.8358087386181177
0.8402564038513693
0.8314468025055948
0.8302707214484597
0.843359012473864
0.8429970493191413
0.843508304769055
0.8415664609295085
0.8292507632609969
0.8339784374869261
0.8151139376745538
0.8301791675601159
0.8341891731231192
0.8374750741324222
0.8357615484516392
0.8404721366925653
0.8414442872245237
0.8420631385457198
0.8359621878239669
0.8415955847675821
0.8382485587105892
0.8433278515585919
0.8332469994553111
0.8448567734841198
0.8443857503088783
0.8445778785180356
0.840182508875991
0.8396250881640646
0.8433204989830784
0.8401175006498913
0.8389495360722194
0.846262617751656
0.8439559333858441
0.8455854869249819
0.8368505890195987
0.8427799096215053
0.8423613921110569
0.841121130390434
0.840125165152851
0.8313971423830131
0.8450167604346032
0.8380462451154389
0.8456162404248141
0.8423141382859162
0.8378130188738003
0.8348512677737213
0.8458438201430929
0.8417331638688812
0.8425869665814685
0.8481830468171522
0.8443368222609148
0.8463450748171348
0.8423884979695306
0.8440816719759265
0.831366210638926
0.8379337156978163
0.8462647821461794
0.8291131586962329
0.843746286312779
0.8387064363720336
0.837334636757179
0.8438746158104234
0.8011742120388053
0.8328695417821467
0.839260247637799
0.8403895523097616
0.8437893323003316
0.8336088734879062
0.8378354521864497
0.8355291115774149
0.8327939089252832
0.8354485770035425
0.834525838325382
0.8435052809825883
0.8443444422028107
0.84530458671103
0.8442767030200916
0.8426548076180475
0.8422964093484224
0.8383407873807549
0.8426075474270405
0.8452602866478272
0.8410077033856707
0.8476050388937877
0.8441961429827541
0.8324614515606086
0.8410091166079772
0.8421360913728939
0.8402221745885671
0.8278189335274465
0.8407525594665486
0.8421407257235207
0.8464401999564423
0.8423245719406927
0.8430502297657567
0.8441680695126111
0.8431605374960598
0.8421215581002556
0.8426879419518555
0.8424276416810745
0.8394792398025125
0.8418216430438282
0.8489284706569087
0.8463890629528915
0.8462608926019035
0.8359845765755525
0.8435990947534491
0.8450273086749722
0.8416115821894572
0.847954423096809
0.8409825072870707
0.8481786416377102
0.8461468226446492
0.8467732684442763
0.8380413879594937
0.8442360442323814
0.8456582678737672
0.8417034607369795
0.8373072062395267
0.8427981860234962
0.8461621070895048
0.8472388233404129
0.8466609872954369
0.8468519569169375
0.8452795879542837
0.846451136514652
0.8434793082483064
0.8395869247959225
0.84052462325976
0.8360620300701623
0.8425086345973167
0.8441194406603613
0.8423357122066223
0.8322427012988124
0.8435431515208832
0.845201746141833
0.8461999967253985
0.8472883752432683
0.8427898785680457
0.8457844138792894
0.8414324212498421
0.8467982990303539
0.8423231841818511
0.8331909543688852
0.840879182912039
0.8434465240371417
0.8497034703112422
0.8371599191922031
0.8475176992088984
0.8470511830669588
0.8380145240039375
0.8463493335816531
0.8462854521138787
0.8443210985712881
0.8450356543256201
0.8462621594092863
0.8440379257430869
0.8428924326732619
0.8486036205023976
0.8447794473068351
0.8370223655543692
0.8367217184233237
0.8467880245222335
0.8454205155012281
0.837066067226145
0.8461834773024913
0.8417429227418356
0.8465869904661987
0.8463266138050225
0.8421351619564221
0.8466521514730881
0.8428022665437594
0.8478922986081187
0.8481798129570994
0.8436762617840778
0.845020770930338
0.8432714245201913
0.842703792958807
0.8454237684588797
0.8454821498182175
0.8496678660213308
0.8415672821262544
0.8442615586242935
0.8508206671056058
0.8452392283622869
0.8475416666953131
0.8485675833335816
0.8430428389950456
0.8423498189662225
0.8496422497755587
0.8443119699190922
0.8472546934449632
0.845567605206698
0.8384139566473813
0.84627636165688
0.8468512312081857
0.8421468751503141
0.8463807618633075
0.8463829071602321
0.8513714482190381
0.8452970558912616
0.8462939632770492
0.8454985482896661
0.8434993288976487
0.8409122535871847
0.849065610513437
0.845788914546725
0.8458350607111391
0.847739224988378
0.8491221203080987
0.8473035196390666
0.8433618580160758
0.847200717265067
0.8444450929140193
0.8436051359605161
0.8441488955234795
0.8466631134947629
0.848762875378263
0.8464075112332712
0.8333271966382725
0.8439990430320592
0.8470754879442842
0.8481041482709047
0.845982328660864
0.8401548937482177
0.8455304285478239
0.8412322529516165
0.844911761836749
0.8365181889477205
0.8475528706199051
0.8445629378299571
0.8429715667565603
0.8408528218599162
0.8497822224425661
0.8464161942748303
0.8444924040319562
0.8479982902811074
0.844455844862108
0.844943648460773
0.8435622936806835
0.8480141094587275
0.8439248934220306
0.8450361508631873
0.8431662031170185
0.8492682742312305
0.8425961907216584
0.8454979498982391
0.842366395681926
0.8426435782299903
0.8455242218282345
0.8423660137299512
0.8475059541856754
0.8464078868193798
0.8486581123174597
0.8502534556913938
0.8429187809936521
0.8477140543532429
0.843281348905668
0.8375992976463381
0.8434855531630933
0.847017514000386
0.85107643487962
0.8365068322423385
0.8471417502460343
0.8420160756965664
0.848855969806238
0.8469650147014588
0.8410599098547504
0.8406586820370253
0.8384342764924372
0.8458144925972997
0.8394315658301994
0.8469507615269352
0.846571343166967
0.84499619868663
0.8474569497473171
0.8474723997046951
0.8488435245377279
0.8380851405581995
0.8488563199288817
0.8496649313569917
0.847220782475473
0.8446862892201974
0.8445695519649864
0.8323221918706207
0.8411736869821573
0.846986531329369
0.8484102764127874
0.8503962802664793
0.8457809253845869
0.8473186767665973
0.8454394093922449
0.8484004284177057
0.8463370792891303
0.8489316217607003
0.8394130411594248
0.8440686410477218
0.8424933819817925
0.8458837786855162
0.846832445536895
0.8414391308728649
0.8473632632937812
0.8364062770191236
0.8516388018696194
0.8348820785663498
0.847359138212454
0.8455817246980306
0.8428317659679415
0.8444102970891213
0.8476830971456908
0.8432901719962845
0.8437584514831742
0.8487389779163772
0.8455544851563659
0.8412510004277098
0.8489696450797851
0.8472701752316724
0.8447747365658133
0.8434311886653562
0.8482208218674534
0.8426149827588151
0.8430716954667368
0.8442402266065047
0.8512114358050897
0.8441811704653446
0.8450186001699482
0.8432533900211177
0.8447582044111734
0.848332644673923
0.8462588937199024
0.8252941991451251
0.8494344488037047
0.8466602297573538
0.8435252316074019
0.8462605361133937
0.8459412815553125
0.8485586774867041
0.841296427249238
0.8445076502816145
0.847070993642715
0.8465205944812574
0.8509186505188575
0.8463256525592197
0.8498762144576818
0.8511879648562422
0.8492544030086816
0.8451830623244023
0.8499961792070795
0.8394991776955936
0.8490821681315416
0.8485275738642283
0.8414211536665874
0.8510924577649601
0.8458747773506451
0.8491420200059824
0.8453525726107892
0.8505035132833858
0.8465295066940012
0.8505274935015327
0.8485089155102625
0.839726305437369
0.8488099764226139
0.8493286290091048
0.8473636006846923
0.8506663266784822
0.836924713166162
0.8409822844817523
0.8434853876505709
0.8485786090139189
0.8511617056579792
0.8475116707335641
0.8424160303410426
0.8492626468054696
0.8465288828391092
0.8485715047071888
0.8459727671297631
0.8470571988105609
0.8449610081780246
0.8431853834720163
0.8465271895186878
0.8477691318279995
0.8477566738277569
0.8440267409160933
0.8491504420470253
0.8491962762839932
0.8457020013748744
0.8464244126081533
0.8460063152448772
