0.5420380745777386
0.5461639787020058
0.546752483289928
0.5485771449571001
0.5490637668709195
0.5493009268500462
0.5500945482330375
0.5513167614119332
0.5504033727869931
0.5514637723070198
0.5524235142963628
0.551076191239785
0.5521626092695311
0.5525450434713723
0.5552253351979765
0.5537635685896669
0.5526800429088169
0.5565579565335281
0.5561556105935449
0.5595839092138919
0.5597014282545151
0.5598194588240917
0.5925207532979976
0.6780993640318403
0.6906120126903639
0.7027050560431121
0.7169164860401096
0.7209224271520881
0.7218110413562444
0.7191644537040025
0.7303969222174379
0.7278863381150302
0.7240371774696277
0.7256172840909545
0.7335585690041948
0.7335864820655928
0.7285268607768742
0.7384325873801336
0.728276041080145
0.7419094938813812
0.7394003370079048
0.7362734489292777
0.7403027877544869
0.7504231923236202
0.7459047812977537
0.7471528803677512
0.7511550765825784
0.7470666782663751
0.7534049514284945
0.7529545470275975
0.7551596473021761
0.7558289355736735
0.7458814404210734
0.7575698517414795
0.7526713873337145
0.7487154434405342
0.7576067765536953
0.7557033899491052
0.7590532793906475
0.7571035078457931
0.7570369901363577
0.7574092632260295
0.762355350347822
0.7636589660971745
0.7594722216033353
0.7640839708752339
0.7644896007047935
0.7657427519126005
0.7637535484321422
0.7582282147649638
0.7644245418001505
0.767191433483983
0.7629528035348394
0.7677948671391324
0.7613418851880465
0.7567543293410836
0.76952367080654
0.7624996330884916
0.771348376679918
0.7688050547245042
0.7681396629142924
0.7694343616404109
0.7669960357390251
0.7651962874264264
0.7681368905536693
0.7695934913510684
0.7725052594017632
0.7619289372863483
0.7722050361124285
0.7707499067501663
0.7679811015691385
0.7688077639334046
0.7711375257084346
0.7690826318061074
0.7685629310199796
0.7705513387887327
0.7691208891196705
0.7659423176712514
0.7664991769309688
0.7690863703880867
0.7651877556287003
0.7735864800447376
0.76726931850349
0.7753318484089883
0.7711173992544358
0.7652878700545696
0.7738475176901869
0.7724465219845545
0.7675686766142249
0.7709413954034942
0.7682871095562651
0.7666026194526201
0.7750232385708897
0.7730794538093396
0.7731198393359551
0.770928853471382
0.7603981268996985
0.7748271082659491
0.7752694103008341
0.7695469232708085
0.7749999671611043
0.775992200711735
0.772379859026157
0.7679550072773519
0.765633474171779
0.7742024998382052
0.7775717263372138
0.7709397913497398
0.7747940609695021
0.7778330165895534
0.7663434637285049
0.7743061760212303
0.773601573306444
0.7766761275525358
0.7743328071026592
0.7773615258284735
0.769183573519543
0.7641961472801235
0.7729608106680537
0.7783462380089404
0.7762639425741683
0.7753132123356433
0.7713013854831166
0.7738212655190938
0.7701398232186251
0.7702452423891943
0.7732479362901172
0.7736678068331275
0.7774346050018892
0.7773717753530549
0.7755417899956657
0.7738968960221033
0.7742081456022075
0.7737513249862922
0.7697207925935255
0.773980313132512
0.7642479001168104
0.7735795523007662
0.7754298535673221
0.7703129536661873
0.7732638568393897
0.7704076180983945
0.7756785513661711
0.7753449208155706
0.7704256984365805
0.7752479702910047
0.778133890341631
0.7757837052995057
0.7567037511264373
0.7748882201879285
0.7762652434996544
0.7757377687364719
0.7757131521949947
0.7726011552925615
0.770840529472126
0.7709393808635429
0.7673308851178722
0.7781076508008826
0.7705901834133161
0.7770279584295955
0.767883513212174
0.7713792768177958
0.7775840093472633
0.7678589093010413
0.7782582234531251
0.7711989660193715
0.7750420072628523
0.7659027657473746
0.7785887216782837
0.7715334175423663
0.7709517396556593
0.7694326881197615
0.7669379487845591
0.7732831054844442
0.7767275077940594
0.770983814415578
0.7768669278520871
0.7783072228747058
0.7639522111211597
0.7753329598793066
0.7722893247166092
0.7765329183911508
0.7753778670692615
0.7724534939347317
0.776475140880126
0.7767546756651302
0.7789704801566931
0.768926324977451
0.7752220528240414
0.7716311637786373
0.7755180449479607
0.775567562213667
0.7735540768958615
0.7750340564609745
0.7779539205625092
0.7760077802417054
0.7797271072605738
0.7750126669725232
0.7760102115830263
0.7761482423031564
0.7751039906786037
0.7740116805931371
0.7777513550970336
0.7787939584616261
0.7776690178810819
0.7783288523397032
0.760441019549702
0.775359344669017
0.7706654097453008
0.7734281649913021
0.7741293764585837
0.7754566677887466
0.7775125215972576
0.7732240649389669
0.7720929228592613
0.772849379453491
0.772068495772952
0.775158187486956
0.7719602221445203
0.7747463182672016
0.7762823197254507
0.7692481335255772
0.7787010054411019
0.7724343400172611
0.7766169164974074
0.7755105425233135
0.7760606319183659
0.7772622765812042
0.7671314709233554
0.7750629610044175
0.777512022698649
0.7748024727789551
0.7708382686404561
0.7766364366948693
0.7733474318291049
0.7746351333443573
0.777537914904923
0.777768620777998
0.7747428007162517
0.7738817206631577
0.7793161158497638
0.7737528406276352
0.7772178430291687
0.77227709854311
0.77764611906646
0.7790492808761781
0.776001597688061
0.7737366043197496
0.7750300968479662
0.7723053399934656
0.7623173961625276
0.7720088300254209
0.7759613889862689
0.7758082839499492
0.7794606638276684
0.7776657971432283
0.7763597184766935
0.7757299126621781
0.7773143451765043
0.7749534622325669
0.7750437439352243
0.7767803910465813
0.7738046124098389
0.7743181180119776
0.7753697773335939
0.7762986065547144
0.7760842443474536
0.7731535307799728
0.7739912510108696
0.7789982290236122
0.7720783095506472
0.7789630914051465
0.7686056594755043
0.7722323239717724
0.775825776977115
0.7741120160500357
0.7751007636255778
0.7724520477602838
0.7673760575450621
0.7688351086292989
0.7728553599216231
0.7771081232262891
0.7780432865651883
0.7777939004125626
0.7722489265596493
0.7760324978259389
0.7779107626752706
0.7685705155418663
0.7756515918957849
0.777166525939368
0.7711964904718449
0.7709533310790695
0.7751476537796229
0.7730091722572361
0.76593273755493
0.7750445080710682
0.7785184338110079
0.7755421499604848
0.7694390538134015
0.7774394613693587
0.7721902649245076
0.7785446670365841
0.7779216247715612
0.7754925505975391
0.7774132723499881
0.778791116634108
0.7729543691923466
0.7745349115605595
0.7762394144451028
0.7779555877679862
0.7777572282072373
0.7780870696544807
0.7747385948115252
0.7737991434706601
0.7760666629078761
0.7726461130038945
0.7765065841228184
0.779447976646594
0.7781830729032074
0.7738074416070122
0.7743192105367791
0.771828481335963
0.7782175221678966
0.7734601008174308
0.7770993830278785
0.7775887773023211
0.774963515986808
0.7775612620967756
0.7754085524912824
0.7816182108551143
0.7771550386410234
0.7759256009050602
0.776156641482265
0.7763971548178626
0.7758426384870545
0.7760609918831849
0.7741428404058464
0.7785128322532116
0.7788148237907796
0.7755978687253522
0.779241950466719
0.7666038888022446
0.7745530108442623
0.7783711703090306
0.7720897779034749
0.7779305670554844
0.7757201430906888
0.7743584214413537
0.7819815227153463
0.772682665220947
0.7741621016812454
0.78118643621239
0.7797922356321116
0.7731165428160343
0.7774124450624219
0.7749768283699363
0.7800042233346018
0.7749118326170159
0.7760214399593081
0.7701962808586472
0.7791698754056929
0.7760058099079595
0.779035488539958
0.778442721210759
0.7787720132380158
0.779124557729541
0.7700760210332623
0.7761729156811841
0.771412134659075
0.7789105933781326
0.774798588948014
0.7789320270727897
0.7771831916789674
0.7781279856555662
0.7783613881071968
0.7753670554943488
0.7653658119106271
0.7778724485251571
0.77404231549378
0.779004973627588
0.7771881111981594
0.7783321678051407
0.7780264629462824
0.7783959194691253
0.7727867771508579
0.7735388383851933
0.7787559790156425
0.7758753005579935
0.7796393579419933
0.7742483290433104
0.7786023813958864
0.7805298224916224
0.774855065533553
0.7768915949149425
0.7810056328305294
0.7757214755920361
0.7733841419254636
0.7804793832107659
0.7798920406145401
0.7779119372973116
0.7804909904973836
0.7754928537258077
0.7794548854450486
0.774576844304379
0.7773798903494114
0.7814078903581011
0.7780152724610343
0.7705897097753966
0.7793943545189175
0.7763695069936996
0.7807403387589756
0.7775172137702484
0.7800764057535565
0.7708995068658806
0.7772088817997291
0.7748654918829574
0.775814738056001
0.7769160093709074
0.7767263394871908
0.7724109675647195
0.7766497301324806
0.7791034776845304
0.7718884691572796
0.7764551280992278
0.7787991242725364
0.7683036931986251
0.779753820439242
0.7783567906617902
0.7789545027708702
0.7741511701180599
0.7788504476775095
0.7708095156611473
0.775137385309525
0.7798271711650651
0.7806326019201862
0.7726801202065254
0.7733991720354472
0.7812920574684717
0.7798519582161932
0.7797350012259012
0.7755214361954653
0.7769663349786631
0.7764883711660147
0.7790569032890984
0.7781431104931337
0.7784604731599875
0.7766145230471202
0.7758898822907464
0.7805371038852404
0.7805982410679088
0.779181830026785
0.776119331444541
0.777729668795486
0.780437703073837
0.7763709405378031
0.7792326671634939
0.7739966378528091
0.7797181334007894
0.7794087025902966
0.7800876467601827
0.7784210854305895
0.7663828135668694
0.7721127714456809
0.7764984438657726
0.7778884827475304
0.7655913961789974
0.7795007462260151
0.77364101155722
0.7792907478027873
0.7789680614457168
0.7796207913355432
0.781318915896102
0.7730170220163577
0.7807128677596362
0.7782426376079825
0.7808479808701813
0.7694040235528644
0.7720676684853859
0.7705235646611246
0.7754763142896535
0.7735637643701114
0.7786719809093856
0.7767166078067351
0.7799315230715219
0.7795101937237192
0.7696599269632647
0.7728052679752411
0.7762413026816091
0.7790264199525897
0.7748403132911491
0.7810130026365592
0.7779303776003166
0.7812891840650926
0.7754957334443592
0.7712282621034949
0.7774313021667962
0.7809449629706086
0.7802972915337637
0.7805271764344446
0.7775578329582373
0.7795922972782972
0.7800083724027781
0.7782291610303754
0.7782841030290547
0.7794442570101316
0.7761169632549428
0.7807800485621591
0.7776215467311887
0.7814982983642036
0.7790501271092614
0.7829010875787585
0.776081364628902
0.7773797640459661
0.7827603602800722
0.7803288737102461
0.7771891026802046
0.7770997114168363
0.7765491862748977
0.7810619831126231
0.7782115985363149
0.7711895311520122
0.7791420570718788
0.7733986920823553
0.7815780084684945
0.7733363360714406
0.776116293846683
0.7689873548021909
0.7819914627964866
0.7756485542979268
0.7767724086688421
0.7732259279147842
0.7812603805644056
0.7780101003349517
0.7777270227383082
0.7725872745439296
0.7766299257522673
0.7755135232846211
0.7802737612019156
0.7816165878558429
0.7797649667182844
0.775681917352987
0.7770450220250474
0.774464566856733
0.7681188733672059
0.781102766495091
0.7831578435374139
0.7739565301937733
0.7754544511632825
0.7769641057228545
0.777597163851085
0.7793565771584464
0.7808285869761646
0.7777881283451151
0.7763653074041453
0.7765948702310409
0.7783384829774027
0.778407217312302
0.7804985750192702
0.7798501773376152
0.7762296448736136
0.7757779963837808
0.7792539177181557
0.7787848393528798
0.7803769448015041
0.7797646825355325
0.7727542919047423
0.774765345881227
0.7829566800401807
0.7782149392624416
0.7770422812402856
0.7818757751558194
0.7802092643476041
0.7777196781929674
0.7802570449409382
0.7784208770299047
0.7792400306543513
0.7745533834394258
0.7816213368653839
0.7778073769901698
0.7786493031257931
