0.5255295409126103
0.5471546908092901
0.5912512136935273
0.6099284265390557
0.6899188400750351
0.6954304158232942
0.7273017482187087
0.7397901593927538
0.7532858224056576
0.7611965207174425
0.7609404735331153
0.7673305050465162
0.7754273810285452
0.7615957430304535
0.7804116948450415
0.7726547684420836
0.7836729260537065
0.7810939531169728
0.7822707598487552
0.7898336427319615
0.789929129144684
0.7892069967212164
0.788741994879441
0.7974515929723539
0.7923742416058182
0.7946014373413609
0.7917594873235457
0.7949498233164807
0.7933603127056612
0.7988408161046441
0.7946522736792521
0.8029336733876193
0.7984239132594888
0.8043770727987898
0.79646203448691
0.8030930481916944
0.8028766571973036
0.80348813564494
0.8031114659468976
0.8013965376671622
0.8024805889168578
0.8010573637749615
0.8066791127014045
0.8062158032673471
0.7990044026961081
0.8046810587138546
0.805816715577677
0.8092182884142255
0.8034379724237547
0.8082602830757049
0.8095408138865643
0.8057345184119216
0.8037064947043665
0.8060782887296286
0.8088956860142631
0.8075035332216429
0.8088937884662157
0.8049111620571421
0.8128601382722749
0.8102746328981753
0.80954549365033
0.8097776099330998
0.8165573631980043
0.8123566149230101
0.810494453582449
0.8148020992009912
0.8123708208908246
0.8100729927755986
0.8128194243275146
0.8156176730445224
0.8168861454503914
0.8166728443822129
0.8145320511891793
0.8174238118432384
0.8138589537150849
0.8174137727883661
0.8134491602644721
0.8196137617877159
0.8098585249717964
0.8109124270036986
0.8161058365116194
0.820096232610671
0.8193206162569352
0.8214214711920795
0.8093781376053123
0.8106258331421895
0.8138122650582298
0.8159418524607672
0.8130136986301371
0.8192745622529741
0.816889459748839
0.817153494584744
0.8185402624437161
0.8174763341782123
0.8152516065372581
0.8188396262907334
0.8152068154284504
0.8192987624012138
0.8229743257902806
0.8183957474922555
0.82182448219055
0.8112308176162719
0.8185313388393852
0.818733613614856
0.8215206437200968
0.822238923351752
0.8158991960935127
0.8251601280537222
0.8265122784821001
0.821789672440897
0.8225047467549044
0.8256084237799182
0.8252264076120396
0.8229157197624117
0.8187445950331168
0.820185430190169
0.820357183930999
0.8227899559191896
0.8225456850718998
0.817974017438723
0.8244571506085168
0.8191311114669726
0.8252908152648508
0.8266679607602448
0.8201042907792371
0.8229224573401068
0.8217831143609898
0.8239490180124749
0.8235376283136734
0.8232576438171538
0.8242747039280143
0.8229726333825628
0.8242688638392602
0.8167813187420436
0.8264642243599268
0.8255931215934684
0.828078589003786
0.8231338608602381
0.8259755416313708
0.8238480505065748
0.8263086574732174
0.8230490994403644
0.8223484746983122
0.822388637328437
0.8238114521896743
0.826225947456638
0.824476978703485
0.8282317839554363
0.8222616234113325
0.8260638160793862
0.8233863244994352
0.826958856158037
0.8248758997166371
0.8296184171910673
0.824398967682577
0.8208654639716527
0.8251337226469411
0.8239586467866882
0.8249947208418345
0.8229981925854848
0.8272239551594012
0.8274044209535973
0.8262844509143425
0.8247164287530327
0.822250783027048
0.8283476113139507
0.8291315486722997
0.8229907306060011
0.8289536535428568
0.8277922515676888
0.8309842286832593
0.8279635052789658
0.8287205564328867
0.8292947249831049
0.8305823139034244
0.8341591599195798
0.8291059510055659
0.8237081063380796
0.8299362693102759
0.8304369014630224
0.8254472027128783
0.8279153614078987
0.8309251418577431
0.8256136805008605
0.8316144838816756
0.8334408290028423
0.8216190213293377
0.8303404214018291
0.8327722510266312
0.8316193559645
0.8317339909448495
0.8269667412394501
0.8275402623155035
0.8329716730693956
0.8284942417750588
0.8282210910157639
0.8241024116938195
0.8304056624372286
0.8246358150141951
0.8338849129416496
0.828885976466045
0.8301829185032602
0.8229173416531412
0.8318883269895824
0.8288857969682566
0.8262951566752856
0.8279122650710511
0.8303652177391511
0.8308083400826638
0.8350735857593634
0.8334501821197381
0.8314732768180273
0.8367136185869447
0.830293348106856
0.8295882295094621
0.8333472721913436
0.8258045828093175
0.8242002956841424
0.8335356487094943
0.8307839476153656
0.8342156055633545
0.8274035106433855
0.8311518026898769
0.8342193429637316
0.8241489721379686
0.8311541874462068
0.8329641405729236
0.8299272623676861
0.8320808447781337
0.8286709894007838
0.8279508891487048
0.8276754433819742
0.8345446891156003
0.8291933407859106
0.8248136460372851
0.8292676208170766
0.8283414571040673
0.8341693528296992
0.8298215638129383
0.8241189703647869
0.8322899661120997
0.8321679396692548
0.8285804007134269
0.8305490555275127
0.8272530850861827
0.8364059786097613
0.8269879027465599
0.8334229048665569
0.8324880291001815
0.8316325298200318
0.8321129877035038
0.8328038746905427
0.8250841684361088
0.8247774900542199
0.8261649823149804
0.8268792617102114
0.829018817650633
0.8293164506261204
0.8296612017710278
0.8338430066187245
0.8229952693357903
0.8245669199166771
0.8317937060126245
0.8259224743923967
0.8333452720731316
0.8312427503728105
0.8255591901008508
0.8262034845905636
0.8299028186153053
0.8278531590136291
0.8299583411275975
0.8314610581471545
0.8304215479914904
0.8274290826675781
0.829564824279999
0.8228302852258319
0.8268371887107688
0.8253295162701284
0.8314798861830167
0.8284001464701953
0.8310567650216251
0.8347143786318653
0.8294359064042118
0.8361038517789321
0.8321203471128229
0.8334861778369209
0.8323551879155934
0.8343341125674223
0.832313140558692
0.8304724035612876
0.8314400761378333
0.8363355449597727
0.82341433256504
0.8275132414877341
0.8300163253238428
0.8338726750388707
0.8309470469985469
0.8365169274748162
0.8279320611128427
0.8318545237096706
0.8273199351910414
0.8285812148641093
0.8342452098771479
0.828561168807541
0.833241233872925
0.827620132420647
0.8296243470287155
0.8321620547060538
0.8333692670810416
0.828053183656111
0.8329965719768821
0.8300608087221566
0.8344684346087634
0.8259887603613496
0.8272108966953047
0.8344520362036782
0.8329380877510838
0.8296932998219511
0.8288182865679626
0.8335939983119516
0.831355930138948
0.8305479144344301
0.8245491880994505
0.8327658468019712
0.8278183877277875
0.8261508789173309
0.8328364791816543
0.8317728329841033
0.8327341974955187
0.8266666978650918
0.830287918298761
0.8276750331013153
0.8325418143303085
0.8329829173237034
0.8312573666212837
0.833338835795295
0.8301191839671549
0.8320829025920634
0.82916401854007
0.8296054164226885
0.8234337247368082
0.8260394236120879
0.831204023724992
0.8283900753621465
0.8318234641816651
0.8357291501459253
0.8340876428722263
0.8263950407838208
0.8284806640495035
0.8328823088133799
0.8302800075748067
0.8290050924804657
0.8273495395048347
0.8324913369879937
0.8240675634803546
0.8311355324974976
0.8245727023097134
0.8330243428489812
0.8307000708631624
0.8306015522199452
0.8303493962912424
0.8386701957641343
0.8367210036388049
0.8276342422289318
0.823081332114629
0.8339012664722876
0.8341595702002388
0.8321357005843549
0.8318211691742293
0.8289179719468034
0.8360231547018355
0.8336771314304602
0.8309173529358593
0.8298764260297948
0.8327373515280837
0.8285331927951126
0.833969276902135
0.8322909469393
0.829514949537402
0.8286314678341887
0.8366513072118751
0.8332286305639346
0.8273410646449745
0.8332291113615817
0.8348812474686005
0.8297446682425719
0.8338117740035661
0.8360153529586812
0.8358580167366303
0.827707137562874
0.83582338007413
0.832622902456158
0.8243406950077434
0.8342475818122069
0.8267650370105207
0.8368931676602936
0.8305228552610611
0.830818571456595
0.8277351840922906
0.8343072968799822
0.8292025977432769
0.8326213510824166
0.8322148398770748
0.8372808828829499
0.8362630086214069
0.8341407357537414
0.830751605960301
0.8336309363925227
0.8308664460809798
0.8216306117579515
0.8332122770332966
0.8316938539572658
0.8300328583522693
0.834668972102069
0.8317631529248075
0.8294825822397964
0.8305596266651145
0.8319442726038039
0.8290690770313476
0.8325325317304011
0.8309719266741278
0.8346361175961811
0.833514775680973
0.8308661127279445
0.8301194339819316
0.831173214211763
0.8323941453462826
0.8359716516578736
0.832549077580098
0.8288480767901796
0.8327723664180665
0.837776841682566
0.8276466660401338
0.8316757439125568
0.8329733526558429
0.8348144422381888
0.8284977868563771
0.8335256481184337
0.8328631538351178
0.8302407680761644
0.8312470134452818
0.8355600375868367
0.831467103376238
0.8327173952204099
0.8265771477006525
0.8321717411759849
0.8262474615486891
0.8328466977343147
0.8268196235700597
0.8246409435224313
0.8302023940132873
0.8291714292344714
0.8314961371434901
0.8333979482633525
0.8299511804479727
0.8262578019034202
0.8248431798340903
0.8281878903355699
0.8306477985429652
0.8335272571878927
0.8323464886834979
0.8285627265919179
0.8248198899960625
0.8315858860376235
0.8328474285467384
0.8324069794381437
0.8308933066428671
0.8367931809815939
0.8344436510927119
0.833689003927027
0.836244424189686
0.8285560787631167
0.8307902556804962
0.8318187459540878
0.8258686058240109
0.8355511652675883
0.8307447465805351
0.8288880727437865
0.8347898638624667
0.8274825858297522
0.8326925668299112
0.8360284306546835
0.8263791936933709
0.8369262529490525
0.8346044298259166
0.8329429085488258
0.8330621527759525
0.8342402159922528
0.8328490568481035
0.8267291118103263
0.8377823484182847
0.830874023451899
0.8279359523684671
0.8273970230804667
0.8334021985145532
0.8350632710471735
0.8342742692869413
0.8356549342211123
0.8247778811029728
0.8302480249153188
0.8297122368386131
0.8306188993990542
0.8345465738423771
0.8295361495083236
0.8329131119159736
0.833368408055912
0.8340647120297751
0.8341806996541719
0.8302696031137224
0.8330830001619326
0.8292119893239844
0.8229599339140429
0.8346667347903511
0.830472416382558
0.8288503076912622
0.8334785940553666
0.8330406258626311
0.8253913212050097
0.8337173645775732
0.8328710389165307
0.8334930372166868
0.8338117611822955
0.8347210264606665
0.8277635191002954
0.8324524116104811
0.8244491052612213
0.8314380696089858
0.8330310611947707
0.8282906271768113
0.8277867832957819
0.833052998388751
0.834102989933123
0.8327466725918031
0.8296280523759161
0.8250858480225562
0.8361522200222347
0.8267606457253435
0.8312487571380822
0.831357513565866
0.8304095665141235
0.8344193419636725
0.8355292344842432
0.8363457506911627
0.8269710235438275
0.834875574056364
0.8350841697182358
0.8277653268994487
0.827371970317733
0.8375613225345753
0.8296289947393045
0.8363130179873451
0.8251585382161689
0.8316469537494459
0.8347654778058037
0.8376155180453614
0.8362788557118568
0.827062426381867
0.8307376948817103
0.8337186979897145
0.8274767008665512
0.8358981473135785
0.8252409341116187
0.8338124342990015
0.8319496831799931
0.8341109327102537
0.8231899154552595
0.8321624585760774
0.8258923251746033
0.833046203115338
0.8312843425746059
0.8318270349055246
0.831168393414021
0.8331300542249997
0.8312615591767667
0.8308174047209713
0.8329038677798778
0.831252924051024
0.8252945654864986
0.8346419512742997
0.8358157834713053
0.8280023344969492
0.8356265607492955
0.8322610349150124
0.8288569491094281
0.8324396159824319
0.8341738018105942
0.8351200436333481
0.8320956982201129
0.832380907384398
0.8294860439828559
0.8328633782073531
0.8362842791093166
0.8371623887001527
0.8339494872709784
0.8326108440511677
0.8382550109692382
0.833833595806111
0.8333799407888081
0.8344160597184014
0.833254933400551
