0.5339272779950746
0.5391530592904445
0.5407345590023107
0.5423590075438056
0.5436708166850779
0.5466339413177314
0.5494012243926378
0.5515214096405764
0.5519304382120779
0.5540178853476845
0.5560621858210151
0.5551747787624738
0.5590895996824468
0.5605778946904909
0.5623291922492998
0.5633830339997741
0.5655109347209698
0.568258983357169
0.5706054444820965
0.5725572103299275
0.5759141495653106
0.5766213885171549
0.5800341931395466
0.5827094393614218
0.5850011774233382
0.5864221391325103
0.5879888396859949
0.5860081838899132
0.5883447597641579
0.5890090817948654
0.5881994229668388
0.5875795686099576
0.5884516149206659
0.5884535102850641
0.5870605259412844
0.5892584594197376
0.588789028073729
0.5883438599446962
0.5879705752654308
0.5853840410317674
0.5870604046890167
0.5887333541376698
0.5841251297877894
0.5899197373803512
0.5863419850017326
0.5908060467867831
0.5900328146927116
0.5896772583713523
0.5895659296443287
0.6107733852548308
0.6253253740792006
0.6345446307262181
0.6384461330418174
0.6439489693876314
0.6419844273797831
0.6354803663860634
0.6490752663880417
0.6506499249193194
0.6527931608615548
0.6535533487642798
0.6517478833502128
0.656871602144506
0.6433451203301125
0.6609720858134209
0.6610371791361861
0.665365687267427
0.6655588357484872
0.6673742566119181
0.6649036395463633
0.670003044070094
0.6675662436238856
0.672164078568917
0.6685401609847217
0.6711768936572939
0.6724905534910761
0.6728997862769236
0.6697431557881046
0.6736751051863424
0.6747708810764139
0.67634411010727
0.6754665500092215
0.6752997579421831
0.6752239561296531
0.6753791335057668
0.6713348215453793
0.6756817025860555
0.6765235634637561
0.6742420680276278
0.6775052728782289
0.6772798968207018
0.6786140099975686
0.6723254589557882
0.6758732620242365
0.6760217386171243
0.6798199212370795
0.6758714560036145
0.6778966369088074
0.6784803325630623
0.6776975470666204
0.6650261234820333
0.6788641534262381
0.680933776478464
0.6793927112070919
0.681477209998079
0.6811692100925282
0.6791709280457134
0.6805086405004273
0.6822713102456252
0.6827839329257981
0.6678693040949444
0.6735249182983074
0.683122430967574
0.6808694170510045
0.67490036573513
0.6794271340877778
0.6834478656729086
0.6813398503236479
0.6819646632601162
0.6799328262435856
0.6833057771600295
0.6827412840359902
0.6837378117539396
0.6847491833021587
0.6804291564479723
0.68311149273667
0.6841630562208476
0.6844698372220211
0.6798875417123756
0.6838447690176205
0.6824282106802827
0.6850807699646646
0.6827784319018546
0.6855300925792974
0.6833244053373972
0.6847167961832338
0.6864210989156856
0.6875060642088193
0.6849134099264764
0.6851202535321105
0.6858358780355346
0.6855547833700599
0.6858595605179642
0.6879046969937734
0.687209589650417
0.6881116809967702
0.6860790590313475
0.685122136133112
0.6875785028663397
0.6850367553914182
0.6872566929656454
0.688437013594932
0.6894088760489118
0.6890268229161681
0.6892563024057088
0.6907465757402291
0.6897768958270714
0.6896908832972448
0.6876097795697587
0.6871957094565921
0.6877285174485206
0.6881936411481696
0.691271681022297
0.6921482200486158
0.6910776199583786
0.6883466104566679
0.6913544005957953
0.6907970358287687
0.689604513392313
0.6934301883685889
0.6924949504812119
0.6902492180824145
0.688490032744494
0.690446342361522
0.6901394209629855
0.6943370340801835
0.6925959280935761
0.6937634917079404
0.6944997801504932
0.6934350831311931
0.6946861385045511
0.6954988669294649
0.6939464422351005
0.6944175264409715
0.6950431115629354
0.693602277245225
0.6951155885106456
0.6954282789644546
0.6847952400188644
0.694549933917514
0.6965875336076188
0.6968041156848742
0.6944500029036726
0.6970456884927131
0.6931965863019398
0.694061472347144
0.696143188717668
0.6950000159542459
0.6967606244108895
0.6949343546603309
0.6805045881220001
0.6980825293988887
0.6969845454412019
0.6968615828781587
0.6985624522569195
0.6948326176258678
0.6939453445829911
0.6952198718427345
0.6996457200183026
0.6961159580109777
0.6982304507840235
0.6976680380936335
0.6979126230630748
0.700924708085165
0.6995953109833495
0.6991396577239928
0.6967902546361443
0.6989468666180381
0.696780873539628
0.6991935064943353
0.697779385965752
0.7002267736494572
0.6886733725552512
0.6999212179343591
0.6963753357571022
0.6998608981219301
0.6959864095352783
0.6910775242329039
0.6999630818752749
0.6901388147016461
0.7003969033447119
0.6995105875565818
0.6963660567677592
0.7004081989507212
0.6997283183395332
0.6981970043031791
0.6989732357954564
0.6989016139953197
0.699711266441648
0.6987463472754296
0.6974551701647946
0.6920149829512929
0.7014502856129078
0.6973332733453692
0.7004149890777234
0.6894520482379811
0.6917883688442936
0.7003822701104863
0.6996702895567973
0.6997324983519264
0.7012773862605866
0.6988470185662748
0.7023400283730307
0.6997453574740218
0.7008563728596581
0.7033500023293199
0.6992723842854507
0.7008425564828162
0.700525086136973
0.701294508357153
0.700975876542217
0.7026213783064377
0.7033285662046955
0.7030074965810051
0.7032324003928574
0.7029154214377838
0.7019694622972454
0.7031653670338057
0.6993966487149493
0.7033653311686612
0.7034406415904214
0.7030279754508829
0.7041170122675386
0.70209944472843
0.7061320143639265
0.7044005638868626
0.7042515320862217
0.7057750030153525
0.6968149773353984
0.6998868524889581
0.7054459052151876
0.7020287355111516
0.7036161191488602
0.7042565863912836
0.7058501666580514
0.7039313112284067
0.7066921104978299
0.7044073476321666
0.7040074193624557
0.7051835472159522
0.705804977852316
0.7066072083835094
0.7039060524664945
0.7054805897455042
0.7018078649326316
0.7055691230461633
0.7002186816559997
0.7036200056031311
0.7059056874333511
0.7046284990054124
0.7070083364125028
0.7068325333874501
0.7065454654523571
0.6991167219002655
0.7076576550704827
0.7079050224603871
0.7067152186274115
0.7077880204035658
0.7092522245004885
0.7073428203660415
0.7051716581120001
0.7058158841747284
0.7002181009214534
0.7077763738041496
0.7065594094631653
0.708587366407123
0.7068707533786307
0.7061322249599709
0.7068122076783317
0.7088969808823463
0.7018756066601957
0.7086276987404442
0.6975739463337463
0.7046576442215955
0.7040656970314254
0.7081162822012519
0.7090845453773849
0.7080952162151296
0.7083017534992447
0.7066733610681941
0.7059949737744108
0.7104305157497124
0.7113186567035593
0.71180137474545
0.7110204399415181
0.7091410425525261
0.7120805166112416
0.7093595072307832
0.7122871432391331
0.7095417366260344
0.7101992621480413
0.7086501495550999
0.7116277478795212
0.7112995307537232
0.7119820852965033
0.713014816388967
0.7140299659025859
0.7128878907912732
0.7123748022471236
0.711489277789584
0.713633534803549
0.7126635868590621
0.7140072470566011
0.7138833272388114
0.7131132285586105
0.713121052520739
0.712567567826285
0.7121628405194447
0.7133191085277996
0.7135897946433302
0.7116620558896375
0.7139184265795182
0.7155299777087278
0.714055014068454
0.714302885612525
0.7121423552678685
0.7147240330291178
0.7127504162462722
0.7140191233971567
0.7084068281619241
0.7134008134112666
0.7150543369702632
0.7153565869656364
0.7153823115915254
0.7125906759558667
0.7148468615764965
0.7145348986362949
0.7135562907272008
0.7164924590661916
0.7145981285031535
0.7171308331115693
0.7121309256461947
0.7135078664004222
0.7131266556518554
0.7152317992368765
0.7159165299387804
0.7160256378347919
0.717165377244523
0.7155848922226882
0.7179959106077227
0.7164353045761245
0.7170697219685497
0.7130381287328946
0.7174376906931226
0.7130302664805763
0.7169041998594751
0.7168232480164085
0.7079193685181888
0.7097909547084489
0.7174177223591097
0.7157771281208899
0.7152197059185784
0.7156688881358484
0.7166565452931464
0.7154420698145032
0.7176226259284573
0.7181667933433781
0.7115843268042179
0.717554156687286
0.7139745089442693
0.7128195619474645
0.7134706483358765
0.7157318563530763
0.7174172437317364
0.7136764070527977
0.7183434961878925
0.7157509440127225
0.7190356743317246
0.7170257712122865
0.7122267021744361
0.7181084327123303
0.718466465132634
0.7181275076085798
0.7187215416140975
0.7190653428471693
0.7104444150886322
0.7170943872325192
0.7132185265807307
0.718421754954272
0.7194411355338706
0.7178116263056156
0.7186614579245056
0.7193479882653331
0.7153310474089987
0.7201815976071184
0.7182999155701313
0.7151870443866262
0.7197807503728508
0.7149905518956515
0.7190307731874221
0.7200519980778324
0.7183600120231195
0.7208003798386834
0.7202124722635437
0.7189112375963718
0.7140433866141325
0.7167501328988674
0.7150661941657238
0.7140845102780442
0.7206382527931097
0.7198926343076272
0.7194107012146287
0.7177085427328092
0.7196306336834971
0.7213891042712068
0.7211913418222684
0.7193589201145387
0.7208941461319569
0.7214941151169032
0.71202039463146
0.7173381361994817
0.7180725994763177
0.7188652702234424
0.7192659642969507
0.7206878002987911
0.7214200682714087
0.7154864098543632
0.7218161611404351
0.7191551205789988
0.71942142246779
0.7188471653453361
0.7200155202902907
0.7187414269860324
0.7182464879918774
0.7195356612492431
0.7215504080776984
0.7202208195249337
0.7214460417835316
0.7192313372019188
0.7194307397473231
0.7190331088890038
0.7068360114130292
0.7222627460064928
0.723035052754309
0.7217556626404532
0.7214615939823137
0.7212734232259357
0.7236639627410925
0.7215325010322398
0.7233376154528997
0.7198870247948125
0.7226087680705765
0.7223161991115399
0.7205281046802737
0.7223660018851537
0.722038180424651
0.7242183089648182
0.7196486492178272
0.7231073191059751
0.7227724713956327
0.7199578297375655
0.7222228476286567
0.722824731123096
0.7181697672147906
0.7204211857067827
0.7212860143167019
0.7225890550044959
0.7233063961847654
0.7240931638609531
0.7213689572496413
0.723131544032761
0.7238911639643364
0.7213815036685194
0.724761672285752
0.7169398607896331
0.720664436901277
0.7178577085491146
0.7218623965446933
0.7056141459277425
0.7235652953035168
0.7202067351167627
0.7209036293356459
0.7221405173387552
0.724140133160517
0.7230025571465128
0.7205408936036876
0.724237900778631
0.7227307797605714
0.72382086317575
0.7229535201766966
0.7219607512790519
0.7226220164762688
0.7223655104943837
0.7249875397340492
0.7221445505720874
0.7208746819521106
0.7248224898706493
0.7239458678822526
0.7236397761044965
0.724272738469707
0.7229857668982584
0.7220106242513471
0.7229841587102843
0.7235860804949135
0.7191959953566764
0.7253535428955424
0.5305726073770765
0.5355024678808309
0.5408429458550228
0.5444345039321066
0.5550747183365187
0.5569651769037308
0.560092898868564
0.5710102703575757
0.5799405176004362
0.5877846971348738
0.5942945911042417
0.6079223574646262
0.6182596648554758
0.6408547150685376
0.6545375334402137
0.6675404709309974
0.6746887403333366
0.679367244608385
0.6855863012465919
0.689726412383922
0.6939207607016642
0.7066415502687121
0.7176723805918184
0.7231002237143642
0.7250588989042637
0.7298562157069194
0.7327996458439436
0.7342799643806867
0.7308286845321901
0.7357198469350379
0.7408728055872343
0.74174300677127
0.7419014595479884
0.742839680012858
0.7451540925402921
0.7439068601961303
0.745904271682134
0.7462030599802357
0.7466585822711695
0.7483265729106978
0.7452835615279942
0.7483843240492776
0.7474354598560453
0.7466662340423966
0.7506964766941944
0.7502859738093495
0.7507599380147965
0.7509586803589829
0.7519015224427469
0.7527667455193787
0.752566157073981
0.7514438930500859
0.7517373149229426
0.7527498568762292
0.7506856292581121
0.7524021023349666
0.7540851673457646
0.754666905666749
0.7536374750703129
0.7518694448427355
0.7537904404703275
0.7547361917549656
0.7557899335945937
0.7541909362134346
0.7546759324650851
0.7545907571747195
0.7559325671936916
0.755406326494636
0.7537549189366773
0.7560156035529988
0.7553711869129606
0.7562013786276429
0.7561474788381418
0.756953372041365
0.7564288182968644
0.7567713528278055
0.7571456402995798
0.7550628689130893
0.756538387586683
0.7566935428446862
0.7568444202405722
0.7570084622478541
0.7574691090611155
0.7573377112159408
0.7577378313729394
0.7579027073086994
0.7561714590562889
0.7572039452685227
0.7580273764332525
0.7585186494290213
0.7585595564855152
0.7587943805595816
0.7564802099350648
0.7579105818852452
0.7586009218843789
0.7582826667672983
0.758037243525933
0.7587806366543575
0.7560847050310944
0.7588267764529053
0.7587415566014759
0.7565863925840408
0.7568108721254581
0.7584377329031738
0.7590451447627268
0.7579830509065847
0.7595793427945894
0.7592148141957697
0.7597682053143626
0.7585958037279175
0.7563325918626965
0.7594368492445486
0.7594992665630863
0.7598271023088665
0.7582467887451383
0.7580118819148108
0.7602870043157772
0.7599368371112076
0.7589047774120121
0.7594451185048017
0.7601623733864216
0.7608261995526426
0.7539573853126174
0.759699721325293
0.7609990328212095
0.7608525860682304
0.7608703022739919
0.7577409188180684
0.7604579469220693
0.7613779546436104
0.7616044330670289
0.760873727110032
0.7603158416898695
0.7604282819853649
0.7618167410721846
0.7620232816025219
0.7613685204298346
0.7619217333041726
0.7623328727756422
0.7622370219275828
0.7609006037973207
0.760733429783846
0.7611763858548111
0.7628527603401849
0.7621160386395859
0.7625814152914677
0.762237028293449
0.7632923870631032
0.7629285014167744
0.763185497802974
0.7634431371416645
0.7622435978674145
0.7623795727704197
0.7634842606376107
0.7644299291659877
0.763516128164036
0.7640605943381528
0.7639310744235206
0.7652316590926864
0.7656450711784056
0.765110484828702
0.7648827014027033
0.7659730087780457
0.7662754574492388
0.7669486796340379
0.7673394037724582
0.7669733473657396
0.77000864968442
0.7718786101623212
0.7729147121865826
0.7741259837523233
0.7729016175997154
0.7754933081632075
0.7747698656595968
0.7749556025390435
0.776361504099376
0.7773094388761363
0.7764339221937855
0.7771388145631566
0.7777024929216023
0.7780990290959047
0.7787811762251803
0.7789286033215613
0.7788673700541453
0.7797648808043746
0.7799900351276139
0.7795649798725315
0.7798527297585633
0.7801020871052682
0.776279639059458
0.7806446435195112
0.7807484962614413
0.781589344436219
0.7798775502710549
0.7793604445900615
0.7820482724655939
0.7817550988615208
0.7823449218326372
0.7820739841993598
0.7817765200014372
0.7815199501282759
0.7827770050040546
0.7823354175943326
0.7832537383613186
0.7822190495593636
0.7824425678549778
0.7837754847588048
0.7830977746383023
0.7805547638539901
0.7834207786916021
0.783599672264835
0.7828758669068483
0.7838779242784284
0.7840176614083847
0.7845672903000265
0.7834716546946366
0.784744255015787
0.7838351520231245
0.7844555056887546
0.7832389122588327
0.7853783971477049
0.785464648269466
0.7830513101805759
0.7854578558901819
0.7847916106947878
0.78317818189485
0.7804182096571566
0.784321497838419
0.7854523939769433
0.7846412807633989
0.7824877464077226
0.783293130341646
0.7873145244393627
0.7865608695345505
0.7871882256530508
0.7864175229584329
0.7866094156305392
0.7865764277116547
0.7858838405617362
0.7862594584995557
0.7851323373197151
0.7879941825149364
0.7860440439516722
0.7883571069154621
0.787295375913696
0.7883130996821064
0.7875829666530718
0.786267995126191
0.7873283065397843
0.7846740204134997
0.7882032502941729
0.7888732258871873
0.7880027764343679
0.7893157172499162
0.7898312823912781
0.7877214942684414
0.7864267725620878
0.789808053345348
0.7890833694978195
0.789894482711364
0.7900895646824593
0.7903489037074372
0.7854922761289718
0.789827520164327
0.7903368149274369
0.7902765492716901
0.7904733436608055
0.7905336411458834
0.789906768833218
0.7910498110445385
0.7912818214057245
0.7908298067070919
0.7916645309185413
0.7906423892389562
0.7859399111116271
0.7894775948626747
0.7898009363068856
0.7919244556032139
0.790481262798415
0.789631018605059
0.7910990064588842
0.7917961897642319
0.7920009924130842
0.7915331394392329
0.7922690781382836
0.7928076240567918
0.7924299754076402
0.7924099292948328
0.7905398287678741
0.7930808724995164
0.7838586420695706
0.7896164789665542
0.7919679662990022
0.790912295601902
0.792653614654713
0.7921689494281071
0.7924484555173509
0.7924789734801322
0.7938513714864142
0.7927302405867107
0.7938081408887407
0.792781364858529
0.792574315058892
0.7939342550649314
0.7928970963068732
0.7935206074421611
0.7933507088379333
0.793077880542381
0.7932868337360252
0.792215687618082
0.7944398639914851
0.7942160719636224
0.7907559690245096
0.7883512694161149
0.7950730130482687
0.7914921687240764
0.7948036605156866
0.7943726213463335
0.7946054910994622
0.7944550338507484
0.7947882742169711
0.7939713044064807
0.7949712992373973
0.7942305288458662
0.7923641396189285
0.7950285856677413
0.7960178285505689
0.7955832563254495
0.7936414570469669
0.7944106764947494
0.7928213743278822
0.7941788316460859
0.7944133628903048
0.7949487959002192
0.7946571373723126
0.7936874886257884
0.7946016906773137
0.7958051895203684
0.7910801762265299
0.7954278973597265
0.7946482442571675
0.7965439419322996
0.795792578739336
0.7934017630852227
0.7951701243378448
0.7955982606721902
0.7959945931387725
0.7955124360634674
0.7938631547048347
0.796226151523455
0.7938707873784632
0.7960366078559935
0.7931174571328296
0.7959497137817414
0.7965569792263705
0.7956531408050932
0.7967945087935913
0.7953054881176905
0.796843214036236
0.7964896410932251
0.7967852464582038
0.7857478847563298
0.7967497694856175
0.7968443407945613
0.7964943582001128
0.7964234169866723
0.7960623450532242
0.7959256571731994
0.7961903753551548
0.7963404697494929
0.7951873249084404
0.7970748424454471
0.7957550264943534
0.7963853109113264
0.7965478951352382
0.7980164049900955
0.7966616786285113
0.7969661962062341
0.7972715349807024
0.797746524090615
0.7989199442156594
0.79871847728072
0.7978688696739884
0.7974292302193375
0.7937041735612181
0.797986084369168
0.7966972701866901
0.7976762958541939
0.7972825160999759
0.7970382705438662
0.7923760374229416
0.7987283252758018
0.7984625694576485
0.7965717225725952
0.7991566080250707
0.7989194986050222
0.79770512686242
0.7978723518028248
0.798550934047003
0.798497066086833
0.7982330035891009
0.7965646628269288
0.7986896208090287
0.7986512219038355
0.7985155907576075
0.7992991906972388
0.7978249515627603
0.7956937295682748
0.7973309285127734
0.798767112498836
0.7941779213272127
0.7997920806230339
0.7992801440254321
0.7995986983382263
0.7986918233987497
0.7975808778850393
0.7994946737179075
0.7997839450459722
0.7978298596456357
0.8001930283426444
0.798444859617753
0.7987244739267232
0.7990482737133037
0.79688422294659
0.7975021193878491
0.7992320626376792
0.7998256987626768
0.7978587606783906
0.7998097331701328
0.7996949056747955
0.7999958329039556
0.7999425824328116
0.7977017847826412
0.8004877934132789
0.7993042069998403
0.7999141779376239
0.8001826710782628
0.7989195368002198
0.8003891161206064
0.8007413776951708
0.8005878711965254
0.8004424620797445
0.7971673448478613
0.8009262997437383
0.8008399149387859
0.7984013361902323
0.7995561616199736
0.8010325396855105
0.8007366669541492
0.8007914961601221
0.7993490099664766
0.7997332409213262
0.800517299203327
0.8000956942477497
0.8022432828843526
0.7996384149777324
0.800376378022249
0.8020390658951951
0.8006381742715978
0.8005897109318706
0.80023143997957
0.8009234860308576
0.7994810316665434
0.8014125564369055
0.7989932407996109
0.7976096516004693
0.8027318249235021
0.801387837778274
0.800617205108185
0.8026754106168339
0.8018450597554951
0.802016384313762
0.8022765636330844
0.7999484963225536
0.7995893405148452
0.8014174072269846
0.8011187398803415
0.8017101861473506
0.8019644452110646
0.8024511857100665
0.8008065577996593
0.8019489443267566
0.8021975568671107
0.8014628149509142
0.8026586238275442
0.8005314441581248
0.8029424141447714
0.8026486739786024
0.8020173009985014
0.8034811128440698
0.8020044419486854
0.8025516518111538
0.801634063118786
0.8008483051504975
0.8034794258895146
0.80251940869862
0.8029755357468471
0.8026472416586972
0.8032189855696762
0.8019901569448303
0.8020280529465902
0.8039625633082215
0.8040901098043177
0.8040754364826216
0.8031960875487908
0.8032196285221669
0.8020093500315607
0.8036942675094361
0.8044073718462639
0.7995486753612687
0.8015828242613755
0.8041742474584852
0.8018494522032046
0.8043114637054083
0.8041530745873525
0.8031504251902114
0.8015152887863765
0.8036078254116876
0.8046960002218377
0.8036844067826217
0.8035452107512963
0.8016648038868859
0.8042830464784881
0.8030622006499142
0.804570719974125
0.8050531380499463
0.8035392268370254
0.8043920746696758
0.8037733824951359
0.804376185467527
0.7986936949634258
0.8048070527584915
0.7965543182942798
0.8047887572589019
0.8042492691921892
0.8053464071420131
0.803860021934738
0.8009792764826338
0.8037229075416749
0.8037065218019588
0.8032617387273814
0.8044572484082979
0.8048909103145443
0.8056288415297299
0.8028206223917613
0.8047779862132144
0.8038703219063235
0.8044236939273176
0.8038653247013205
0.8046300625792661
0.8053229234614332
0.8055944531202713
0.8031302899552767
0.8035989259306762
0.8053915347678278
0.8058906823401425
0.8050471286722104
0.8060765465369141
0.803543001795709
0.8047946011241152
0.8063679376984384
0.8012698973743424
0.8026865572486298
0.8061798136191496
0.8059796262233253
0.8045799695777798
0.8059355489654411
0.8041942935712926
0.8063517429347097
0.8061851291174645
0.8011777578263042
0.8054877548361294
0.806261869635055
0.8045843747572217
0.8044924261851708
0.8049366872587161
0.8042014679025513
0.8064128807141321
0.8061319041097854
0.8050455372056491
0.8057693298319033
0.8071667838877277
0.8058705089100101
0.8033224690913641
0.8037713199544724
0.8066165502387925
0.8065458318306706
0.8065115389092058
0.8007402509368454
0.805531450142039
0.8063135859324339
0.8068943311782839
0.806446479756176
0.8067378836494329
0.8060382240221158
0.8061813095977173
0.806327928229085
0.8063094226559091
0.8064376057386298
0.8067766581407346
