0.5905719984958775
0.6801935383056372
0.6979437319161885
0.7160181780465313
0.7288615080702092
0.7414028086652854
0.7612000022128363
0.7702741848236712
0.7658558629629848
0.7723556908619105
0.7841105188489957
0.7866157855763587
0.7897623201558929
0.7881124624569323
0.7884924526871083
0.7925755904648175
0.7860590210442253
0.7922976913094287
0.7870021288698302
0.793214243835672
0.7909553951299716
0.7984143587617027
0.7901397337957858
0.7979787634397602
0.7989436649248411
0.798164631589775
0.801650714036319
0.7919650017194951
0.7976923324866455
0.8017693950686386
0.8014437216350881
0.8028474012889317
0.798583504335568
0.7950804782818448
0.8002767725286571
0.8054102560721517
0.8045016985539922
0.8074489452424548
0.8071942101389231
0.8073395475133605
0.8087240732497337
0.8104380362623255
0.8085184133498498
0.803049291030975
0.8133529303232898
0.8116886677163999
0.812023251858012
0.8090714266696597
0.8118461681126138
0.8114999640540395
0.815955684364861
0.8154367098235435
0.8154645218421853
0.8061049250209702
0.8110389375333978
0.8162227151087869
0.8173585935676889
0.809452515739809
0.8181477122328575
0.8160851769720932
0.8157141921775628
0.8166762518351258
0.821403669802175
0.8162272620328155
0.8199112998690838
0.8077141445864248
0.8221549732158387
0.8242070316058205
0.8249994467909098
0.8231813150118565
0.8227300580627043
0.8217129490485334
0.8126056559895292
0.8238225133971327
0.8234016829479385
0.8213962557899395
0.8244471155097044
0.8234921414754193
0.8245772775251963
0.8232066956891775
0.826189711513332
0.824699412956743
0.8165799328277861
0.8252579962584878
0.8296743477854281
0.8295567150717043
0.8274190734672282
0.8305082031309008
0.8278704567198257
0.8220728633460884
0.8225811526159389
0.8251590943456928
0.8269467617337544
0.824946348822531
0.8245097493881987
0.8237306276407208
0.8253911706111484
0.826799592959361
0.8314600764156052
0.822656461045163
0.8272728961748799
0.8288661130938224
0.8307717794755992
0.8314778094193169
0.8267676697635767
0.8259025606305794
0.8280857914636149
0.8295030550529943
0.8239537931981149
0.8292651056773349
0.8264256652945565
0.8281894802769845
0.8299382777797735
0.8279930468437753
0.8297767798795176
0.8314574682494611
0.8239999697376945
0.8307759601196367
0.8284578561526021
0.8304577449045274
0.8296307983575096
0.8218530511451656
0.8298037646105931
0.8317870634049863
0.8300050038898934
0.831664334347247
0.8293318696784885
0.829922313024295
0.8305897888413533
0.8225165610340431
0.8300151081655127
0.8292629458884211
0.831046015831076
0.8283569333846832
0.8333865576051573
0.829517390494029
0.8236806619977841
0.8297541652476474
0.8250809188282617
0.8300009053430955
0.8317104477351039
0.8283128282216055
0.8333949062628877
0.8284952293420486
0.8275043472382817
0.8263057149126124
0.8331170386833604
0.8312198725234483
0.8281596284577021
0.8347089357313002
0.8301805846242934
0.8275014927804193
0.8311869767911357
0.8309108774598418
0.8332409928845187
0.8339709004945588
0.8317625857972989
0.8317193963341991
0.8251491479493802
0.8344261675780976
0.8308058435147803
0.8354444385839646
0.8331267514182994
0.8269001683928053
0.8276645063220178
0.8335263628886931
0.8129762934495851
0.8277146108987447
0.8277280622156625
0.8327104363172725
0.8234285161148798
0.8320283408764276
0.8343464069524288
0.8331985738724348
0.8326458826264105
0.8317407479316169
0.8308964472912231
0.8342664884474532
0.830010946466992
0.8309487432327245
0.8329583826106225
0.8322936286328091
0.8333926580615625
0.8342690271467026
0.8318848349019463
0.8331374556352833
0.8357099915775811
0.8291962576693346
0.8287067055155856
0.8314270733253639
0.8291687361486169
0.8293999851265063
0.8320562981440315
0.8349327770121262
0.8286823100051375
0.8289311593681211
0.8305706664997441
0.8347721506056427
0.830754924280832
0.8334010572406708
0.8326182348022475
0.8332424832651725
0.8319837557602581
0.8342621499241092
0.827752514562661
0.8334702715286623
0.8281326626721435
0.8373343170350862
0.8302498620640075
0.8344273737759995
0.8264357127336254
0.8276090906854191
0.8309096396860783
0.8330698517162187
0.8362604346222802
0.8284719831929521
0.8363869780440659
0.8322203410587089
0.8343313073755502
0.831144538833535
0.8183840449244177
0.8259678974028022
0.8316280284219129
0.8243557539125903
0.8323085513848643
0.8314443326911561
0.835472212711573
0.827073090439683
0.8325510603148969
0.8296125222489834
0.8339606888610112
0.8281395398947367
0.8372838209176794
0.8332255901793715
0.8346349661185957
0.8334189860147226
0.8263739882399367
0.8373563759317972
0.8340091009715715
0.8337947956008611
0.827291942734422
0.829071690896467
0.8310941500740567
0.8342638423902755
0.8307744823693275
0.8315779996272532
0.8357586373495152
0.8343168898372763
0.8288447046598545
0.8282058807793489
0.835143981633256
0.8338655255301953
0.8242723368021818
0.8336187349133691
0.826895773032911
0.83072320317056
0.8269570996707472
0.8330036434502242
0.8356307866870712
0.83015514079525
0.8292070755594194
0.8320502924152104
0.8248701436388457
0.8362477221805169
0.8324515395152202
0.8250021686301547
0.8281339509672848
0.8354873501794847
0.8308316599389874
0.8243514532802798
0.8324778674683803
0.8333383286345925
0.8352144273798385
0.8359157967264269
0.8305161349872618
0.8283488183883266
0.833223619845626
0.8343982103104939
0.8377971496949947
0.8384678146740453
0.8344400483267295
0.8313712598329126
0.822142709151306
0.8308947864009182
0.8271975309091054
0.8365365844749522
0.8294849747148081
0.833417981902333
0.8324343811921842
0.834717631723505
0.835513147658175
0.8356440674943382
0.8357445482001986
0.8325896207567285
0.8357561049654382
0.8329564754285994
0.8287517326938135
0.8317856930126054
0.8272926626640599
0.8299720955272363
0.8349578924522122
0.8342621372937647
0.8318116736312912
0.831620803864845
0.8352696535612696
0.8339368806615836
0.8366452243833753
0.8366615996250505
0.8271136717366385
0.8304723455827971
0.8393791698135169
0.836472460215804
0.8331243895438734
0.8295601821012761
0.833603685857869
0.8361394864431186
0.8331379545338918
0.8303861940027992
0.8331688609869422
0.8317095383502983
0.8357971851610024
0.8327498745680486
0.8361872796667973
0.8342233116146981
0.8329743221054118
0.83592546525516
0.8350853894650094
0.8384693303153881
0.8346521623326649
0.8355443761850105
0.8245121049474526
0.8354032952366779
0.8348571212484277
0.836037869006251
0.8308551460646296
0.8356916081111263
0.8344135624942627
0.8329417231861954
0.826003811787456
0.8263266560238332
0.8357024954681059
0.831998457481284
0.8355384399230841
0.8358225910990124
0.832558348023687
0.8338471357485684
0.8290010304340276
0.8358375201662396
0.8336178128982189
0.831752153132722
0.8326304988667801
0.8314510836103042
0.8300236715391
0.8339196023502748
0.8349370018623697
0.8382273329143091
0.8277044813624364
0.8367745401657839
0.8299397934211162
0.8300507762584485
0.8345812745240242
0.8327280114416775
0.8312475834993338
0.8368526588466646
0.8320196764600845
0.8370040777319903
0.8317105172019987
0.8322778154414651
0.8333936179677461
0.8346738360038682
0.8358160296350321
0.8365940209666751
0.831656333023991
0.8364895806478063
0.8258090139838627
0.8332096443694101
0.8365557257620784
0.8287837000958038
0.8340717727410994
0.8380476157420773
0.8311825751160691
0.8295457077264516
0.8332396477528268
0.8348630322496648
0.8363509184104498
0.8361229533221367
0.8330341709929385
0.8308229071102323
0.8357560860199212
0.8357755683263496
0.8249144382570912
0.8309179188769138
0.8337743912792827
0.8375021806289821
0.8358428375412841
0.8366061271519013
0.8374343177878549
0.837399660122481
0.8328395373838242
0.8363632329963607
0.8364164320074958
0.8349812775350983
0.8347137542077361
0.8349956634975111
0.8257043652643093
0.8287691057327062
0.8266840505676556
0.8330112911238334
0.8336252963773493
0.8357878260757101
0.8343780333351168
0.8361903804163779
0.835468385717182
0.8351659015961774
0.8310033884183076
0.8334356138632885
0.8362398408455339
0.8364601266843764
0.8370239010577206
0.8345744793986702
0.8261740814619836
0.8376513576281547
0.834627286869125
0.8367002863703275
0.8277670710347247
0.8382775701096531
0.839592957340102
0.8364349607229125
0.8398721321602874
0.8313363558758207
0.8391832858002949
0.8335253335156143
0.8318751979490745
0.8376961827208704
0.8328086183004294
0.833774113411703
0.8300621056774864
0.8334529932173533
0.8346192476548354
0.8368237985094273
0.8380307416017935
0.8362777508246226
0.8363123390231014
0.8336672922728916
0.8294478983384579
0.837001949518938
0.8414045402855196
0.8357787701186865
0.8249747797280546
0.8398016548378437
0.8404590453247996
0.8347085568209645
0.8369055926205646
0.8364648188573671
0.8381245787464343
0.8321275080264576
0.8354561784891996
0.8371851084600522
0.831022731790946
0.8345636930844468
0.8315890953849175
0.8375682689067037
0.8375014164931385
0.8313972593971153
0.8344513714305952
0.831141210737753
0.8372500473764223
0.834245414717615
0.8319941000124231
0.83529584258064
0.8309466655410503
0.8340869544152174
0.8368985764641814
0.8362053221139498
0.8384399331885087
0.8349621741390058
0.8333820738328512
0.836836012052582
0.8361906898598187
0.8318023903280662
0.8383289250904877
0.8384717048201588
0.8388852601909073
0.8363198351325766
0.839884724613778
0.8383839618167508
0.8355377641996522
0.8367201602174359
0.841953183506124
0.8378661997885073
0.8339296497893435
0.8375035573365353
0.8382898720652193
0.8374934088547101
0.8384501385068842
0.8375424903735305
0.8356890630967049
0.8373192869251027
0.8347897888817705
0.8381683365750376
0.8373401964604622
0.8365930042239409
0.8380024117390263
0.8397717398668387
0.8364901300677932
0.8375172612603438
0.8370514983605055
0.8356620720504573
0.8376453013779555
0.8295396577914246
0.8400220290890981
0.8323707684619892
0.8402046133495366
0.837690587478246
0.8410757724175606
0.8351073031127586
0.8404353381681282
0.8330250139931585
0.8398153777071691
0.8418753490079951
0.837161988614401
0.8366620164264198
0.8380203215675611
0.8332437652451415
0.8379484549072198
0.8396853356799503
0.8347843704639697
0.8393950651021004
0.8311607561959038
0.8357634621411233
0.8369786465332912
0.837248639093008
0.8370100203090888
0.8387750541197633
0.8350435261880848
0.8385672028551046
0.8382694930043301
0.8400641197122242
0.8351352793258792
0.8372862838348617
0.8374173931261927
0.840556633681764
0.8380601260983285
0.8385067224503514
0.8390523659641316
0.841513653831862
0.8415411753525799
0.8341852184956138
0.8386183936414601
0.838618633618006
0.840892076686804
0.8399343492374126
0.8401647393518744
0.8347670542616273
0.843338479693513
0.8378442040435188
0.8416529791623061
0.8438597276968453
0.8393517240748665
0.8426194278645911
0.8388011231508608
0.8310391070326213
0.8335175342778709
0.83050138906003
0.8381430316797837
0.8356876611284627
0.8395801375404102
0.837648471594431
0.8427906006087522
0.8376453645296781
0.8378885176072812
0.8411217721323171
0.8287472868125411
0.8396213629849364
0.839496272052771
0.8344499694623531
0.8369106510735465
0.8395990641116794
0.8390613777149494
0.8443417269045688
0.8398156555747487
0.8393567635823316
0.8379441416445648
0.8375804129829636
0.8324065375976811
0.8377648791647361
0.8291957650858982
0.8369569665469158
0.8400315649992137
0.8411495525750972
0.8338870855282977
0.8360345093346075
0.8360736255115984
0.8402430095968894
0.832843073880291
0.8444097792008639
0.8349437464663454
0.8412229853981598
0.837544965921057
0.8363642813149562
