0.5431701197270775
0.5460387425208784
0.5465020235580176
0.5513153531285186
0.5555028301823403
0.5664038153037438
0.601360769321358
0.6147208067395115
0.6268001398532789
0.6623995363451046
0.6791186770411306
0.6898177976811799
0.6992859081073728
0.6897166223063708
0.715528670098988
0.7150966239038566
0.7171085683196301
0.7191751705513312
0.7266232468260827
0.7283968692710336
0.7293607540133804
0.7302166114190136
0.7301503652619854
0.7281073628290273
0.7340906285824393
0.7340416859974089
0.7352811901179579
0.7345184499273275
0.7328014366865332
0.7360708329424243
0.7368571160952472
0.7357722200220163
0.7414999233843301
0.740105463881989
0.741022951053727
0.7401882621055158
0.7343361182737794
0.744951354480673
0.7439304563631447
0.7434441944141442
0.7497535125114424
0.7488534173241139
0.7442879077435176
0.7470985067345756
0.748860262970846
0.7472207179481895
0.74437454559178
0.7514601120331768
0.7520980644199102
0.7521121093630209
0.7464942268463428
0.7460126633855052
0.749454741711728
0.7534195079005583
0.7371245636405424
0.7548459979566123
0.7550026584349155
0.7581801120978441
0.7619385805543922
0.7524318275891283
0.7575583139217569
0.7622198899028024
0.7635510587487342
0.7615742961576321
0.7660620091311329
0.7653931376610048
0.7683624243006617
0.7608730531144889
0.7717485565158154
0.7658443567191234
0.7701253867348342
0.7744167988937436
0.771587551198996
0.7735605310019131
0.7760607140156053
0.7685968434950264
0.7750654554974612
0.775937770242009
0.7769596030050318
0.7731906450473565
0.7689948761723547
0.7695400523633876
0.7729578741129519
0.7761615483711125
0.7774708856665342
0.7725472995035112
0.7800916000580187
0.784443075820312
0.7848559933586619
0.785349214627495
0.791251564078714
0.7801291374419439
0.7930762131155419
0.7948587146926929
0.7918968736411328
0.7986389389176836
0.7938505542776172
0.795973506791412
0.7903103002834098
0.8039844291091853
0.801739056981092
0.7974991829430128
0.8002930088365426
0.8070552447732982
0.801696461144185
0.8042333100480302
0.8004970457371552
0.8013246301165715
0.8089191868119399
0.80787558565013
0.8099261031380798
0.8076386403868603
0.8089810123483847
0.8042995056836802
0.8093089276680884
0.8099345591537388
0.8023319506137362
0.8085163167126588
0.8095992992886943
0.8025603388185909
0.8105142351308384
0.8120461254119451
0.8135353693347663
0.8073160234966846
0.8065534980219113
0.8126982048390284
0.8154506916149316
0.8063822431805107
0.8117390059545001
0.8095676034391115
0.8122084569149394
0.8104844906694844
0.8144036107932053
0.814545967406335
0.8068905387655334
0.8124980012479791
0.8072370585827207
0.8136440092431892
0.8169132728804628
0.8133365866574758
0.8157838295820957
0.8165243087905025
0.8129132996062718
0.8179480706921394
0.8185104999337917
0.8121518919169887
0.8147546396433878
0.815676206416407
0.8196610295923414
0.8159757918733432
0.8126556784690163
0.8169714040411343
0.8217397127485797
0.8154251151672703
0.8156602100850673
0.8181450598605076
0.8170272617397915
0.8111480384493959
0.8152233075224664
0.8193755459150662
0.8191489133281004
0.8185786216969817
0.817480400610278
0.8179404988005973
0.8215330550514784
0.8168442038414333
0.8185691173627275
0.8201358989705814
0.818004850405947
0.8155534710434954
0.8131271692300961
0.8150966883186137
0.8217573068185016
0.817694983848568
0.8177346810214069
0.8193574403161911
0.8105515325382178
0.8144154580563687
0.8216939782710583
0.8202313780600105
0.821582048157887
0.8112050328790604
0.8183140222943768
0.8215378419520531
0.8219686566885934
0.8164644977940093
0.8203310377934768
0.8212865549325765
0.8140870501532289
0.8199496392798866
0.820497632037748
0.8198846245814493
0.8159744467416514
0.8212248304388877
0.8197664487629108
0.818959559202997
0.8170480386565335
0.8211411796671055
0.8229825765407719
0.8165800212401978
0.8145469967794137
0.8117591260933268
0.8192492929912045
0.8216016504525882
0.8220798163507488
0.819380989593556
0.8162987560979935
0.8220641484083668
0.8234032933168653
0.8213376194154869
0.8234181781778869
0.8164608476244418
0.8195555030638437
0.8205412256718723
0.8205053112872185
0.823599499403873
0.813214981700399
0.8195545368424877
0.8229557812648643
0.8245306147173523
0.8126059717481422
0.8188866063330266
0.8204919989040902
0.8207639617975526
0.8218301902215771
0.8204163999769422
0.8204855953194168
0.824701989547026
0.8217910866749308
0.8194752688002553
0.8159277207820851
0.8256378286093572
0.8246457908290664
0.8267802559018949
0.8233981338211274
0.8188117147051717
0.8217121533368285
0.8222492966287438
0.8148362000931513
0.8228362729449785
0.8229646730274092
0.8202565061304409
0.8226615510740063
0.8164036195334037
0.8212237000230529
0.8197459812896097
0.8151512198310961
0.8238934390968072
0.8200852954952462
0.8205022421134992
0.8232851301286714
0.8204274704739173
0.8259415568192974
0.8228578771492869
0.8248981766885166
0.8219832194758296
0.8235797139691763
0.818119641292153
0.825328025203701
0.8161850703669331
0.8179886835649561
0.821107488223088
0.8280174107783622
0.8235309229482801
0.8209302655438997
0.8250484651580074
0.8106452749552746
0.8246197281131412
0.8186649374714586
0.8217765428332117
0.8195288404065536
0.8241250480395155
0.8220714929537077
0.8188581501668141
0.8224847894023932
0.8194413247493469
0.8229634984053683
0.8224815434038506
0.8190690390293307
0.816445324931022
0.8224513821411273
0.8243472284300365
0.8197783718081414
0.8223589469647286
0.8166181459351434
0.8234960126760158
0.8235970364866908
0.8228910381188346
0.8260689654196828
0.8231041941281934
0.8189093156924807
0.8107730687811683
0.8180576831370907
0.8234662555843173
0.8195332294512757
0.8218259590561616
0.8220934508076625
0.8269310495851664
0.8216837666375106
0.817082715267424
0.8214255834499239
0.8210215639892913
0.819216833005778
0.8158946924311548
0.8225290966509834
0.8239219015781919
0.8235694581294226
0.8238385791953672
0.8251170289832558
0.821346056485629
0.8240520635936837
0.8226952740938852
0.8268443675306983
0.8219305509391646
0.8238086389636731
0.8217745914449825
0.8254737288581295
0.8161447921982462
0.8207458119924718
0.8166119949573603
0.8229950111149559
0.8127889980706391
0.825107442551762
0.8239052610992816
0.8245215777058454
0.8271707166876809
0.8227496224663717
0.8185103673151742
0.8202775609147623
0.8227194864643377
0.822316193248515
0.8250148747567458
0.8231203104478059
0.8209269311329455
0.8223914195804998
0.8234342187154324
0.8142996062212225
0.8188522833717826
0.8168794803936887
0.8247100098157987
0.8239133571501214
0.825977490149468
0.8219322370901586
0.8173839742450097
0.8230061384484815
0.8265308823796136
0.8214532691651205
0.8134003193759438
0.8203553512066855
0.8249977922157771
0.819558641704458
0.8216195729114677
0.8225392072417748
0.8206328272455325
0.817978269845896
0.8229239401663194
0.821762428423206
0.8235755838465169
0.808480067623875
0.8271099394698316
0.8135451894276338
0.8201021506900134
0.8204227404098932
0.8225378052735327
0.8236444950062397
0.8223956002245372
0.8230303381885894
0.8162370379194771
0.8239018193303987
0.8243361200420277
0.815308505511453
0.8262732801878747
0.8172861711721884
0.8195326926616334
0.8230245850666588
0.819929329685892
0.8203448806510749
0.8233424971534993
0.82163635863934
0.8220378899221017
0.8131441507283086
0.8234834581135589
0.8195851338520969
0.8226509984211564
0.8212760843769662
0.8218306322836355
0.8227768598043377
0.8209331705231403
0.8181771725114595
0.8257568948671846
0.8174996239946436
0.8226349389380943
0.8209362018058262
0.8248794900937935
0.820275337974126
0.8256550753448046
0.8212195256941879
0.82402801541771
0.8268369661488074
0.812712969711777
0.8246603725618195
0.824567413226123
0.8216162069246521
0.8193832567403981
0.8245609528048989
0.8249121647950769
0.8232952659801519
0.820546082039342
0.8208634636517125
0.8217962524858412
0.8178196516641918
0.8235398715473753
0.8211191081400498
0.8218764741190852
0.8170737540379844
0.8213975061940473
0.8265472765668056
0.8263052160140038
0.8258668167555767
0.8200689518294322
0.8213985481974704
0.8159348253508799
0.823854866024631
0.8226731836213127
0.8224585940678505
0.8214984479074829
0.8212689040261043
0.8220115177627356
0.8195021461734022
0.8229082280177317
0.8204958701046868
0.8137951881519689
0.8233097782460099
0.8255955611614078
0.8234296023245089
0.8230719930648294
0.8163667326122215
0.8234900574685728
0.8174744580331794
0.8230246103273476
0.8194766707684974
0.8225242465986862
0.8239799885326577
0.8208917177324127
0.8229720049424054
0.8236053156775264
0.8208290712235737
0.8221207386670065
0.823402005021724
0.8265570903445008
0.8227481636615792
0.8180760097669949
0.8236179649675669
0.8215377851155027
0.8186407629920398
0.822025316414128
0.8213244459661484
0.8198417761376516
0.8243450244349172
0.8240106297484727
0.8255879955850377
0.8269752368454836
0.8216659325910429
0.8252345543390514
0.8246463591945701
0.8191503279266871
0.8222839921851512
0.8273569700632037
0.8216655915717407
0.8211496862041424
0.8231066823060643
0.8216090328889625
0.820719496669656
0.823627582974922
0.8227650441170355
0.8222470231667295
0.8272210801864703
0.8172065747409983
0.8235948261763991
0.8252175917863556
0.8263283737506885
0.8228303051071909
0.8282614985014601
0.8265887104120164
0.8264242506959698
0.818749194499778
0.8249468666666566
0.8280039720917887
0.8224573752396039
0.8199303464286262
0.8254142462505938
0.824109998984015
0.8260291482585711
0.8201509101350483
0.8177142514391393
0.8212861760222406
0.8255159836757344
0.8218234835086349
0.8253300586891693
0.8226281122368789
0.819884182519391
0.8199498097895375
0.8168843115004693
0.8240451990014348
0.8176375599871897
0.8201197068689017
0.8227855494813703
0.8228305640292537
0.8210368530213374
0.8215785369221092
0.8193594738016595
0.8254752950208504
0.8232818525542676
0.8231812644904786
0.8162373852539515
0.8247151440508474
0.8243306637331934
0.8260113457879644
0.8256760985532647
0.8212007191111915
0.8240052239610165
0.822464536644949
0.8199292854796861
0.822479914089407
0.8215134211809161
0.8215420289112629
0.8228217291032591
0.8281029939928565
0.819633779624031
0.7875021894702232
0.8114899166149706
0.8175307514787229
0.8242274927639492
0.8264585041903189
0.8250979003264742
0.8180426846029684
0.8201578694548809
0.8204324910358656
0.8231961809273614
0.8238000945356028
0.8259235459480061
0.8221973164458554
0.8229649951011946
0.8212713164219083
0.8209625992258812
0.8208699682791423
0.8251540990444337
0.8260799285587297
0.813672736961809
0.8240147725014767
0.8231394643652763
0.8233310288006714
0.8258491279580709
0.8215686915685527
0.8187163682343602
0.8249677383109824
0.8207404819870827
0.8229669717501125
0.8253512587224526
0.8248312548080563
0.8235914096682054
0.8254796966959171
0.825287096572271
0.8254991284809671
0.821516989253244
0.8244546937164188
0.8259149762592466
0.824181158345063
0.8216606846828932
0.8286441411039861
0.8190114762341628
0.8219148703664383
0.825695606120382
0.8272966980591353
0.8235120658439058
0.8266187453712945
0.8212991537012391
0.8243236602071549
0.820231586460695
0.8260654920749386
0.8278732922321714
0.8215883949060103
0.8214575192760529
0.8249950577461879
0.8205193625455014
0.823959097942815
0.820912696734667
0.817553751336101
0.8263675909704353
0.8213955484906461
0.8272200697589085
0.8241474921617344
0.82508806128809
0.8196736599368655
0.827705321280347
0.8248016492804923
0.8250175271290959
0.821500986606732
0.8267769088605958
0.8252781227124867
