0.5372026761694282
0.5491929189261354
0.5515511668085364
0.553288354414154
0.5554559064073029
0.5566900059694001
0.5607502827781445
0.5700927516897365
0.5906821466200064
0.6194363252064393
0.6497507203168633
0.668271660693829
0.6946947927443283
0.7095163309041443
0.7213711589540759
0.7284258564884715
0.7356726885978907
0.7370179998432977
0.744897369886341
0.7455393929606708
0.7528047433749984
0.7545382260464613
0.7562618352593772
0.7636521094329074
0.7625549396537525
0.769928681672643
0.771807598924352
0.7715427279616066
0.777119016719133
0.7782256461755288
0.7796517275318596
0.7820826417774537
0.7839452242163766
0.7859362825678672
0.7875496986360724
0.7897211847345611
0.7911555035218137
0.7927076863226028
0.7963224479821515
0.7932482120255134
0.7993452732029904
0.8011608118903586
0.8034898213490935
0.8037022184763767
0.8047229723971202
0.8051925123255266
0.8051548136656204
0.8097920289322
0.8081676699399187
0.8090506728809744
0.8103326182937732
0.813391060536256
0.813531956253869
0.8165505163443234
0.8161627523337075
0.8171858297956305
0.8175904824493958
0.8169534502142024
0.8139088664625362
0.8162147041681375
0.8197658326286956
0.8199560701755779
0.8218367635039694
0.8209085883760351
0.8225960903956063
0.8191543657123443
0.8227611063804239
0.8220354167260284
0.8233914671877917
0.8239944675020363
0.824963454198471
0.8235655990930728
0.8240003495624473
0.8258984344374215
0.8242778185744927
0.8240206948709682
0.8273112684260953
0.8270394777667412
0.8266449150109749
0.8270488928829184
0.8275860574084513
0.8273988500139018
0.8287536845952123
0.8273194421983547
0.8288732228315714
0.8302928746629941
0.8301579246644545
0.8253724674706145
0.8285329354514149
0.8306032233741979
0.8310475735698706
0.8300815342695079
0.8301800078544603
0.8311558696864402
0.8250109371947966
0.8313166396384719
0.8326815832153802
0.8314704962597608
0.8329618532085735
0.8340703796931108
0.834510184660284
0.8316593014867378
0.8340592776223785
0.8345591700010437
0.8349933539083222
0.8344793547700569
0.8351316778159721
0.8360490437030215
0.833438624761035
0.8358831874238595
0.8353726767802966
0.8352811165260866
0.8328272469668112
0.834050893776533
0.8371750699538676
0.8364383418874025
0.8364128402272227
0.8366794936325169
0.8373110257592741
0.8354161874760848
0.836156384939654
0.8381407527657206
0.8369703691588753
0.8366957711525068
0.8382346301952439
0.8399384288324037
0.8390919468659988
0.8391426191613135
0.8375725164470431
0.8396464138159874
0.8390045689859122
0.8401655756717779
0.8401515898636363
0.8407248424849154
0.8398562264015746
0.8406451354736547
0.8407665898357537
0.8366781568006053
0.8403559214383863
0.8389681434992551
0.837967308373994
0.8404138444553546
0.841165016672331
0.8400672485017489
0.8411800719460018
0.8402327737558659
0.8426094062599842
0.8426628731705805
0.8406511193879255
0.842963781302142
0.8424892569004654
0.8428618892470157
0.8426917296422717
0.8437629776140749
0.843626678051891
0.8439707212931327
0.8432411102651298
0.8442330013483158
0.8435415664201881
0.8445139015622677
0.8445322288911886
0.8447168899392398
0.8438360195633765
0.844337401554743
0.8452925042968961
0.8453557682756445
0.8455659564473406
0.8445113806792345
0.8453010854845951
0.8458298661642828
0.8450005784026071
0.8454603976532565
0.8458724920046629
0.8454085094774889
0.8467857901031812
0.8460208230540508
0.8465221286550226
0.8458708878063692
0.846184330328568
0.8467217112935534
0.8457391271068184
0.8477476852246182
0.8470442761020823
0.8458164341865045
0.8444682137402232
0.8453253712643218
0.8448308707743667
0.8477189115091882
0.8479966542534821
0.8479541175352293
0.8484414627915247
0.848248863508265
0.8462925946158063
0.8469430906581092
0.8473958756265572
0.8492059969617503
0.8486597929061486
0.8492281947373487
0.8494831604122158
0.8477328909514635
0.8485756616178471
0.8501317785239761
0.8462481990646097
0.8465806245999529
0.8502780152033692
0.8488184239271218
0.8495714486111755
0.8506619724259702
0.8508784309759181
0.8506136045742366
0.8498776022165233
0.8505990713015978
0.8493804726238087
0.8506223894696554
0.8491783754681108
0.8490399433407348
0.8505224899306637
0.8496734106908306
0.8508184454182861
0.8509611936029766
0.8509211395725595
0.8502053042791125
0.8518042252698764
0.8509138251922435
0.8507118808173354
0.8507264459193054
0.8513715819022294
0.8522716835600204
0.8520342049197298
0.8522343859496879
0.8526754449925115
0.8522770245218007
0.8518119216021675
0.8508239646243212
0.8496798083864074
0.8531465509240145
0.8521396236647563
0.8507269615544713
0.8521464224099067
0.8524344460281872
0.85332484610582
0.8530825166754502
0.85347737862693
0.852997194970161
0.8536958806199427
0.8534358349838114
0.8546772807555559
0.8545124621125921
0.8555901332434371
0.8538022224155748
0.855469372760759
0.8553969673980819
0.8544725226677675
0.850627564918913
0.8529426585940353
0.8552242614468397
0.8550462972900787
0.8558716573122808
0.8547248146788116
0.8556406463920957
0.854427605115539
0.8525251468904538
0.8548911165686107
0.8555977913805305
0.8558851083876576
0.8550214640458548
0.8562657362622124
0.8549282041053572
0.8556299962978667
0.8557478093844735
0.8554697801761986
0.8572879606980586
0.8572623571840189
0.8570511313761248
0.8570608966149456
0.8578095288512899
0.8541394923751309
0.85752789656272
0.8561613487875175
0.8563371676473537
0.8560892107912229
0.8585292727866118
0.8569933675058123
0.8581318835862327
0.8578968239751151
0.8579861689078716
0.8572564114649455
0.8574676118093745
0.8580037005035119
0.856489369143419
0.8568751342720339
0.8576341810655559
0.8578577375563675
0.8588615009801015
0.85932279711172
0.8590124802298476
0.8580682185579108
0.8571371469608349
0.8588634871303701
0.8592315678825548
0.8595996104395419
0.8580464663929497
0.8578938192862474
0.8592132723829651
0.8590323862935972
0.8590951346371798
0.8600731417660842
0.858057543000217
0.8595925570597419
0.858110061396743
0.8589183290680755
0.8597822789714583
0.8593111730399555
0.8561659513088132
0.859895349487712
0.8586113924611796
0.8594725668468792
0.8602926113707663
0.8595499312193615
0.8601151755809039
0.8598137518141764
0.860816624016636
0.8612394703161312
0.8610150671651089
0.8606852516349263
0.8579691975084611
0.8561153681356259
0.8598740620309869
0.8603942806205741
0.8593407870497298
0.860655484844362
0.8608782646994917
0.8608850443470433
0.8606151952768939
0.8612738268962585
0.8620453380558895
0.8620504180171533
0.8618843389326729
0.8621097160612307
0.8591809783435013
0.861148368404291
0.8599637252570556
0.8610050727551033
0.8625725272690157
0.8617943637791582
0.8613615548989887
0.8611044948541267
0.862458444580029
0.8625239875388933
0.8622223218692486
0.8600900049457688
0.8617130462037373
0.8628550507788599
0.8620813815905718
0.8617032236721205
0.8628207196621975
0.8630519724853003
0.8624274746407444
0.8626370962503443
0.8618956001500613
0.8619285626054808
0.8624027050551828
0.8633681141347873
0.8611523216072294
0.8632156070771423
0.8627699327812907
0.8621791612961036
0.8592213188378994
0.8631600330648186
0.8634732336841001
0.8617454548287935
0.8635836687317282
0.8626835734398031
0.8614980836323571
0.8634832790210357
0.8637412748482358
0.863006501102708
0.8625131464686768
0.863533862194223
0.8624703805792392
0.8649297948080148
0.8631708995984997
0.8622588173804344
0.862882532223442
0.8634155462041829
0.8584964121850522
0.8635825865344665
0.8619418290707366
0.8644755074951327
0.8638609913288497
0.863553901941164
0.8637257612321955
0.8628166582395329
0.864275695685417
0.8644777737435161
0.8647170220946232
0.8648436264425148
0.8623210182595199
0.8647314025864717
0.8633850728024655
0.8613627516818428
0.8636822187070756
0.8622337613308919
0.864872406523811
0.863636008883999
0.864340869424039
0.8647708582254618
0.8638314919046679
0.8644714015114043
0.865581856853414
0.865158367601428
0.864698147301205
0.8647016994545702
0.8629797008058142
0.86417834885879
0.8655457432942028
0.8658659845615521
0.8655125516675984
0.8626556400187175
0.8646596529080182
0.8649207489120799
0.8655441072665778
0.8653007083706787
0.8651112792888095
0.864846612033784
0.8656947109302152
0.8658045539522824
0.8662827578246491
0.8652758369312573
0.8663332709733075
0.8661235984367774
0.8642534215194239
0.8660426564474653
0.8651711884560462
0.8646155183573375
0.865624686401514
0.8668647189509522
0.8649596761841714
0.8643131333448071
0.8664685138016947
0.8660279067353741
0.8659163958563508
0.8652382528569434
0.8666167684606874
0.8665321088054878
0.8646404916506191
0.865789428654083
0.8650054785918082
0.866596614128154
0.865252525129066
0.8665494239616757
0.8660518805876551
0.8668960963056764
0.8650506380469543
0.8673089927562299
0.8668219912567119
0.8658063172972325
0.8636960899296249
0.8634552055508927
0.8662223139246474
0.8640638587543634
0.8659885847795752
0.8664363343478232
0.8669718755774636
0.8658782897810047
0.8670200715508088
0.8655900242598069
0.8636758910360276
0.8672385289827578
0.8669321080110276
0.8668686721538906
0.8668827470841595
0.8677821484966637
0.867808700524774
0.8675711709575533
0.8681218183877945
0.8680888877617062
0.8680778429837702
0.8675916881444626
0.8681090484601058
0.8652533908868754
0.8678087578175702
0.8674620154490407
0.8650796091042379
0.866219035503531
0.8677043257818118
0.8680148591031365
0.8669634217070895
0.8672964901949235
0.8686732297219851
0.8671980102441048
0.8680442057465285
0.8662490441970127
0.8676949424949658
0.867772224111187
0.8667212768868409
0.8658415205375705
0.8680771109091519
0.8687914756874962
0.867803073099013
0.861682553704421
0.8658797157350439
0.8674388500617731
0.8685435060996328
0.8680036679102767
0.8683800497520457
0.8687306625672524
0.8672694479951124
0.8695158285099801
0.8679487432163102
0.868912013364856
0.8691335073150042
0.8662389097379497
0.8692032772090554
0.8649462951333232
0.864352767228052
0.8697487300924402
0.8687968739420726
0.866177765592661
0.8694280368485876
0.8679365462165837
0.8690088827515148
0.8699730059261377
0.8680597575577664
0.8687145569256514
0.8684820436610322
0.869003573619066
0.867971889505979
0.8692407848929744
0.8647539504847135
0.868707446253055
0.8690510820788566
0.868916367617368
0.8693474067867213
0.8690999401022913
0.8690752469071249
0.8696196366908464
0.8669170336397581
0.8700067322855065
0.8702444273652498
0.8695187504425869
0.8681838855836888
0.8695947843490239
0.8704054837812624
0.869587138943663
0.8698785301051873
0.8694985451831234
0.8682215651459962
0.8682625167635539
0.8699317360152679
0.8710433754083989
0.8708594973618958
0.8703380374283907
0.8700512424222957
0.8700332779477506
0.8698217465782769
0.8706399068057553
0.8703454663942992
0.8671217662640817
0.8700319283841066
0.8706914321271468
0.8700044915005881
0.8693101028105222
0.8692953658301638
0.8704208382506466
0.8698129298535267
0.8714756877510013
0.8688571650612844
0.8696342590856126
0.8698111792403094
0.8703060234870417
0.8694466952025532
0.8702973277137502
0.8689928535003085
0.8704411962908999
0.8688600360669609
0.8675474199105913
0.8675932923427567
0.8696556611279301
0.8716519012945448
0.8705716583537366
0.8692933796798953
0.8709581619228358
0.8713521581165062
0.8702995048400064
0.8713111046450885
0.8698708783339602
0.870708887332392
0.8715034047326344
0.8713970565711363
0.8696617532619271
0.8702799934599637
0.8699578042375433
0.8703580453460005
0.8694964317155299
0.8710805584331393
0.8716983848498697
0.871716871325447
0.8713109518642986
0.8693474067867213
