0.6144477141231046
0.7176516024043926
0.7443811044996922
0.7739580140055677
0.7829557967234275
0.7925881671838424
0.7954739480361467
0.80246393017429
0.8055986609578596
0.8160085837849723
0.8150298382155835
0.8153726210153083
0.8228627247033016
0.8244350745683566
0.8195083333390626
0.8227396979722399
0.8278235424146081
0.8313662042730596
0.8308435284591015
0.8319575550520749
0.8334703840677341
0.836559242419138
0.8341088740862976
0.8414089439351284
0.841971291827529
0.8476962553912202
0.8458565837049153
0.8460245470858044
0.8450886628938469
0.847719707242469
0.8495402940617698
0.8523304214078684
0.8498199529318036
0.8534137454279394
0.8480545518069855
0.8501272842224067
0.8554443167112162
0.8583772877299991
0.8516256690875547
0.8539931729394765
0.8563392365538838
0.8476947848761175
0.8528762562432278
0.8586296624973043
0.8527124115777996
0.8594852221889755
0.8515775813339357
0.8577809715753124
0.8563996358928215
0.8615924766970463
0.8644003648099701
0.8650543684445742
0.8595331635276708
0.8630175267830453
0.8647336624689891
0.8571085514896597
0.855311321033614
0.859654827963356
0.8547113763351672
0.8606904079865852
0.8598234852236659
0.8626064255067734
0.8636836446611147
0.8601993259668039
0.8597659314269397
0.8682959057320118
0.8531742233445837
0.8512192594547054
0.8626349827827509
0.865256777527718
0.8703489739866005
0.8659319731310536
0.8634848895851959
0.8675604699363945
0.8688066773760907
0.8666946675659342
0.857887224248817
0.858023638396593
0.868105318062486
0.8644665761847903
0.8689742142439415
0.8732649417766414
0.8717808928422784
0.8723633250426839
0.8690579190192044
0.8678951744518536
0.868505737415198
0.8682979428092104
0.8703218426646618
0.8663815433370476
0.8704529413141231
0.8679523144672738
0.8741527063856489
0.8722787035826813
0.8700803853579677
0.8701983766888293
0.875297371892862
0.8716895744909859
0.8750178339742869
0.8696779671232546
0.8685131345517754
0.8648282274120668
0.8693008150116701
0.8662353002917884
0.869097648390443
0.8742199235673356
0.8647537022159301
0.8715213819389119
0.8684134832815673
0.8754534374697382
0.8717413417152948
0.8694940063204903
0.8699545958409556
0.8678058295190971
0.8688049649580708
0.8735247773391864
0.8696545280037384
0.8732739494773789
0.8755553677200621
0.8697081731585897
0.8725899180516945
0.871682680257842
0.8797551970486416
0.8712851764718703
0.878105966616939
0.8764706010419192
0.8738499839822074
0.8733424652957799
0.87382459690762
0.8732779727048462
0.8767101103935423
0.8632483658248419
0.8722293553875459
0.8708107475581874
0.8709226849502494
0.8757253299829524
0.8732365882083838
0.8751886747267191
0.874653738254372
0.8797099102761707
0.8738791587472107
0.8655678710452724
0.8776283929653307
0.8695109968174999
0.8710323051669978
0.8765737726361609
0.8702300787027322
0.8664783426991777
0.87570001929876
0.8744977363361582
0.8740885002586961
0.8749761693797097
0.8741740638669027
0.8795939623883742
0.8726479811177204
0.8804172853333777
0.8765720729498734
0.8735780023468658
0.8744877546578852
0.8786343207835883
0.8768080046846666
0.8705314642742622
0.8750128367692842
0.8797393778710216
0.8766628120073376
0.8755307127200931
0.8809490834336657
0.8755438391362915
0.881031215839966
0.8796821105382765
0.8687814176188284
0.8793376025887992
0.8764226597032239
0.8737702515074818
0.8755420057668126
0.8773625289274511
0.8762741695071797
0.8712323334161659
0.8736493764392109
0.8762955269884337
0.8791673602277942
0.8786684354607981
0.8770518491912027
0.881845683865022
0.8772713187958847
0.8780688599825937
0.8728187136504263
0.8792748733428153
0.8770352342803018
0.8843468390787694
0.8760568515652889
0.8801033271760129
0.8785551039440285
0.8842541966272978
0.873107265635605
0.8807382905046764
0.8785610114679043
0.880120024843175
0.8731012817213344
0.8824042886280701
0.8807212045196734
0.8796029000645831
0.879667036167007
0.879284167507534
0.8780020056552827
0.8774939776995556
0.8826129999187969
0.8790115047245041
0.880133297674297
0.8712320151228538
0.8793062125023422
0.877681388801825
0.8834725955696677
0.8786124413013022
0.8801311905725697
0.8749304815576655
0.8822641249850752
0.8791668063974307
0.8748394942314175
0.874626180419395
0.8791580978924067
0.8816506337232579
0.881787697189391
0.8777005882544215
0.8787457934674143
0.8778710788842105
0.8833972109815879
0.8813379105439447
0.8822491206383345
0.8791449523786099
0.8803863153940932
0.8764650309089543
0.8805833962471894
0.8822414434036423
0.8854523736061715
0.8831869782488282
0.8784217645096489
0.8775757217880149
0.8786439268757528
0.8836227599885342
0.880356472213134
0.8835665621213185
0.8839671915476167
0.8753481460420366
0.8828919203483464
0.867501299209642
0.878785427350659
0.883464771920052
0.8793480107801107
0.8861737790325834
0.8826615969417155
0.88185392766181
0.8789717562556666
0.8828862356297891
0.8818510502902668
0.8804340848543998
0.8845507186770162
0.8753703883786987
0.8815688132444037
0.8800856809947802
0.8845403232174371
0.8798939920303939
0.8788923802694506
0.8828618798255335
0.8825631233567631
0.8787208265399993
0.8800910092248276
0.8837582001587747
0.8802099490697597
0.8800041788092382
0.8744215178196002
0.871412423772253
0.8798651673880339
0.877327580321763
0.8817462617659987
0.8832595236605627
0.8801367034127385
0.8802322296016192
0.8846791372967878
0.885234864688293
0.8843526638463841
0.8794123633219871
0.874879089919465
0.8796528402852795
0.8803283032549972
0.8836719681346126
0.8858076589672024
0.8830969203390522
0.8811503912219492
0.874649307611465
0.8795363385671194
0.8845122943083579
0.8806582333707724
0.8837151541712223
0.8780564210799499
0.8835670268295545
0.8856477547729802
0.8851985919824257
0.8853607242298339
0.8829172501301373
0.8835993145031519
0.882866533273759
0.884629859126181
0.886194480829614
0.8824693477810998
0.8844876838694525
0.8730388325734654
0.8795450789014745
0.8895844064592356
0.8828311645208987
0.8868933510895167
0.8818238935048635
0.8809758646329608
0.8798414036093393
0.8863184560747464
0.8793578778727913
0.8826268520437475
0.8831074749452872
0.8835269664332711
0.8838004122178491
0.8822660283790825
0.8836408199510729
0.8835659955592226
0.8782172419589114
0.8859593320963692
0.8854985961609804
0.8824801188267872
0.8782500134383435
0.8876069392321794
0.8849556768923613
0.888401545754549
0.8871586421994342
0.8800049236155891
0.8837703462315715
0.888442140883597
0.8859989086868179
0.8791128238516683
0.8820762428087036
0.8796733256428577
0.8842656233572087
0.8861908777493189
0.8896010404677354
0.8764776671534515
0.8828620962649858
0.8785628384715167
0.8761671211003946
0.8868087996540431
0.8864620318220485
0.8810400643940473
0.877789774040522
0.8855440611777061
0.8838438401573765
0.8748807832398863
0.8845632339700549
0.8896306417457772
0.8819923597891859
0.8823860758847414
0.8728123095889831
0.8808162405368535
0.8840918224769722
0.8816787135592672
0.8823982410551366
0.8881626347943532
0.8749877998173404
0.8785196078738433
0.8784737863686076
0.8891705614946116
0.8785884037903591
0.886405763930304
0.8838298161540376
0.8864163885610681
0.8818021477057685
0.8766260618615019
0.8827938669105659
0.8834283209699297
0.8787176881679402
0.8852948820752561
0.8820170911795501
0.8813254461778359
0.8780660653673118
0.8827001677252975
0.8818594023067812
0.8772167760538927
0.8785274442551915
0.8876001277552964
0.8852025324536318
0.8830541480837483
0.8843981288631101
0.8858164311308888
0.88092155742802
0.8849118542691268
0.8801643631015752
0.8881741379146589
0.8855718354521355
0.8863982076470707
0.8765719838277459
0.8838187077174389
0.8787363019608422
0.8805864582288536
0.8880815145607859
0.8854257451876661
0.88342816818914
0.877032777055931
0.8851420694560314
0.8864249124559709
0.8881087222731194
0.8827332765956407
0.8806740843777238
0.877932273956429
0.888157185612847
0.889685025341113
0.8859694474578333
0.8809866675079795
0.8846874447522384
0.8836584534005731
0.8821220961432705
0.8886489742437815
0.8774805584535101
0.8841046433315908
0.8727356072665906
0.887083945124909
0.8860708620729913
0.8863186152214024
0.8882414314867406
0.8859249054917131
0.8826717059373135
0.880569957903545
0.8832320995087766
0.8826650472412207
0.8831015928848766
0.8791111750923108
0.8770280726807755
0.8877968393881506
0.8822685556279822
0.8878952620461732
0.8847413763710708
0.8929828305202953
0.8798878298718681
0.8838924308144288
0.8860573155096209
0.8887368741249003
0.8878015564950386
0.8820117374860373
0.8799563265926704
0.8800568818158853
0.8760154734346928
0.884412076476054
0.8887370332715564
0.8796630638664699
0.886145068975816
0.8803616603941238
0.8826243056972491
0.8889388312315407
0.8863688546378125
0.8859249882479743
0.8798093323751941
0.8786690720474227
0.886018171798077
0.8886864246349042
0.8888842502943513
0.887638946807662
0.8856450429139594
0.887590445272737
0.8881953235175242
0.8857796809850531
0.8858472737528486
0.8815320694644343
0.8831606744895015
0.8901796276849282
0.8893722321372711
0.8811950859688593
0.8857322743791225
0.8830835265564715
0.8891537938029207
0.8900090861282096
0.8798856591114785
0.8850405911822108
0.8846284650014732
0.8837738474580064
0.8856955178674206
0.8875773061248062
0.880531692681543
0.8855770236331257
0.8833553363134246
0.8843932144143684
0.8856871913143712
0.8827839106957579
0.890146257814069
0.8866953153564835
0.8842460546843698
0.8834568591483087
0.8826754554325322
0.8767427163604521
0.8841707910477485
0.8878594349509432
0.8823639481336718
0.8833223229310749
0.8899000579370219
0.8896947842140673
0.8779786110968303
0.8802030993976796
0.8863916890000352
0.8827899137076274
0.8809969292843673
0.8867052779371579
0.8864061777116101
0.8887522413260172
0.8871472663964534
0.8811322739666142
0.8922208490624339
0.8849927135021779
0.8894841567976005
0.8741606318891245
0.8861857786904563
0.8887588618269124
0.8775170475988296
0.8835698278107025
0.8833411149682319
0.8798046152683061
0.8886804216230346
0.8898995677653209
0.8797398298475252
0.8855807349331468
0.8855942751306511
0.8910164462663723
0.881392325968612
0.8876908668127608
0.8875536123706402
0.8742006986512741
0.892791790874266
0.8784427273071955
0.880212807343704
0.88192215701623
0.8850045794768598
0.8865473917225354
0.8842195790466545
0.8867912553266704
0.8847268749277633
0.8899970737386043
0.8883005321889644
0.8851527004526615
0.8754590203344356
0.8873223977427351
0.883540856753419
0.8911642744123267
0.8880017120615316
0.8830925533548079
0.8747351895129839
0.881494988293554
0.8891894808490934
0.8859301255020344
0.8882171011459502
0.8863839290090817
0.8886882261750517
0.8846158287569759
0.8831944517758004
0.8851719699297868
0.8859628651521352
0.888095958711297
0.8834200198803456
0.879564641208447
0.8727243333174695
0.885569015373389
0.8797385248449447
0.8809400630011959
0.8800464226976438
0.882150443345662
0.8856235644812469
0.8882180114648232
0.8806350743493708
0.8899512713309674
0.8866375323885727
0.8844627424055024
0.8829652296640302
0.8873119513562262
0.8899998492562874
0.8822601335869392
0.8867289844230564
0.8843693678794127
0.8880865244975212
0.8854207034215996
0.8840929556011641
0.882247376390983
0.8858353632171031
0.8853340894454627
0.8859214169970105
0.889493629206574
0.8864515090451447
0.8889436247288236
0.8838953654787681
0.8818933451056026
0.884872481386398
0.8844299709260703
0.8820986124626906
0.890945976127034
0.8862468973722799
0.8859347407550625
0.8838461446009573
0.883657103836929
0.888627260274018
