0.518268587813126
0.5253155015919146
0.5327186864422734
0.5375694408547391
0.541163734595378
0.5479356099403886
0.5496116800395154
0.5498361307507877
0.5519517594661326
0.5549550377445547
0.5561461562073822
0.5562080969711822
0.5558871996533461
0.5565852681047185
0.5567887549370414
0.5574148442131717
0.557667246763043
0.5583179566312546
0.5596859757712442
0.5614216700776844
0.5630891887010755
0.5656782628506664
0.5673664773216778
0.5703083700440529
0.570672024740568
0.5735301768177151
0.5745900939449808
0.5765834110305103
0.5775778455514139
0.5775970672267245
0.5787752053151888
0.5780637480607614
0.581346825519901
0.5869991403852377
0.5944828750316691
0.5993590860386948
0.6023987719059771
0.604757785831481
0.6055657726545504
0.6031473259726825
0.6113273230498647
0.6093422128283623
0.6076016173776198
0.6074247103187594
0.608246334831118
0.6198913962581549
0.6169591399002285
0.6194818316239954
0.6140299850476808
0.6219548864983047
0.6203494554177746
0.6173256408341901
0.6274529557154809
0.6315412248138299
0.6333315145493149
0.6331090549279156
0.630923597669659
0.6385480104736432
0.6415715825526921
0.6351527427582082
0.6422862115111798
0.6420623542978505
0.6437183411923948
0.6443299376316624
0.6447836125645429
0.6469454830658445
0.6471111200454889
0.6470315019773692
0.6467211025532537
0.6482583388056395
0.6482350136983155
0.646749507492433
0.6486214255310051
0.6483934712673606
0.6487135581095111
0.6380226243968496
0.6490727264721141
0.6486199896488853
0.6490486291792945
0.6492132642323041
0.650080288146442
0.6495526812386366
0.6507308512355925
0.6505672883078991
0.6471500930770699
0.6453759618017065
0.6496560519878671
0.6498900369564149
0.6517847950932398
0.6512134033533272
0.6521081493649252
0.6433349479030058
0.6520466808468003
0.6506991724851802
0.6525242680032496
0.6420133683816204
0.6521228655612288
0.6515023028358353
0.6530674654000271
0.6471714462396162
0.6516333127204477
0.6524030221170518
0.638895902375332
0.6531232797334492
0.6436624247517999
0.6533936212372708
0.6527304734390524
0.6542344355164486
0.6541848624839739
0.6544795246400562
0.6524350263340781
0.6550826015120795
0.651671277443696
0.6544151524492001
0.6549382794047918
0.6556676181778848
0.6555890977618747
0.6561281215279573
0.6537883228960656
0.6548082459200207
0.656111848197266
0.6568553288138146
0.6564014815750797
0.6548024768647482
0.6437499816526173
0.6537464653368483
0.6572554166259833
0.6570629382232458
0.6574368993625321
0.6572687543754518
0.6577203297295883
0.6573075806279719
0.6573702425236809
0.65791815599551
0.6559530843067019
0.6568904153911247
0.6575720637327447
0.6571540114398323
0.6569854388789653
0.6577402533917132
0.6569407287006033
0.6583388886017124
0.6592983195073839
0.6581438511379525
0.6595680547498661
0.6592397418985935
0.6590306519351543
0.6586622492550962
0.6599427561661565
0.6603686260394989
0.6612800921006701
0.6610768605362797
0.6618105197191287
0.6618479611431153
0.6608307439592439
0.6613536156469033
0.6613291354521849
0.6623830920732287
0.6589749078004138
0.6628775779668037
0.6588781229638394
0.6630707455929588
0.6607764229432265
0.6629034557534521
0.6636156469031851
0.6633539653639706
0.6639710628271815
0.664605378112434
0.6646793228507557
0.6644099577467755
0.6638995367525196
0.6643813166847589
0.6643670344439403
0.6622755732200967
0.6645335967698396
0.6653178053850046
0.665138198867759
0.6654151709561252
0.6653129489125905
0.6653167460230851
0.6662648877044457
0.6667890548768619
0.6580525800887184
0.6671917528036396
0.664351973635928
0.6666267044718475
0.6674016532427642
0.6665662059718657
0.6680314758124062
0.6681732388586715
0.667817350689
0.667022529309545
0.6677836808487148
0.6611477420594124
0.6683595844493329
0.6693428829066848
0.6691946679634277
0.6669774234658876
0.6694262853219025
0.6688614412044562
0.6690293245419058
0.6654916556103744
0.6699675745908853
0.6691070982992137
0.6697510499489145
0.6694063425146828
0.6708675472133995
0.6706140853016086
0.6660409156205467
0.6697903867372993
0.6624025881615667
0.672092329134814
0.6715768155453066
0.6698203169023746
0.6680459239773807
0.6725038338052599
0.6713714971655688
0.6719616510985137
0.6713579998736424
0.6733850633798368
0.6713784468350286
0.6732470017185914
0.6733712342395983
0.6708044066903172
0.6729763028396644
0.6733512467604904
0.6666337115765922
0.6746339043038811
0.6708622376404054
0.6731443138110801
0.6735492580956628
0.6743223689374663
0.6739190838944441
0.6746690419347777
0.6691669522476661
0.6747856738530972
0.6717728804624945
0.675186342399812
0.6744985165742278
0.6753817180935824
0.674234403607957
0.673667549255543
0.6747847485068421
0.6768258517493192
0.6765052416079071
0.6752163300001723
0.6757787299271656
0.6756471137812137
0.676271454472007
0.6753284947296745
0.6746120086969785
0.6761749951020466
0.6769455405011293
0.6769476145530802
0.6762063547675434
0.6649360649554781
0.6765260204176057
0.6779418959132242
0.675893160159568
0.6762776893912561
0.6768769308625949
0.6778880279977869
0.677481379799755
0.6757251491881522
0.6776658236443199
0.6765262182502532
0.6773133305381495
0.6781908395826115
0.6741528008316628
0.6787143366767051
0.6779860062119452
0.6737732620880534
0.6777804134191799
0.6787409100684693
0.6781696970161093
0.6782886008190272
0.6798104890869767
0.6796762181545277
0.6789159281446298
0.6801819549822237
0.6804980660263271
0.6789828083429219
0.679807451398581
0.6798110506764282
0.677951455697293
0.6727341301521843
0.6806877428635063
0.6796907365181837
0.6790671361043944
0.6794913020642879
0.6798416317747311
0.6805487111841177
0.6782083381993783
0.6797170801688087
0.679370483751877
0.6812288470632382
0.6808990983298457
0.6779858658145823
0.6813162763300895
0.6811148699314159
0.6797657278550282
0.6817763584880735
0.681220512565245
0.6779717877881098
0.6783295521770845
0.6798867184732935
0.6820314094427438
0.6820941479188325
0.682071639668892
0.680479597391417
0.6804553214110446
0.6827320943904234
0.683171212669458
0.6816628727470213
0.6820866877135078
0.6820885894596042
0.6819933809025125
0.681011575762565
0.6823564931546713
0.6821039182989456
0.6736900638871818
0.6799985768812769
0.6841042616343146
0.6832459806468616
0.6827843541178864
0.6841595016148887
0.6796800535552122
0.6807371818803164
0.6826929681980828
0.6788066224159707
0.6836437838110353
0.6830357164509334
0.6838135688945813
0.6842089342500005
0.684599207010168
0.6815644478139812
0.6830607390900081
0.6816248888786781
0.6850725503372409
0.682663440080001
0.6846326343459174
0.6832716223106725
0.6842227442451441
0.6834236726546142
0.6828210105929811
0.6835111019214656
0.6802357399355831
0.6849011187755308
0.6831183339172587
0.6839001876857473
0.6832281118915927
0.6858233124715616
0.6809775421654761
0.6845145920722715
0.6861881733090573
0.6857402419046561
0.6854032818521731
0.6853409198962848
0.6861277641528518
0.6864212137862552
0.685249578648369
0.6841667320790743
0.6860900546975363
0.6824869605949275
0.6847446076244702
0.6857665919369795
0.6860009278989343
0.686348181630792
0.6864775960908269
0.6848110793940706
0.6851891631104654
0.6851413641901211
0.6866921679331146
0.6854528804114408
0.6830660422813041
0.6863484943340091
0.6818195370588412
0.6863242247353349
0.6863249203404509
0.6874834793784992
0.6864496953058142
0.6866621930961511
0.6878756283579699
0.6868889731273067
0.6875661734252043
0.6870478455067419
0.6863215827122346
0.6824223395178372
0.6864047745314078
0.6851956469159486
0.6844800096491277
0.6850410694194761
0.6813154849994991
0.687764395356421
0.6859122095290242
0.6851989143454834
0.6877797114323658
0.679529656071133
0.6868089338670985
0.6877374199176634
0.6860487395826752
0.6873863818387077
0.6868859162938159
0.6866286636532286
0.6859628291600217
0.6885349662822969
0.6871362256466416
0.6883563936001776
0.6881281585418074
0.6866126455904699
0.6881725368718574
0.686307670609918
0.6862976194350793
0.6879007084323295
0.6887953395733579
0.6868716595797907
0.6844498114527234
0.6872844916434852
0.6828474499690806
0.6876495758404219
0.6850349174623048
0.689261139733028
0.6869249659057768
0.6874686738384193
0.6883201072635852
0.6874906013538135
0.6892500866315545
0.6881323896077872
0.6868336948565427
0.6881955939478526
0.6867327682977649
0.6877058177476307
0.6816984315700063
0.6886800286665888
0.6883029851670186
0.686454564541625
0.6875741760748855
0.6886737618388482
0.6890646025701651
0.6874416728728683
0.6889462220665088
0.6889039816053928
0.6909490925544087
0.6869347490492865
0.690286780758669
0.6903951037057884
0.6900414236037322
0.6828168816341743
0.6900813028364734
0.6904169291140098
0.688233852229223
0.6905669564595869
0.6894718506478381
0.6881583056846253
0.6888561635399537
0.688587162192777
0.6849463331080594
0.6884773969818395
0.6900609452188635
0.6914177453332235
0.6900856296279279
0.6867320854560458
0.6901414375796515
0.6892887150514269
0.6910546394627631
0.6872806945329906
0.6925831008799723
0.6916618963471797
0.6918973682514338
0.6902815924379427
0.689994281998314
0.6898210444159821
0.6915862732222025
0.6916295156099531
0.6919004506117177
0.6931316333765374
0.6923137166308972
0.6919823533278323
0.6910218375334481
0.6914169412392365
0.6868914747530442
0.692560286308513
0.6936452005480602
0.6932706331474344
0.6922675578070188
0.6926683795144931
0.6913137300324637
0.6932809523536023
0.6883303690344682
0.6943440730934197
0.6921296429248345
0.6936651369735817
0.6897800994396232
0.6946151165840556
0.6918786954021778
0.693630305664204
0.6925069544557337
0.693049322231731
0.6930568781625304
0.6951492519692326
0.6936646902546999
0.6948741688635663
0.6953502116490246
0.6929547007908838
0.6919698771076357
0.6943993513641837
0.6957237835047138
0.6857641413648283
0.6931613274187753
0.6947051368204209
0.689543600081941
0.6946147273004587
0.6958199876067419
0.692258680864669
0.6960981785994851
0.6952747161580134
0.6960243742585265
0.6950350770047625
0.6959388339743748
0.6946392776938585
0.687423899843074
0.6969400394771857
0.6964632372696287
0.6955731945696854
0.6957196034923206
0.6960121979781504
0.6952335350588169
0.6946656277261818
0.696930524365005
0.6954145583130874
0.6968790240596409
0.6956145607381328
0.6955144701818339
0.6948741369550747
0.6947928213552047
0.6937900650997044
0.6974295667911737
0.6976054017247179
0.6952661327737859
0.6972621556993991
0.6960545660732325
0.6972688883911163
0.6959269257253279
0.6969536005860951
0.6941221942065666
0.6894479830961576
0.6991501364726184
0.6985730586395112
0.694845578855136
0.6972775866459134
0.6953322726950741
0.6977447205805303
0.6957821122272702
0.6959095036889407
0.6898348288843323
0.6958494199993491
0.699663122909595
0.6994091440802408
0.6983741921567651
0.6971057338921148
0.6986899841159528
0.6916757254874182
0.6973720676893977
0.6977181152802747
0.6957120794700127
0.6981800672758636
0.6966928252480407
0.6977935405726042
0.6959339073032793
0.6992174697714906
0.6998261625380269
0.6980435180771176
0.6993612877246119
0.6993358438934486
0.6957508482872479
0.699313456895776
0.6965409216831602
0.6986219233034734
0.6996988029848479
0.6990436961265005
0.6972759529311461
0.697320210008928
0.6984996435821493
0.6988438213354213
0.6999181228106787
0.6966886835258372
0.6992098436420097
0.6983634453768106
0.6982145603552309
0.6966975604681869
0.6978950095757384
0.7002185731671283
0.6886248142128079
0.7003302018339724
0.6993955063909516
0.6989414485561727
0.6980913042340654
0.7011610798088809
0.6982124224862969
0.7010850163467202
