0.5833866792924711
0.674606155950533
0.7207194724947854
0.74391089615533
0.7534596445967432
0.7503463349530899
0.7574788997634011
0.7625641510622096
0.7761192574252672
0.7795259507465798
0.7873426297388367
0.7956450243256302
0.7933999551792089
0.7988873573463484
0.7960820983361843
0.8032731272620947
0.808749739285948
0.7990973863713883
0.8074572710962452
0.8084913042139767
0.8142009451376152
0.8067699230542468
0.8176584444374335
0.818774966449975
0.8147060766242005
0.8224246130565496
0.8181934636660417
0.8190168311721091
0.8173229441886936
0.8250797458430448
0.8254865310620024
0.820380469746437
0.8235104961548513
0.8281794834598626
0.8241205434830298
0.8258887965159258
0.8305472292147019
0.8303226987463547
0.8246979657466996
0.8299043276508301
0.8288001681505375
0.8210574732557865
0.8346603108839533
0.8317873890814648
0.8313389074385986
0.8331906233438404
0.8323087535269764
0.8338299918519458
0.8334299544512085
0.8358782156823217
0.8378152787563174
0.8324624064405455
0.836218598550472
0.8308527844286226
0.8328741634010408
0.8350074733996549
0.834720315539184
0.83417721802631
0.8379639981235464
0.830424686289475
0.8322060402751043
0.8349607479414126
0.828150257767929
0.8356821024408947
0.8330957974002464
0.8387767028036522
0.8369892694157584
0.8362847399007632
0.8397784164184552
0.8422480733260197
0.8344969118291622
0.8432277228484154
0.840726153853362
0.8393650361620669
0.8332409455165115
0.8345209748035702
0.8417219726760214
0.8316601354152161
0.8371973504857271
0.843934206684348
0.8418543254011328
0.8417872355367709
0.8381345078509337
0.8401810956536844
0.8423952012266872
0.839982614310014
0.836899491604097
0.842103351722793
0.8384789139465512
0.8394504915505475
0.837939750539017
0.8406259933138545
0.8430761452072425
0.842757196210741
0.8433757037751599
0.8390704302380887
0.8365990927418353
0.8364914523094893
0.845638196297495
0.844003448211501
0.8386881217748453
0.8417556035473968
0.8454714360653264
0.8398526487847446
0.8327947301220288
0.8476774951833946
0.8453258105090928
0.8447823055807793
0.8367570489809865
0.838846663673691
0.8396493739437915
0.8472134808268893
0.8461178324897669
0.8410383995927068
0.8463868794607694
0.8450024372355507
0.8402096911248595
0.8377284165113968
0.8456517683243306
0.8415663972708463
0.8426575067453356
0.8477185422889459
0.8357349200331341
0.84766627852707
0.8468995735964545
0.8417690609886398
0.8459387861357442
0.8397356505290174
0.8355968316625353
0.8396567392510376
0.8354619198591932
0.8403884573807675
0.8447885123003687
0.8391280604252097
0.8434495159942771
0.8434063936163297
0.8426169561773512
0.845783236194034
0.8461629537497155
0.846681466287149
0.8444957715752003
0.8499155809745443
0.8379581224290017
0.8483767473952722
0.8451381002111098
0.8408970137033929
0.8380638340038755
0.8440177777764196
0.8481493586529807
0.8436112153627808
0.839599147259114
0.8410262280564452
0.8462828166452531
0.844676453956848
0.8465647799588677
0.8441156911651428
0.8474170866928874
0.8432013426986937
0.8469966275932342
0.8460296015836034
0.8417640128567073
0.8481641592920016
0.8478193457809445
0.8470040056322129
0.8470199712247567
0.8468320253897227
0.8380214500664127
0.8450369465964681
0.8425154970011296
0.8422490791328865
0.8501592536026921
0.8422819270027135
0.8486055302622714
0.8459302558749753
0.8488093207383907
0.8515748121821188
0.8403175352649257
0.8438101486829546
0.8498794355860019
0.8438495597608807
0.8482616970946161
0.8435120415325411
0.8470730116223147
0.8504639112294721
0.8505280282342974
0.8381389512255731
0.8447233003665491
0.8495460360731232
0.8447307675276552
0.8421925184112948
0.8517924802466533
0.8512862538310739
0.8427669168884981
0.8494074002380274
0.8442921275140046
0.8449017483291448
0.8481609699930126
0.8483299582783674
0.8487444907565458
0.8473270542465764
0.848734337199884
0.8417052941064581
0.8449884896226069
0.849265638762605
0.8439944532424959
0.8462965923798086
0.8506302194851374
0.8424398195832022
0.8498693838832004
0.8493500565148874
0.837603728289245
0.847244087911798
0.8469783511912433
0.847212876069596
0.8466850248063802
0.8437045516936731
0.8528794264446181
0.8477441712664507
0.8495448138268041
0.8516127463790761
0.8511357520212962
0.8516357526196877
0.8508138874580543
0.8503605550251092
0.84797280135266
0.8517885652389123
0.8531283445465522
0.8373854172722196
0.8369185319100376
0.8489066802967502
0.8502122176098551
0.8507183039763773
0.8472371300199917
0.8518588189387984
0.846830217483709
0.8493225368751078
0.8479614637448766
0.8511559572807598
0.8470033372162571
0.8502743675620106
0.8469855637176995
0.8483689492091213
0.847173910602307
0.8473875554393742
0.8508939891530223
0.8443457344736587
0.8407459262339206
0.8493232880473246
0.8542157936479502
0.8530632090031274
0.8494216597784173
0.8482394101968905
0.849624113422625
0.8488980227186561
0.8537518620477063
0.847045358299344
0.8458852046395555
0.8470524053132779
0.8533551858243464
0.8504387851554008
0.8514140676935522
0.8498665319751223
0.8477907757732344
0.8444205843289738
0.8532661400873035
0.8518716716227479
0.8510261445362802
0.8507898817764424
0.85233362343859
0.848367281352165
0.8487450318551767
0.8436088408946711
0.8469942531251247
0.8502251594159321
0.8439133011795976
0.8501788031779322
0.8426181465943391
0.8533031066725915
0.8477358510792677
0.852731082663498
0.8434418833206486
0.8470953176176391
0.8437580758970658
0.8510012539992601
0.8474210207982271
0.8518074909592602
0.8486556487272228
0.847141094561811
0.849220842161835
0.8474318109415135
0.8512886028357185
0.848654362822241
0.8490575194974387
0.8467180063593984
0.8466640620088336
0.8464317779153995
0.8487871929873211
0.8460308429275214
0.8518918386870141
0.8537697819611874
0.8491455275982838
0.8493998821499913
0.8500325092057428
0.8500633900229002
0.8497628129163834
0.853988697735506
0.8517975411103187
0.8525903269949421
0.846907467270599
0.8429452884606987
0.8479546140727964
0.8508564241763071
0.8487526390653402
0.8529895622965326
0.8418078545775404
0.8488317667827725
0.8531718234130091
0.8479345361306578
0.8498047194138779
0.8461196085664493
0.8533199634864098
0.8515390678431499
0.8506418053617043
0.8504298347474597
0.8401256298610869
0.8498912188044225
0.8526491921601148
0.842058319584972
0.8488662315826259
0.8470471152784278
0.8535064960991374
0.8428953482400021
0.8496590365648482
0.8528850856997103
0.8502819493087088
0.8436653570551991
0.8513145246430703
0.8498836688870552
0.8476818303383077
0.849622534687796
0.8533034249659037
0.8474544606936151
0.8517212780326969
0.8341149343909634
0.8545953520569756
0.8518324833501405
0.851998435117296
0.8415495531887602
0.8485626879824388
0.8476582575356004
0.8448386816922501
0.8534178386799351
0.849349477221059
0.8545951292516569
0.8454100882123178
0.848247596700882
0.8441188040737367
0.8518399314136477
0.8477856639826391
0.8442623034306442
0.8497660467764361
0.8521202905289686
0.8499184519802211
0.846222207232729
0.8504981022970769
0.8549499435385859
0.8518961929395261
0.8429382732760962
0.8531740005392653
0.8506140947459374
0.8499637578502908
0.849727183163007
0.8530072148436315
0.8490400069993972
0.8512741077582774
0.8502476054603141
0.8484299851346839
0.8521407058620181
0.851423444614532
0.8501876453661472
0.8521662011563317
0.8505157675759084
0.8471371859199361
0.8511457082361045
0.8528211342074075
0.8443497195059283
0.8506818339286564
0.8488753411372234
0.8417809587926528
0.8464377236344727
0.8495876815701016
0.8534802114374092
0.8517505801150251
0.8524546767511156
0.8508747833345595
0.8518315030067387
0.8463526692955657
0.8475453843612004
0.8452008867498898
0.8507566774181053
0.8486770125743429
0.8476174841622975
0.8525297876069469
0.8526597658639488
0.8537926545186076
0.8511847691913871
0.8510644097582822
0.8530144910287503
0.8446881926142048
0.8518275243403353
0.8486540254313301
0.8492126938530404
0.8493923322326242
0.8480441054204766
0.8501842396277057
0.8520272470279235
0.848830589097517
0.8527484105514183
0.8479551870007584
0.8458594356129933
0.8468543695802447
0.8524694582925376
0.8458674311409977
0.8504231123927044
0.8527228961595059
0.8402024340373395
0.8553002316946142
0.846866923068481
0.8547313333258472
0.8422675146815337
0.8511901228848996
0.8518735495532905
0.8403932636097828
0.8508632038238587
0.8504019267898391
0.8518396131203354
0.8501422312763514
0.842769119478219
0.8504508357402037
0.8436716910921135
0.8478919166561438
0.8523257679596428
0.8444363271161992
0.8515467705413072
0.8520970105561085
0.8481283512943703
0.8509939905458737
0.8524037625528834
0.8490031995607654
0.8412104307621268
0.8541161996705384
0.840543962761414
0.8429652327196461
0.8490046700758681
0.8518335528156696
0.8458984138120148
0.8504385750818146
0.8542528939164292
0.8507514383101854
0.8472351502355893
0.8528520723173608
0.8523050470650135
0.8513759743499387
0.8528400662936219
0.8484097480458891
0.8528833223547605
0.852061374436866
0.8469614243528963
0.8537961239157115
0.8521913208645366
0.8550358254401049
0.8531861084168643
0.8482551338865169
0.8522325143850117
0.8453011173139263
0.8554286821437173
0.8475922880636977
0.8463623899733227
0.854274582422728
0.8426558898153091
0.8517641394101281
0.8532727669540651
0.8516202517353798
0.8559700226775073
0.8543149101853937
0.8475216587777032
0.8461475165240698
0.854916815570644
0.8511282657625915
0.8469288502153178
0.8549531455693073
0.8555813228845535
0.8526549150738696
0.8545733707208297
0.8549838608739424
0.846630271990802
0.8520700001856287
0.8500891208542647
0.8516113586202347
0.855718322692024
0.8521831407264109
0.845625464565004
0.8531459652643198
0.8520920197169721
0.8527655092681538
0.8507696192241826
0.853356885510634
0.8568575453835974
0.8550060777471393
0.835619971586338
0.8447149419841686
0.854255427531195
0.8545295162682639
0.8540652345453764
0.856159127100198
0.8489929568819764
0.8543235613976214
0.8497361908637445
0.8404546814873198
0.8464313195730296
0.8531584423621612
0.853861023922085
0.8527676545650784
0.851946661527121
0.8532736327118746
0.8526367150622736
0.8435557813995143
0.8549788827665383
0.8531311773570314
0.8403676982909407
0.8426825436972794
0.8530609491206104
0.8434360139919702
0.8508402357784448
0.8522674757224322
0.852122582240817
0.8476344555617082
0.8376135508208619
0.850435207538571
0.842616198639268
0.8524597503465131
0.8502793011083508
0.8560853849056094
0.8548605285813008
0.8547771166358851
0.853458198271932
0.8525769968710238
0.8520126437307561
0.8504544833815624
0.8542093704889084
0.8545379064799755
0.8538997411205905
0.8516871315261556
0.8527437316397277
0.8529758629523722
0.8471190050059388
0.8540785328399634
0.8538953550387473
0.8528049521754113
0.8549207242125187
0.8547378901680799
0.8584583825001012
0.851782721373699
0.8568486904636496
0.8569016353732142
0.8545712190580388
0.8465376104417317
0.8529952406492237
0.8575458037444688
0.8539316150128822
0.8549147975910442
0.8547999382663755
0.8535127028187266
0.8473355654097466
0.856683769966826
0.8547495651667744
0.8530872656116696
0.8580349378091789
0.8549016839065784
0.8461885954589528
0.856193604631784
0.8493648571539083
0.8493938409429242
0.8441210448586551
0.8562715864932919
0.8510013112920563
0.8521119257807219
0.8521877814429041
0.8536632428237017
0.8547029479282581
0.8533060158734658
0.8537132594347931
0.8525497700610917
0.855327598553604
0.854263098400021
0.8566484585067619
0.8382238145884927
0.8518021054364167
0.8497851189117079
0.8498087872024089
