0.5152873902108577
0.5324253516794396
0.5411956686137228
0.5455720458639894
0.547939611265229
0.5532418580697533
0.5577386771122305
0.5636975879094897
0.5686691606343663
0.5717236137515388
0.5778696295615582
0.5811193307385348
0.5806743412970546
0.5885967921755274
0.5959722676918228
0.6137695989932233
0.6173295017616678
0.6321522405185513
0.6384094638033264
0.6485035938534034
0.6581690907547699
0.6631694959926127
0.6655157848116857
0.6687875219929277
0.6737842130823539
0.6765726004335726
0.6781460592055678
0.6804631134646814
0.6846833688474845
0.6862834967367185
0.686276451341784
0.6913935969868173
0.6923009532342765
0.6960420579445442
0.6972750084397961
0.6982936551240889
0.700909615368661
0.704126150859519
0.705587234305968
0.7073670261477325
0.7092593783842944
0.7110688770316934
0.7118179352525653
0.7134505396045007
0.7152546584802242
0.7125378929291422
0.7177071451408792
0.7188188816584247
0.720922238367919
0.719832869702951
0.7233506532625475
0.7233123949811772
0.7255875342457885
0.7280529821357119
0.7282330608986324
0.7294334711141998
0.7303859076785233
0.7289695025019448
0.7326439822818528
0.7332256357926483
0.7327222474299306
0.7347803770434996
0.7355124471834693
0.7315020858580927
0.7374570846742876
0.7376235512747122
0.7401694213267423
0.7356182110695663
0.7410739887720399
0.7423806478827759
0.7436238984391004
0.748390006005178
0.750196230841344
0.7517338053237403
0.7513438133582986
0.7533693644019933
0.7541552641672107
0.7563236503824871
0.7558494646712373
0.7581328107998757
0.7590870725299159
0.7583145934762451
0.7604090987701828
0.7610442053860258
0.760867208983389
0.7626378047978885
0.7637843407163201
0.7623799905678499
0.7631441925588122
0.7653378758261907
0.7650471894681556
0.7619416763828023
0.7672247589473006
0.7663182642291131
0.7679588393222381
0.7677680265427596
0.7682180830526981
0.7678699295013788
0.7678160743493379
0.7705715704274654
0.7694426926682583
0.7710668157431392
0.7706834033086554
0.7714034630924052
0.7726829425500372
0.7735771844074689
0.7734339982424802
0.7736444730344529
0.7742854508127412
0.7751402856831067
0.7762589527250171
0.77537224765329
0.7774994846778613
0.7750366915744351
0.7763596048707674
0.7758344102449233
0.779406227644113
0.7796543608378147
0.7797456637955407
0.780242727895233
0.7807362565340614
0.7811463955210689
0.7775192296524337
0.778261223333276
0.7816428214509301
0.7806394014988056
0.7797327217113673
0.7808438136773834
0.7816026614234634
0.7816726558905308
0.7782896155090584
0.7827151190729178
0.7841108794554624
0.7820217028796137
0.7846768467518113
0.7843367213769662
0.7841420859602
0.7854154645142475
0.7831232924968459
0.7854986627151191
0.7850748477486326
0.7864970347438801
0.7855745411080288
0.7868102931688388
0.783934833925874
0.7865462631646459
0.786948003836677
0.7864639903100292
0.786635702666465
0.7872951554613616
0.7875395617432502
0.7880368747291766
0.7848872577268008
0.7866700553484695
0.7880070466712742
0.7885285462937968
0.7878768217355538
0.7894449581711585
0.786054553309836
0.7895034719629659
0.789289519145414
0.790566197037488
0.7902733026118376
0.787762997764491
0.7900097767618113
0.7899953285968369
0.7917577047839126
0.7875468624061173
0.7913576935521236
0.7901299569043913
0.7914753593055691
0.7911665935962209
0.792228323125807
0.7915720867068585
0.7893968401658986
0.7894226988074521
0.7915417736398845
0.7907266329330094
0.7918549618661617
0.7925238531928595
0.7937421832172822
0.7905778244918094
0.7919536612122291
0.7943857966369726
0.794353600968997
0.7931550797361294
0.7938973988835857
0.7938936974985658
0.7929303163216402
0.789837534724416
0.7945768136307971
0.7954907111190244
0.7940017843228477
0.7938792301884963
0.7943276529836674
0.7959772198897115
0.7946350976814651
0.7954281130402986
0.7956611598991947
0.788850432774871
0.7930155183757812
0.7946576186948022
0.7964899957306439
0.7952222139260144
0.7954012014185239
0.7964216860319302
0.7971305331717486
0.7971686127655664
0.7953485715525587
0.7979659038622677
0.7974646023148972
0.7975177427167273
0.7978439368441607
0.7964312904878872
0.7981360718477123
0.7950495698416253
0.7974520878045106
0.798412399384549
0.7982613701123371
0.7985035045096271
0.7987831952014733
0.7939167737196557
0.7981016106768367
0.7983070822173338
0.7978218816948004
0.7984090170844446
0.7990473145494426
0.7986089684559035
0.7983219005208104
0.8000380157768346
0.7981804693228571
0.8002412537229232
0.7996665626449841
0.7961199465724218
0.7931981561997242
0.7996378577659843
0.7986146098772098
0.799131495531854
0.7990216792673298
0.7987246877913644
0.7966873114607005
0.7992551983719012
0.800206205435803
0.7999818376866089
0.8003352306122411
0.7997321728853126
0.7991234226834913
0.7940941594058895
0.8009139676869088
0.7983705035351418
0.8000714750210756
0.8009468015247153
0.7998577966165512
0.793401828101298
0.8011429557856796
0.7997267420600505
0.8004836944417322
0.8007941449194342
0.8015981687078528
0.8010029477064495
0.7994696361985244
0.801906174995102
0.7990479910094633
0.8019486388156589
0.8016623622111563
0.8003094868412571
0.8011168865480819
0.8021093491242078
0.8020418116109895
0.8021833130076241
0.8015667133168812
0.8006967410581239
0.8004677082874649
0.7977030736173572
0.8018164993704455
0.8026134203286446
0.8026463690370208
0.8025505223100982
0.7972246185499379
0.80216508687725
0.8019255370677756
0.8009485309649574
0.8030072030228828
0.7976320963687498
0.7999964773025326
0.8026073002799651
0.8027737413535965
0.8008760284904539
0.8029005776075141
0.8038494978560684
0.8040443247237842
0.8017344498752697
0.8012258604284288
0.8028961806173782
0.8037583480591021
0.8020000433955485
0.8024060278969561
0.802937489350541
0.8032841687295506
0.8038081763595092
0.8029999917037922
0.801679937408303
0.8024883007515726
0.8047405552460433
0.8043914763484689
0.8027469190755983
0.8037525598587347
0.8045840377132844
0.804012365178646
0.80323582736485
0.8019151476629265
0.800682962971472
0.8006870089682006
0.8029915997705142
0.8028163838617062
0.803993054159559
0.8049140225695143
0.8025109685439707
0.8049875844059373
0.803703701576471
0.7985777045158812
0.8032657830567187
0.8041876129959458
0.8040630613900231
0.8045848226621766
0.8022848203009479
0.8047087105714748
0.8051086260777891
0.8043688085560706
0.8011769638559753
0.8048600716919988
0.8040941976960791
0.8044289432992486
0.805290210921511
0.8055298373113648
0.8047439311644494
0.8020070568819915
0.8057102989761841
0.8052966883452959
0.8035827045765074
0.805855546429727
0.8056597495438682
0.8045449242843404
0.8059707552293232
0.7987989452329033
0.8040802345401763
0.8057124496085147
0.80439993209873
0.8053771296524973
0.8057778173443073
0.8042786032504543
0.8062549450184782
0.799964402886825
0.8013946499670386
0.8061649503089061
0.8045208333732189
0.8049535444271502
0.8036014093342548
0.798631476705844
0.8055892381592374
0.8031353156164625
0.8064311947624125
0.8056469414753594
0.8048819545355048
0.8055482485109902
0.8064455089117226
0.8065849362564065
0.8052769561341203
0.8076309604264506
0.8071844840492641
0.807297344383882
0.8075855674063693
0.8048471423712221
0.8079157692403418
0.8077160795185137
0.8077103806619226
0.8074645895515007
0.806185410033689
0.8055202073286147
0.8054046475356115
0.807604872043758
0.8063890500267712
0.8059489042943085
0.8068585579531597
0.8002486309661699
0.804696400275434
0.8073900321701413
0.8083585314691116
0.8059452539628751
0.8070017122096567
0.806613634753708
0.8067767318174246
0.8085337027060316
0.807610219906942
0.8089189913598187
0.8071064677874205
0.805647509446509
0.8092663471988493
0.8080405314423085
0.8080779920113901
0.8093169349213551
0.8089210015947865
0.8082467815499996
0.8088625005663757
0.8094805489026351
0.808974173905108
0.8091479284050029
0.8065725812884776
0.7990206964857902
0.8094085378189014
0.8102518409604201
0.8081447892476041
0.8104082691494026
0.8107713367296732
0.8102178009816329
0.8087488808096589
0.8103050962328198
0.8105497960728304
0.8097402329702784
0.8113718545406741
0.8089648310987817
0.8113562768150986
0.8092351726026032
0.8109240252434458
0.8096630654743102
0.8111742516341933
0.8114278858518386
0.8109255823778336
0.8114082174576464
0.8122965370990458
0.8099926993371331
0.8126380536841225
0.8122356748422604
0.809667730495775
0.8097408456133164
0.8101376149423637
0.811794693107319
0.8130216575695557
0.8077778926483473
0.8125640259837228
0.8110438607743169
0.8115469045253261
0.8133759247878563
0.8107410236626991
0.8114797307689116
0.809233889881243
0.8113388228702199
0.8136718122300143
0.812587555305393
0.8132328152032476
0.8138603467431959
0.812536718696653
0.8136408035579245
0.8142945702596267
0.812916410601022
0.812715699807464
0.8143214946447979
0.8130558188006108
0.8142987885622098
0.8109068840017842
0.8144237741236173
0.8140833424272534
0.8135079429808021
0.8132607670418468
0.8149661227545196
0.8151007446803757
0.8107362948242511
0.8147429739097029
0.8148383483909505
0.8159467472802797
0.8089160302518028
0.8132044421725599
0.8145289508934697
0.8143383104198456
0.8117984136374341
0.8151886717196956
0.8137096748460894
0.8151022571428753
0.8159329117583429
0.8156011081180945
0.8160484204977596
0.8159587576364998
0.8164317244433724
0.8147736634968772
0.8160761425952197
0.8121341164953498
0.815775117885922
0.8161892773428652
0.8165015274594906
0.8158908436030814
0.8159101865306597
0.8166268512509085
0.8158195089793686
0.8156832150485551
0.816825641153275
0.8164523628557079
0.8165458292091607
0.816861793474203
0.816921558078879
0.8178232282331438
0.8159425608861881
0.8174558912967036
0.8175227395865042
0.8164796573793811
0.817379336443773
0.8173221691903093
0.8171801381127148
0.8168663755335897
0.8164482275152027
0.8175189871478978
0.8170952168532994
0.8162537835493857
0.8177963931917489
0.8168777094297889
0.8160435831704405
0.8166220011601928
0.8181128807560525
0.8174792993661059
0.8184196872840195
0.8177485176910251
0.81617449094788
0.8174602691417445
0.8164013284143203
0.8181224022499315
0.8178030939749749
0.8183514988375736
0.8153070649867485
0.8166315098906751
0.8183000240590026
0.8148814822898298
0.8166107948979598
0.8186294792342728
0.8176507947447992
0.8176566850523396
0.81859836845501
0.8181816244102512
0.8178187482809299
0.8184194894513718
0.8166287274702118
0.8175748972067947
0.8186419554544693
0.8168949655420199
0.8184592346684485
0.8184142245502659
0.8166257727438941
0.81888068840656
0.8192095054119993
0.8190044550635904
0.8125950538009077
0.8185343217307677
0.8193407705645442
0.8185489166748033
0.8188240955059443
0.8187406867090283
0.8157421564141493
0.8188030167564253
0.8180546796674625
0.8182917916681824
0.817827650750073
0.8191959379213913
0.8201322032621965
0.819205057368277
0.8191060261738975
0.8201896002567995
0.8201895045313249
0.8198196532057502
0.8189875244179732
0.8203869287502529
0.8134087777707579
0.819844426958591
0.8151486839980829
0.8205926364135877
0.8164670662886148
0.8172880079592542
0.8201274616603519
0.8203135264562875
0.8200968103633675
0.8200382391362754
0.8197395054566712
0.8194980921912902
0.8204310135221806
0.8169090052783028
0.8200080281764744
0.8192764558089728
0.8193681671953903
0.8195499945436481
0.8199262275675328
0.8200947809833048
0.8140768522400719
0.8194829420395016
0.818214419957868
0.8196240030989527
0.8208695191581775
0.8198672351483522
0.820912946615179
0.820995225851494
0.8203574963576457
0.8190242000381627
0.8201991472774719
0.8178247279322468
