0.5814545370330831
0.6443430569903157
0.674955813885803
0.6912863360780657
0.713454357617509
0.715074693382323
0.7302267791469398
0.7341717319227796
0.7442245551169813
0.7497795309543175
0.7528261645149148
0.7597729224212506
0.7556148850045731
0.7598310491459389
0.7642108224156818
0.7630719052856882
0.7634221234171878
0.7691263533545174
0.7697664412055086
0.7671079854368332
0.7731659092686325
0.7736353664407777
0.7741601111612656
0.7754961282419542
0.7747635507202812
0.7738783579212372
0.7679118097335266
0.7768149192885824
0.7782392691292943
0.7776755398439187
0.7793414170158535
0.7741916858578437
0.7776344672749023
0.7772862862206014
0.7826441366437773
0.7870241581823039
0.7848479613427934
0.7855385750741757
0.7852392329457106
0.7829660394022167
0.7899053492450452
0.7858546212356692
0.7921504247573327
0.7842039266547299
0.7922725857305849
0.7877685571175949
0.7849132496670079
0.7951918383076084
0.7952892105977006
0.7958696948430347
0.7956054286375828
0.7964622487707704
0.7951359014409087
0.7876275022533259
0.7913988769542476
0.7974415863657202
0.7974940920305136
0.7994599415516717
0.7975323508866493
0.7980800190914875
0.7987270266390877
0.7991500257193727
0.7976693570599862
0.8019296366544337
0.798014603449948
0.8003225418914104
0.7993689160302265
0.7935894733832056
0.7972577719778795
0.799183007272391
0.799325507188298
0.8026431038456376
0.7992378301124978
0.8014825045752118
0.7995475040418794
0.7886833320970821
0.7989661222094048
0.7999182266285559
0.7941869863207467
0.8005710780413696
0.8029635360889742
0.798919072091984
0.8010195214890383
0.803634383805664
0.8023510697316224
0.8018287504061741
0.8019160009689358
0.7933863258595771
0.7997367612453599
0.7987034602022467
0.7960932640655787
0.7960808633581323
0.7986222572124182
0.8049274885819914
0.7792878482513972
0.7966337388415595
0.7926557917809689
0.8031692172273683
0.7970652172556837
0.8006718751675018
0.8073307240411498
0.8050396233159068
0.8062062255982023
0.807249202758009
0.8052725185325007
0.8059552131262735
0.8103342033944684
0.8082005305414783
0.8070001828022151
0.806837846847087
0.8085570890757584
0.8072486807569768
0.8043151304443658
0.8055642407190701
0.8081594388748631
0.8064125242256223
0.8032451110847479
0.8037962295890914
0.800340003462522
0.8032145931219666
0.8069922891280705
0.8105528454365383
0.8083284207943516
0.8059895378770697
0.8102613078600904
0.8101480463678493
0.8100128671981249
0.8077117147700804
0.8112585908319863
0.8097297452968534
0.8087401140961847
0.8049177360749031
0.809557962396217
0.8088072039605465
0.8078684805922435
0.8085962900800987
0.8118691283318658
0.8094113755941804
0.8126536640538352
0.7999881556692635
0.8092165928187987
0.8068199651288034
0.8052440185493195
0.8104076209298783
0.8048034687757952
0.8083117804199857
0.8016658160596188
0.8104174116321641
0.8079172303959521
0.8073691611415403
0.8102082419990675
0.8092901758667311
0.8108855319723978
0.8090730934618913
0.8075344954196702
0.8100877616145038
0.809488281624293
0.8094844748362783
0.8109237780968009
0.8113705918827108
0.8141508266726637
0.8100155344960818
0.8079298602745832
0.8116187206172303
0.8126413524685161
0.8110445385794793
0.8102641024753721
0.8139198475818098
0.8065727403472907
0.8142625476252733
0.812304521753731
0.8115635412886139
0.8122382403543822
0.8101858787109467
0.8080418294959765
0.8122837435663054
0.8127364521443586
0.8118578925779424
0.8076576431021905
0.8065702449277223
0.8127162596166275
0.784241236996795
0.811510691867043
0.8111135063743836
0.8098486214831232
0.8102828181221341
0.8111540251130368
0.8074514272310319
0.8058804905882833
0.8109337597750741
0.8126992691196182
0.8024305412058321
0.8088014046563967
0.8051746942659052
0.8142410628266947
0.7997323815293831
0.8114998380650944
0.8070477740182669
0.8058450390791616
0.8140920378978862
0.8141415325079453
0.8108867414869845
0.8129887059602052
0.8106413500749505
0.8164642715884284
0.8037998963280488
0.8099726985821153
0.8032454866708566
0.8123995323074461
0.8145070287184343
0.8135149084640634
0.813902201400577
0.8145451156961815
0.8057079947106272
0.8141295328500725
0.8085734366202771
0.8097785523933583
0.8065385874748832
0.8133532918518211
0.8127580515285299
0.8152861661858273
0.8156120221472052
0.8119389618845796
0.8124797167586751
0.8090923693048828
0.8154411877606392
0.8077265026773688
0.8056013473534154
0.8132897923360216
0.8139073386546374
0.8110532534503696
0.8118540093995326
0.8082944207027339
0.8140262339385058
0.8101466840724728
0.8050456963523053
0.8075547197767322
0.8142580660554367
0.8123734067923742
0.8106104565260607
0.811903484911993
0.8063186340643665
0.8075893755525732
0.8151986800860146
0.8151200489061493
0.8116480863582212
0.8082413230123799
0.8063003258330442
0.8144245907505543
0.8096144530932802
0.8123606114012207
0.8037095646860242
0.8076705212496053
0.812189917063712
0.8109174376940205
0.814542174665976
0.8074928435568254
0.8139605763940491
0.8136654484690384
0.8118427418162777
0.8130136028630915
0.8103797066063917
0.8098571071828284
0.8130271366947297
0.8148729196126304
0.80859601634785
0.8160191638546725
0.8148297399418868
0.8177806436058832
0.8155692562577674
0.8113982452056816
0.8145036102482602
0.8116743646540827
0.8126481512136664
0.8102567817291899
0.8048689417101309
0.8131982448135442
0.8128433732338189
0.8138122962715911
0.8152831742286919
0.8163600941873199
0.8095194489054313
0.8147091831669282
0.8121164358696397
0.8118287050812064
0.8134709903528352
0.8141485858877453
0.8148691191904818
0.8090221410684618
0.8169733626438185
0.8069470596483959
0.8148862688341473
0.8133593776199518
0.8109019113462475
0.8175146267872138
0.8141599234955287
0.8123631959429163
0.8131786952383041
0.8128157453743133
0.81355381027269
0.8065440302905231
0.8129578506065129
0.8107693867427475
0.8145179652766441
0.8117770906376874
0.8141399983341799
0.8153343812567712
0.8110231556347606
0.8057449994911128
0.7985933498137971
0.8140153992341558
0.8144847481865747
0.8149862320318013
0.8159151010391563
0.8146793272542368
0.8111364362246003
0.8134766878031251
0.8124147785571041
0.81677777776929
0.8123762141393885
0.8131003823517512
0.8142700275181121
0.8108272015399896
0.8138241431486741
0.8102892858422397
0.8150571032207132
0.8053891475679857
0.8089838440171284
0.8131498069372818
0.8155401387855603
0.8149842713449978
0.8126938135722458
0.8125525804637217
0.8112077466582831
0.8112313385585891
0.8166051482084429
0.8187939685607181
0.81658775666186
0.8131712153454654
0.8132929752691443
0.8184151040311135
0.8141513295760974
0.8152466787175059
0.8158963917582606
0.8070726454576884
0.817245522523415
0.8144087270118703
0.8192331751364643
0.8097492948720936
0.8114919634885487
0.8139398618652859
0.8143518925580301
0.816076176552768
0.8152479009638252
0.815418576203735
0.8162347375492123
0.8113621762075343
0.8114194053450817
0.8159255601573978
0.8136773208095864
0.8081431804524719
0.8087285918782802
0.8144004895809486
0.8144080585959144
0.8129595821221318
0.8040036486089703
0.8024710090175551
0.8165423871331277
0.8158607365414192
0.8162317583238093
0.8158898349160277
0.8163083014995459
0.8146043564474625
0.8125316685931052
0.8159616737166089
0.8073928612615726
0.815950940866119
0.8157281419133904
0.8155928545239396
0.8206793853618637
0.8153541472714637
0.8185752055671893
0.8181244958711373
0.8126495962653041
0.814722163168203
0.8115779154145963
0.8149176589206044
0.8017013948860654
0.8142784177298237
0.7966694513511973
0.8091106711703389
0.8184502117834578
0.8150365733020712
0.8144683497151263
0.8134751599952261
0.8146216843353832
0.8178332447586704
0.811777860907503
0.811858713774688
0.8146178393521707
0.8161396315075036
0.8142275926537189
0.8120549161382424
0.8147328896528269
0.8118512911746457
0.8119144214702029
0.8172583688414987
0.813452733048443
0.817953623289374
0.8167654725498372
0.8161085788119578
0.8089581895761588
0.8158109872967103
0.8145690513532649
0.8175112146829061
0.8144531798558631
0.8113609157660175
0.8121254753997083
0.8134409307324239
0.8156297638164316
0.8105417815610036
0.8077777797299768
0.8150539839462528
0.8141907661174885
0.8159719291271305
0.8162854225762595
0.816921913712822
0.8142381790892853
0.8138083812638501
0.809018308816982
0.8164920967897878
0.8144877019485128
0.807025716291726
0.8146680978661796
0.8144783441251316
0.8157769108146976
0.8106816141789536
0.8113606993265653
0.8163967488451618
0.8131920571915534
0.8127292587155011
0.8148505563245098
0.8149106373701354
0.814729394792258
0.8170001502089799
0.8149310399714523
0.8184084962619506
0.8127853483629908
0.8125202036679968
0.8170825945427261
0.810047656657157
0.8131679114608842
0.812344365710562
0.813170476904981
0.8146920971819254
0.8138263330066625
0.8184785080589193
0.8164124725347883
0.8131680069488776
0.8125484044554647
0.8123186094157323
0.8157385819340331
0.8141599171296624
0.8116067336910898
0.8146665700582806
0.8119700718729217
0.8129106668059007
0.815249085014947
0.8064452766074558
0.8135697758652339
0.8149051818227631
0.8113306397061535
0.815448960483325
0.8147894058133549
0.8116893944642886
0.8115545908806726
0.8154485530678853
0.81065813686424
0.8185304280640181
0.8058022922873226
0.8113324221487024
0.8080759441731864
0.8084274736731325
0.817982995396231
0.8119384908104773
0.8067452043956154
0.8107661019557646
0.8171116801856023
0.8168498648386546
0.8180691764934636
0.8179622681357356
0.8186924266282352
0.8111032191345309
0.8170855992315941
0.8179923213902808
0.813593991620432
0.8125865296284094
0.8168222688084803
0.8117431923999299
0.8108229173120064
0.8122889317472954
0.813179083556145
0.8123392921151641
0.818022788426132
0.816131890614149
0.8146764880778912
0.8100337790687415
0.8151385417475927
0.8130279833549403
0.8159023629407989
0.8180156713876694
0.816860451274221
0.8177683065570994
0.8159919370447403
0.8165974264126868
0.8100535259858354
0.8186881105709205
0.8084293643354076
0.8139623079096677
0.8091161903763737
0.8140101282969044
0.8155118552418313
0.8057153090909434
0.8187018035492148
0.8040983281376407
0.8138357099276421
0.8127461346269181
0.8142781758269062
0.813873758710192
0.8149032593311567
0.8180109224514502
0.8139957732685206
0.8156183752817182
0.812706233377291
0.8130901778681596
0.8139564513127219
0.8132607130590119
0.8185745880781635
0.8128912063527881
0.8111782154047699
0.8112367622766303
0.8134172624417227
0.815267386880403
0.817076031334627
0.8171725696962411
0.8175654327657197
0.8140489982761998
0.8143891137779677
0.8111180070418194
0.8116791454196332
0.8146746037814824
0.8129087634118934
0.8148878221055114
0.8142301199026185
0.8146281966165523
0.8115917038808841
0.817908616615018
0.8090099249711364
0.8139790055768298
0.816323210358293
0.8124047777812323
0.8127061442551635
0.8075960660779972
0.8162372011394493
0.8145209826972445
0.8131648367474874
0.8070290520056388
0.8163163479544805
0.8169381466717481
0.8156583083606765
0.815746176412464
0.8170353916445154
0.8165597341186469
0.8047818375622928
0.8143598944519005
0.8127441421107832
0.8027449640714328
0.8157110941235849
0.8138264348605225
0.8170063569285694
0.8132422202175684
0.8176861423214681
0.8156583147265429
0.8136064496206746
0.8140469802965999
0.8157363411491148
0.8117122097289127
0.8163247763613896
0.8158915664316465
0.8184198911625302
0.8148853203200768
0.8152552344417401
0.8128039812534915
0.8130758228397756
0.8155849672156615
0.8131662117745965
0.817736566347999
0.8126263926828391
0.8105505664564223
0.811792636083059
