0.5315246643067146
0.5379460312537293
0.5401644499837586
0.5427364722354642
0.5453483481931178
0.5471428689945825
0.5498605152200314
0.5533309593415618
0.5584140330993165
0.5603940762523604
0.5641412691028161
0.5715053979595157
0.5795082837634917
0.5920615884940532
0.6015491955550194
0.6114009869934607
0.6459346667253782
0.6666368641355574
0.6816396816553616
0.6901846991124972
0.6972022443156618
0.7021717238434927
0.702960067799163
0.7113723586948406
0.7145971967752002
0.716385342260053
0.7191801176912802
0.7202243294590043
0.7253619603556138
0.7255583443577173
0.729445341073057
0.7310401019540123
0.7327014558568355
0.7333118525368207
0.7333504681932965
0.73655387653073
0.7372485243918083
0.7366924168193488
0.7385909401581767
0.7392041256403236
0.7410008672728003
0.7423732195859425
0.7425912247819214
0.7428695497903293
0.7441411159420567
0.7449739084264583
0.7444652615443326
0.7463357181739919
0.7478065145652691
0.748531635035779
0.7476517328544506
0.7452427247043838
0.7494175423952173
0.7501511760512732
0.7519875671753519
0.7531349390962622
0.751202662955071
0.7538469324133478
0.7557929994045876
0.7480543222923571
0.7558474289094762
0.7590121769185458
0.7579399877854295
0.7599327177547143
0.7598984671798829
0.7594470577499026
0.7616901800340911
0.7620605674223235
0.7607125676699334
0.7644660720200182
0.7656792839223961
0.7645547138095484
0.7642785202883762
0.7668638611444555
0.7660046548107475
0.7694412504044401
0.7694800447484687
0.7707919049433273
0.7653760766722761
0.7719584730127551
0.7712969908377958
0.7728965571375785
0.7717847823298432
0.7710739887720399
0.7760999463299173
0.7752175425228511
0.776353574165864
0.7777296533908198
0.7793201321522085
0.779246104451809
0.7792062635092577
0.7807251779057947
0.7808120392014964
0.7844859573919531
0.7853301412078386
0.7848321836703827
0.7873220670831362
0.7890978639817585
0.7863159668177215
0.7931591129694616
0.7903756459076403
0.7945081848471678
0.7950577830873508
0.7924729591488345
0.7966268576326069
0.7978831013266913
0.799811746281544
0.7961090785401992
0.8007399770641762
0.8000389475047879
0.8007101234794807
0.8009260546235086
0.8021458652019393
0.8034643304545493
0.8044643425797761
0.8045939548724587
0.8040793793926028
0.8033468050984665
0.8057656665907245
0.8065829451665337
0.8081804437960639
0.8071499462980087
0.8071957541284801
0.8089622018390777
0.8072414917602703
0.808974441936437
0.8094565090451001
0.8088532279587308
0.8088644342209639
0.8099967198070684
0.808141496291276
0.811194947481814
0.8121513343173913
0.8117661541524754
0.8068314421170389
0.8131071468001208
0.8116062479379138
0.8125198837765103
0.8133254008823335
0.8129556261371387
0.8139809608412609
0.8152453858725791
0.8134260466463856
0.8139047888902291
0.8148292608525567
0.8156134886128166
0.8168599491633913
0.817781383437323
0.8167514985823057
0.8139338702894292
0.8166116436638351
0.8188437192282485
0.8176076161740314
0.816116723814775
0.8185538369642006
0.8193903180702256
0.8158593052500316
0.8184129928824918
0.8190222408567812
0.817714669163187
0.8193059647819598
0.8188307962891701
0.8184281111257891
0.820812977311148
0.8164710867585504
0.8211455914270818
0.8185846797121344
0.8208581916436766
0.8193140823022104
0.8207385667088497
0.821540197360402
0.8217266897301243
0.8218258549401684
0.8230016509453528
0.8214702028933344
0.82369701993834
0.822655999019771
0.8237733322867349
0.8216984570967995
0.8230177200616982
0.8242533125800504
0.8263207530914541
0.8244104299924505
0.8257229475022353
0.8256998521360501
0.826699864261277
0.8252518377695709
0.8241389078744414
0.8274354698621106
0.8281074052589024
0.8266470046541725
0.826489957440454
0.8262887552561263
0.8281486565567804
0.8274244486691288
0.8291255222622355
0.826996970607812
0.8291720448429177
0.827903886518088
0.827259213736478
0.8289722976858048
0.828418200348313
0.829582407189366
0.8305717937869063
0.8312884138352666
0.831186625747217
0.8299452258834027
0.8289684686668185
0.8301870794859669
0.8318786698753846
0.8318044507240355
0.8308258619600366
0.8309746384927451
0.8310562859409271
0.8322679726174089
0.8299173250983898
0.8318850260469016
0.8302301112776733
0.8322370979609834
0.8333859376725054
0.8308576747261135
0.8329994556411342
0.8325371717972331
0.8335574841047849
0.8322470470286495
0.8341812057708422
0.8340328312851273
0.8343879345059064
0.8338741822651328
0.8343921145182998
0.8333618020894956
0.8341604014343506
0.8341124046813586
0.8322830142803264
0.8334401182911599
0.8340557032918714
0.8351287092823716
0.8346503116502372
0.833584714811475
0.8351558187367938
0.8345099781043932
0.8348203264749221
0.8363068984244226
0.8349671693530426
0.8355328877631573
0.8335149437038484
0.835802552806958
0.835873932102559
0.8368024181531237
0.8363325975235182
0.8371287654413169
0.8367980403080828
0.8363980801298804
0.8373602998377134
0.8358355461872224
0.8378986535254735
0.8376506032938498
0.8352099993554485
0.836502523004427
0.8362966621803327
0.8380430266863478
0.8379699690040913
0.8358291963974036
0.8389579388646067
0.8363399811484632
0.8384902114320468
0.838254216228531
0.8391915664580492
0.8384377474902376
0.8383954687389317
0.8389633313996787
0.8392975026500001
0.8384590942710856
0.8381060395754638
0.8381332192285676
0.8378412948210605
0.8374399242875313
0.8394991962250979
0.8406408820528137
0.8394840652184039
0.8400316915138091
0.8385234664619418
0.8381939666147835
0.8370059432756363
0.838401231412506
0.839731853800397
0.8408053128914773
0.8409213257850605
0.8382350519885053
0.8409006235557419
0.838446783975045
0.8387525821946789
0.840941364317755
0.8401942397514712
0.8415159213800294
0.8414997884467009
0.8410464836523225
0.8356603749503025
0.8403620784170325
0.842127332750046
0.8414432465996716
0.840125285501228
0.836921411299818
0.8413682105909389
0.8412922556176496
0.8427055082352626
0.8423319810514613
0.8416941430687417
0.8406681701947886
0.8400171922952478
0.842495116405368
0.8416631407783501
0.841669490568169
0.8432106962369041
0.8421347227566895
0.8421349907880186
0.8407391857335857
0.8400720749007168
0.8403786899777342
0.8423669463765037
0.8436227816418962
0.8439182861821555
0.8416680993579373
0.8383754812598239
0.8433353818584909
0.8442647294383275
0.8405217931806449
0.8423639405965994
0.8431078806954265
0.8446007577628574
0.8439693908222243
0.8446821946149954
0.8441134576615799
0.8444971891809792
0.8433712661480899
0.8450408907319233
0.8448485335814538
0.8456307574884444
0.8448737349080813
0.8440081724028563
0.845241205860186
0.8454806407990907
0.8448308562771343
0.8457691573797004
0.8419839232256167
0.8456288046887613
0.8457358193877271
0.846518355997935
0.8458203768903388
0.8455402905331973
0.84481493393985
0.8454308890790636
0.8461302913053829
0.8464739840495832
0.8444758104916397
0.8464970985608632
0.8466730802734685
0.8460013235642296
0.846906752538799
0.8475208123136144
0.8422595743024324
0.8459169702759639
0.8458747042880546
0.845150107116806
0.8456981928944896
0.8440410190040594
0.8467179563759866
0.8461611659618081
0.8469834924609807
0.8475918342341099
0.8466076487206928
0.8483446959471751
0.8478567002407814
0.8464382273939506
0.847581285286803
0.8463089278044853
0.8471172273307717
0.8447540014843831
0.8471130473183786
0.8476275589812512
0.8491439398435591
0.8482470431996304
0.8475646035274201
0.8473758392730988
0.8486443741181291
0.846885380231158
0.8469796889687877
0.848785307543614
0.8481041186842725
0.8475082914215296
0.8491625552575301
0.849209109746704
0.8473956991182408
0.8480721655208328
0.8476540302658424
0.8488182434885938
0.8495000386092747
0.8489996687898577
0.8492136024623145
0.8484851316001917
0.849165286624407
0.8485596379279646
0.8486817134349427
0.8480258471544966
0.8491218527857071
0.8498134119048029
0.8476484526615193
0.8506432241360935
0.8498958953554637
0.8489201464472128
0.8485012326250286
0.8503657670386559
0.8500994077145797
0.8505572818049485
0.8493068135478349
0.8499120538155854
0.8477732531536757
0.8507175709214088
0.8491870163071537
0.8482161302530151
0.8509312684710281
0.8505831787366918
0.850042176644133
0.8481888931646266
0.8507881844132125
0.8511650173167383
0.849782505339886
0.8499600824770689
0.8515105416083539
0.8511125852834208
0.84646515816082
0.8511579463950105
0.8505402809606498
0.8520341025194307
0.8506753815138792
0.8486546869425986
0.8476089946208665
0.8488280776856898
0.8502230148291524
0.850973074976659
0.8513857730246889
0.8518150443432307
0.8519769927012515
0.8504293734257149
0.8522121774290818
0.8468336055127662
0.8517496255538516
0.8524600425914545
0.84995056098319
0.8517310867202601
0.8502181647384365
0.852091773927061
0.8505207082919319
0.8515533117504297
0.8504159846226597
0.8502697352424823
0.8512679094385956
0.8520197692250259
0.8522028410044538
0.8510486279029548
0.8517500276008453
0.8520630690480613
0.8531120798529146
0.8523455421603708
0.8507788479885845
0.8521129037301665
0.8534918291925684
0.8521742637594202
0.8523086878526287
0.8523874890633645
0.8524656074323812
0.8540965908329455
0.853224353071288
0.8532685910039752
0.8510125457807082
0.8532477037054056
0.8526665415853798
0.85257589594258
0.8535763930768785
0.8536241919972226
0.8547319399533243
0.8536100629171635
0.8548630391817131
0.8515785258404539
0.8547352201462557
0.8539429769729181
0.852770582412933
0.8540135904647217
0.8531447541482635
0.8549167986082793
0.8559864350620716
0.8506242385836202
0.8529007180048768
0.8494883154294787
0.8555552811425281
0.8561659075636526
0.8550980579853872
0.8553506711313028
0.8547552714423466
0.8526747803578985
0.8545971010497255
0.8545951482500427
0.8549921792287207
0.8561436481999465
0.8563076642282197
0.8546772807072962
0.8551505155454978
0.8561944911903846
0.8554408381467293
0.8536586978399865
0.8560448148382145
0.8550993981420323
0.8538848652281041
0.8564146725454871
0.8559231222331348
0.8563156477328059
0.8568992348981894
0.8560941326027565
0.8544623642532999
0.8560977382623017
0.8561003866671005
0.8555496843931101
0.8551431319205529
0.85433247754759
0.8540716766827421
0.8562405989606767
0.8568236628267988
0.8568591067792142
0.8564842713472595
0.8572936429988622
0.8570742019207633
0.8574730772102535
0.85789039560786
0.8562859473088698
0.8575341500630831
0.8577629530926029
0.8540444906479403
0.8562419518807185
0.8568711873341158
0.857087309929093
0.8580199249384645
0.857770113358107
0.8576576359253877
0.8568347925086519
0.8571349365435827
0.8564872516003703
0.8589430758892418
0.8567177266348474
0.8568664967858577
0.8581938645076105
0.8575338245964693
0.8584770013165445
0.858073588639556
0.8589284426550162
0.8591138246092326
0.8575199061124545
0.8570236907786373
0.8583050145470813
0.8584704026404915
0.8568730444083241
0.8567112619744592
0.8573497126002168
0.8567837453038676
0.859330419449885
0.8592525818755938
0.8597017577111657
0.8568805875757268
0.8585829885620821
0.8559278063996947
0.8591618787975093
0.8591695687439733
0.8592470999967454
0.8544048970600154
0.8575221652336563
0.8598388684993628
0.8571382869351958
0.8577746635090023
0.859874593246504
0.8595063564906019
0.859806934481018
0.8588897504181607
0.8592611078245365
0.8598189958908244
0.8594808296973606
0.8585106839202262
0.8589608616824326
0.8600541359467664
0.8595259163959231
0.8600423553316855
0.8598277771076994
0.8599555833797601
0.8589626038860714
0.8581496521017166
0.8591065494731589
0.8601363003125118
0.8601201546157866
0.8603351667952579
0.8606606589358773
0.8584346268397638
0.8589125777530167
