0.528350304979877
0.5365347556010652
0.5484079804377182
0.5644769930948896
0.5786629982083604
0.5879614010103569
0.5949815864733254
0.6014667252815695
0.6184426850879736
0.6301755489059317
0.6409323081232162
0.6499040902158228
0.654346807586957
0.657948230339694
0.6593049693181146
0.6655636902552496
0.6695022295336761
0.6731685659420941
0.6755313813287436
0.6794003652998766
0.6826504623893348
0.686275604929088
0.6907792447670337
0.6915626166254437
0.6995703371508802
0.6982998886862476
0.7062372203016519
0.7111860987295845
0.7117862990165357
0.7116830775259135
0.7172628037717848
0.7214336845529017
0.723405319224127
0.726038411353245
0.7285385880517649
0.7336785446468281
0.7358016803006184
0.7328519770101459
0.7392062149277436
0.7417434680026136
0.7434217502919251
0.7455661238700325
0.7431841293052234
0.749042714612667
0.7521173825318597
0.7509162178221134
0.753269686753815
0.7535454198051178
0.7550784783930927
0.7573748960585798
0.7598039702326019
0.7619329221600456
0.755911411723415
0.7637435073082458
0.7649805485116123
0.764126617233519
0.7663232867531279
0.7695741290329132
0.7673627830529675
0.7728651863296627
0.7675979411224869
0.7720077375006195
0.775252125674353
0.7686760483855364
0.7773576925189105
0.7779323542492345
0.7804516280286745
0.778800993563526
0.7809321052798831
0.7792684362991859
0.7836826532979017
0.7839983550744506
0.7858764557293035
0.7854067647923185
0.7841996069840956
0.7881139212617249
0.7899406037840209
0.7891001932897405
0.7887546839001149
0.7889966623556774
0.7928563630235852
0.7939788785779809
0.7940234573789782
0.7953403665659421
0.7950666543697632
0.7995932119678475
0.8007474738932042
0.7997769897958438
0.8022412584248817
0.8036638267589611
0.8039429005363905
0.8040067848189927
0.8053534384673107
0.8063416555683829
0.8037523844195911
0.8074090207234147
0.8078809788072419
0.8091348183688254
0.8069028407210997
0.8088954922856129
0.8081821620027604
0.8103998484156572
0.8101376550936842
0.8100665778298753
0.8103377829026663
0.8122160098609645
0.8114389721203332
0.8135000485763051
0.8111130334495477
0.8110908545645635
0.8116925641776855
0.8147388896037664
0.8151676013879435
0.8152443117854099
0.8142188288528196
0.8056007658737792
0.8116801043428126
0.81670320499034
0.8168868059935127
0.8164618264761425
0.8169195501616912
0.8171911972965404
0.8144342962152263
0.8175820054168011
0.8174959548795593
0.8183937892352179
0.8187911967104924
0.8177707153943337
0.8186871226716148
0.8189058170870476
0.8193700011938201
0.8197164704896294
0.8200525197512065
0.819591183787124
0.8215032221777129
0.8210907530165936
0.8197433794386377
0.8201566632569788
0.8204646415778515
0.8200875689572604
0.8203703623711521
0.8216246313644495
0.8227192591181363
0.8225252949172815
0.8223428748513218
0.8227541062386778
0.8217363404465918
0.8232037338733866
0.8240221359923342
0.824249204326186
0.8247309761877082
0.8247825395692274
0.8236842932218347
0.8226757602115956
0.8233325570723589
0.8250677327485787
0.8244525086668162
0.8253928315014533
0.8243250432298802
0.8253747827391287
0.8258699680265353
0.8262103052900783
0.8254777326773436
0.8251121599854417
0.8240322971045035
0.8268672852908371
0.8257272009272087
0.8270505200140187
0.8269180340151345
0.826766109916028
0.8278959637005919
0.8275251936219186
0.8278288523649636
0.8281611630445618
0.8268360441336571
0.8273540587687911
0.8288777772169904
0.8294471089419253
0.8289839036868532
0.827338605542266
0.825650098989062
0.828908544736251
0.8302730640068979
0.8304230177722588
0.8308746031103688
0.8298469919647263
0.830259347452745
0.8301491729574624
0.8286931531559113
0.8301254594856187
0.8297439599292721
0.8316767626062586
0.8301797699670718
0.8313820524623083
0.8320353191417771
0.8314185352124658
0.8303047535413086
0.831733712829717
0.832756827572709
0.8318104548030447
0.8319700265757606
0.8333747545481998
0.8330009721323574
0.8319324197249405
0.8334718629520722
0.8331131169613857
0.8337484990730084
0.8336614381082048
0.8336260163069873
0.8316829830509366
0.8330298514151114
0.8341131434345879
0.8341374126415905
0.8340143425645491
0.8350357458958579
0.8337543406073508
0.8354603591332371
0.8342589670772892
0.8359301447978063
0.8355764446297569
0.835650767892108
0.8358645680490377
0.8362908800677553
0.835597032091331
0.836415017408909
0.8346814457864438
0.8361671153217649
0.8359994917044149
0.8357161488705365
0.8375304473400267
0.8377593028676288
0.8363805428835309
0.8377183426603376
0.8288138108371488
0.8362354833766731
0.8379214007092495
0.836206193607722
0.83761128154498
0.8381281783946236
0.8376629080782219
0.8342649538605936
0.8395400614572357
0.8362220952114777
0.8373834490752845
0.8352241716906388
0.8397062894215157
0.8373785169257479
0.8389794762458836
0.8401421247200043
0.8396350542784004
0.8391425529392049
0.8389783142541876
0.8380968361946873
0.8394247590420761
0.840129993274089
0.8400907129026194
0.8368039309774911
0.8396104124762341
0.8397862268720078
0.8395599226739995
0.8379364245040607
0.8399769450743197
0.8408194648361357
0.8406081465419051
0.8406531610897886
0.8364922393353286
0.8397153390633668
0.8393358477317996
0.8408213151816084
0.8405490996812556
0.8411594610803764
0.8415457791131588
0.8392059698990598
0.8409640885961074
0.8407931368829753
0.8403994111531298
0.8411140739373295
0.8420281951222519
0.8411756910730898
0.8400298156964969
0.8397811305279923
0.8409427054228282
0.8416944003771724
0.8411898433741288
0.8420860799912054
0.8406535273697798
0.8416426664860022
0.8415467895407207
0.8416787071741014
0.8429723765271413
0.8423094602644562
0.8421841861922952
0.8404964185142463
0.8419476577303947
0.8420294771022211
0.843495184378022
0.840583965747314
0.8430511835617985
0.8438922887250279
0.8434487173405183
0.8430581744574925
0.8420955211737369
0.842597608944426
0.8428151161074733
0.8428387853731112
0.8431033721453716
0.8439467065644093
0.8434062920132622
0.8419682830830024
0.84235221398067
0.841973019462199
0.8424461900591004
0.8430741139522818
0.8437113716700665
0.8418927599379213
0.8416838035181168
0.8425757963394331
0.8430452346695279
0.8428483149680546
0.8408778991250758
0.8442984490290574
0.8397061378573814
0.8438393170600944
0.8439461255685612
0.8425399387913297
0.8445633073537251
0.8404729955403264
0.8442284579748779
0.8431608149522667
0.8442475234799368
0.8441283309186639
0.8447214076913039
0.8438257457549033
0.8433323476612468
0.8408055209357813
0.8438754019543994
0.8447349474206337
0.8425493357676554
0.8448272752391038
0.8436613618209239
0.8446383694912311
0.8441950317680952
0.8458203992290236
0.844328667128331
0.8454164618656301
0.842201344515331
0.8458029630384081
0.8424893037401329
0.8444621761851215
0.8461098740951684
0.8462716182871425
0.8456492201696901
0.8439269716510905
0.8461268492782088
0.8447020958945266
0.8418134982108612
0.8457277177609066
0.8437189056705751
0.843457653309269
0.8459881491498187
0.8427064193624999
0.8461872475857222
0.8461280491609385
0.8456746071621832
0.8435604264226605
0.8463316755753539
0.8469507645425407
0.8465126936730715
0.8454689598926441
0.8443839817221738
0.8462521359807141
0.8462190381628891
0.8463838073223766
0.846096416463078
0.8439424185624435
0.8440971971194123
0.8455526611858044
0.8471883728988979
0.8467154170178534
0.8456320618466544
0.8466020912516121
0.8468867918475269
0.8470166570499225
0.8462349776576784
0.8485054589106853
0.8452992838443091
0.846030220827428
0.8464888223219212
0.8475557643604112
0.8457806325892898
0.8469940424180522
0.8474313554668501
0.8433145767665013
0.8477344963657698
0.8471858594603376
0.8465442821647258
0.8479444505827918
0.8480062066523418
0.8469499309398023
0.8473145753013815
0.8478595367765572
0.8435644112963578
0.8474941598549955
0.8422983771371364
0.8485345529092962
0.8473876544747971
0.8488988688819179
0.8468896841964229
0.8453604083966327
0.8473866187865462
0.8463730904750478
0.8471029033575044
0.8448515065550731
0.8482553465132494
0.848278359000972
0.8480902363344597
0.8484249657250341
0.8480573406021472
0.8486437043466724
0.84402887327071
0.8477686425021903
0.8475296574382801
0.8475523352218729
0.8485407480932853
0.8478676328273971
0.8477950651829347
0.8473199179371151
0.8461399406303078
0.8491132058284897
0.848689685115912
0.8488838703477958
0.8492072576889873
0.8491915644859165
0.8476652315564005
0.8490642506131149
0.8480393928825787
0.8491752145049303
0.848352720154357
0.8487007935039209
0.8486340105572504
0.8485242907543706
0.8489465989538739
0.8500558779072085
0.8500854392285668
0.8497746569712099
0.8497212306138736
0.8504821646652371
0.8494795237107184
0.8500077562945723
0.8487528431537041
0.850541438872088
0.8503146231451266
0.8499261137475692
0.8498859808278444
0.8496430045750643
0.8501687110900135
0.8509027172468515
0.8505407063121055
0.8467369770159557
0.85037675180984
0.8499475727029155
0.8505377887025205
0.8490381689516728
0.8498693971854844
0.848475638667264
0.8502395104862425
0.8509023320213436
0.8493121463850868
0.8500001780878578
0.8476309149103289
0.8495975669106396
0.851007485954678
0.8503989117493073
0.8461132969185344
0.8491221986337908
0.8504205664749935
0.8503841910827645
0.8491714569774342
0.8509254581821671
0.8515972725225693
0.8485553361412105
0.8499110204858632
0.8495955523706877
0.8508735411510013
0.8508241059825344
0.8510298985010357
0.8506554024707278
0.850845545992364
0.8515397286729182
0.8506867509858362
0.8519365425219999
0.8482192489885998
0.8511108590094344
0.8513956480177608
0.8516091955677999
0.8514271670425204
0.8508551450542021
0.8486340358179394
0.8506206753384591
0.8502744207585068
0.8496327171594495
0.843796765429393
0.8516111848470626
0.851806279463752
0.849883896820998
0.8505832453124624
0.8523822042285282
0.8507323654750845
0.8511917626812826
0.8517465947707038
0.852683223229568
0.8505955914742345
0.8448418948628904
0.8517143052949284
0.8514391153484402
0.8494900321573625
0.8520844564867202
0.8519827632677855
0.8523753838424852
0.851223445900521
0.8511365175543348
0.8516572919197472
0.8530098123630966
0.8514842119935631
0.8503757224367612
0.852556622971232
0.8534731628671306
0.8523589201883983
0.8537120153124235
0.8520886371307577
0.8520762151869183
0.8516356371940608
0.853158932525719
0.8537071273690927
0.8503655486942472
0.8467856101575453
0.8505941705604756
0.8517036010779444
0.8509246814159788
0.8524764202835047
0.852042201669115
0.8507803292084145
0.8521995189253334
0.8529355396221234
0.8525079393082643
0.8542744129782146
0.8520439509718318
0.8526851809329693
0.8527713451433117
0.852732854168375
0.8513660614357135
0.851414214624211
0.8532965022382738
0.8537268559672392
0.8530005606357328
0.8522536273212742
0.8537076073221845
0.8531262704547797
0.8512875006927745
0.8538448549609543
0.8530601000798187
0.8502777235935999
0.8531873886919312
0.8471588620989177
0.8534217194738845
0.8530084609162326
0.8497170499698362
0.8529017913415553
0.8539093833911273
0.850331175211625
0.8537862691078799
0.853916367971649
0.8544131825734993
0.8524981444760862
0.8533272697575343
0.852248512031742
0.853364289297334
0.8548461381534367
0.8516588833431571
0.854239932137664
0.850947826522319
0.8542373808080702
0.853645377614715
0.8533308188843455
0.8536827950103671
0.8538324645929762
0.853466393002466
0.8542098908632139
0.8543008798651646
0.8543298159844688
0.8535672652490065
0.852881267031704
0.854302869144427
0.8546781798319568
0.8523212943920614
0.85440427818061
0.8544950903577373
0.8527666719158378
0.8550880408269318
0.8519170602155716
