0.5342507790458212
0.5416667400561972
0.5452895855150764
0.5525422771558813
0.5626952464643796
0.5817276342214742
0.6091217187700425
0.6349566331691323
0.6533747377919706
0.6662262018492886
0.681249306788021
0.6911955537431533
0.6986290644238826
0.7029278529860924
0.7063129929463089
0.7071453068033371
0.7046357230878997
0.7154945082295191
0.7187991813557408
0.7197278141853666
0.7266103609424748
0.7289733251392326
0.7267608860605201
0.7291935703113185
0.7361974969702887
0.7352421567332342
0.7402368567327875
0.7373223861680518
0.7419815556155436
0.744331245879816
0.745285935183643
0.7472070880246793
0.7458388838154387
0.7493653273396422
0.7518008961180769
0.7513773874731091
0.7529189377535529
0.7553413283249765
0.7514893160797738
0.7586095428087515
0.7580606401736844
0.760975480876922
0.7621016527960454
0.7631784622787385
0.7650403865777569
0.7653771105074025
0.7697110749906987
0.7668671094288955
0.7725333491599451
0.7737543658793565
0.7786840363731277
0.776331876391609
0.7774127829246175
0.7814943959116288
0.784518408327861
0.7847463753549023
0.7874466761243436
0.7881364930398007
0.7883089712000337
0.7923650956839937
0.7891804559212907
0.7938456369285908
0.7922790448639774
0.7907858614750275
0.7966732972512109
0.7977229398441972
0.797744714198832
0.7985945075275324
0.8002403347583664
0.8042447611043146
0.8038137539638324
0.8057073378681681
0.8068757693935025
0.8056912304616329
0.8074805629423714
0.8074977552376194
0.8081861745611466
0.8118133723382734
0.8116103066980391
0.8125486652358899
0.8144018402265247
0.8150618737559677
0.8174884571031812
0.8139114577649633
0.8181571825057227
0.818090640537441
0.8193329402207173
0.8201885855667682
0.8207693137313088
0.8211464082844655
0.8221221635744147
0.8191283046826987
0.8194317735824492
0.8224912618595885
0.8242714493666483
0.8257265723068754
0.823770639210048
0.8263151116701479
0.8263543782598513
0.8265801946545618
0.8269086989567839
0.8278873834462575
0.823876862578423
0.8291474178691383
0.8281121021888586
0.8305921833130077
0.8291498492961944
0.8283460552489149
0.8310083593866167
0.8317356113443621
0.8313779554442589
0.8285770982545417
0.8334516181115149
0.8304652449519171
0.8334678978239046
0.8320001327393248
0.8345054024267047
0.8355019429080506
0.8319084915515887
0.834340684411617
0.8289889730634897
0.835710356411469
0.8347265793267435
0.83381621729938
0.8378114859082527
0.8370818535770376
0.8367506498164304
0.8364704166802278
0.8381426130884803
0.8379835939299838
0.8349975781454911
0.8348571552558709
0.8394095397455361
0.8390640601258088
0.8406849540613449
0.8392850838650883
0.8410591257966753
0.8409040888179244
0.8381395052014031
0.8408823336083846
0.8416721517363642
0.8414985376338322
0.8419590601289996
0.8371668514168327
0.8409102280116988
0.8427677808473747
0.8417610232670338
0.8424464814825451
0.8413883384674096
0.8437709646766617
0.842850213244449
0.8423624408974967
0.8431892154403915
0.8428450695956109
0.8433847251498263
0.8435076238958863
0.844298546057674
0.8451357929674961
0.8430459144048332
0.8433040668648822
0.8454888348997213
0.841947573072041
0.8433920449577882
0.8464313925950602
0.8465130208981475
0.8460590396437481
0.8462643580234859
0.8439632197199582
0.8458553805055709
0.8477499535731446
0.8447234778213648
0.8461582878158701
0.8484032607925686
0.8470254648907676
0.8465540935084728
0.8490158336316777
0.8452636502931433
0.8493527873024626
0.8479687437180157
0.8494259151834005
0.850986010679134
0.8494517802066521
0.8471535009039675
0.8503808150832716
0.8509437574546214
0.851535283452703
0.8499889405168283
0.8513516628472202
0.8518762895019149
0.8516319598004061
0.8494011350488614
0.8529658687629269
0.8519065961871904
0.8528572777844786
0.8527063761462328
0.8516440658821006
0.8523812732892103
0.8493603623783568
0.8544480501039896
0.8518451021422723
0.8549830789269303
0.8550679555144576
0.8545413122430967
0.8552734079098597
0.8549958231784559
0.8546719456075089
0.8552584300639257
0.8552114416192665
0.8551598136799362
0.853728628490071
0.8553049271178144
0.8556261052303762
0.8545892196523124
0.8573900321701411
0.8571017389489725
0.8567305347033563
0.8570000019145095
0.8549240928894479
0.8581349422871113
0.8572798904390033
0.8576178651815178
0.8569552470642593
0.8583839816819732
0.8577914218487652
0.8572217531673965
0.8585493697753833
0.8571318222748074
0.8592587593595582
0.8581486437933835
0.8575152028007997
0.8605301212969398
0.860599286143227
0.8610650735395005
0.8611299052126351
0.859489042943086
0.8613815738672008
0.861442225527942
0.8592895893440955
0.8620887426203636
0.8606341302160014
0.861457382061429
0.8630879697966982
0.8621146076436155
0.8628609344976104
0.8618595885974367
0.8632223619814152
0.8599167826540335
0.8626525337575887
0.8627447301530777
0.8625763554248583
0.862698111846921
0.86360229639032
0.8631839313941904
0.8638183041147276
0.8633428165370225
0.8593887354090446
0.8607715345623208
0.8641376442981757
0.8605539314133357
0.8648768300317617
0.8657914486518982
0.863889881242976
0.8646111088775167
0.8617008183251743
0.8635844531618444
0.8600036567131317
0.8654323504879765
0.8635054860269525
0.8660524218226002
0.8643987770113357
0.8649829895831538
0.8669739773487999
0.8669479591647888
0.8630390732242446
0.8662450214776056
0.8658934983895785
0.8675243094842886
0.8673326607023313
0.8670072196152986
0.8673206758729046
0.8678584296810234
0.8656138523696202
0.8683897443555474
0.8654952676516179
0.8677106295481565
0.8679720430560423
0.8668206506651964
0.8680606018834944
0.8679328785735118
0.8658225849579542
0.8675712979289474
0.8666523461356584
0.8696821531339562
0.8692552685705824
0.8704363230951747
0.8657764644242655
0.8670239588099665
0.8699187545988113
0.8694328839979553
0.8704339491034032
0.8696432503010566
0.8656975547246585
0.8706887192633477
0.8694691256626595
0.8703344648084437
0.871672904776765
0.8697033850442348
0.8703658563824322
0.8690200583159591
0.8712438887261557
0.8699826800707857
0.8714437379904414
0.8671333794091951
0.8706903019245288
0.8703495511432494
0.8718548214687989
0.8696421207404558
0.8706715205864015
0.8723298240374324
0.8718824861309742
0.8729398186704241
0.8716662614288239
0.8709080582342734
0.8681772848554002
0.8723922753370973
0.8695981699841926
0.8729956202404496
0.8730088558827453
0.8711687442285515
0.8694031771923207
0.8730374331277789
0.8720256340057728
0.8738891601110671
0.8730503879753487
0.8734383122705381
0.8733437993185622
0.8741623797608268
0.8717679856998904
0.8716330383074204
0.8744772846639493
0.8739174055077887
0.8735273114351738
0.872297424155111
0.8725548618649492
0.8741757558004851
0.872474343977368
0.8741403054663713
0.8745351028506407
0.8734809292518545
0.8735573373257239
0.8747458392922441
0.8721631723677569
0.8747236309821242
0.8745072850277061
0.8734575530909436
0.8745489192274827
0.8753535428955423
0.8748324325566169
0.8750521161392513
0.8749481008384914
0.875097681465187
0.875688454422868
0.8768065407302323
0.8757725843516928
0.8753472952128967
0.8759257068209506
0.8736602549743743
0.8754021459098738
0.8772100044608071
0.8759912532442959
0.8744623131997133
0.876868334714971
0.8753662616202749
0.8753027956305788
0.8766699723863913
0.8747400064199886
0.8766951226594324
0.872207908072912
0.8776159060001366
0.8772058435935088
0.8754217632504797
0.8774937411493823
0.8773215374021766
0.8760382608340498
0.8753009130295771
0.8762198073875815
0.8771198565904755
0.8788406943032495
0.8783127236386401
0.8781973935867762
0.879757910274598
0.8777872801265619
0.878306080290699
0.8793999161444841
0.8724704000878122
0.8778567640577646
0.8795116277734065
0.878211024894367
0.8777187725952006
0.8773876135064815
0.8794009244528171
0.8773507528170412
0.8784377092000477
0.8774192475850058
0.880520108412291
0.87980175254199
0.8802034868323227
0.8799790361210507
0.8792842925344978
0.8802215725653341
0.8808101566004949
0.8791315274403454
0.8804047528336335
0.8804898527806018
0.8807389496107483
0.8806842265477374
0.8809202728048394
0.8815364257767005
0.8821573458771996
0.8816018381843813
0.8797632198475923
0.8815868731018437
0.8805213209349699
0.8818071884726107
0.8822105756228058
0.8821798094552518
0.8814901201737607
0.880867043059233
0.8816419918301498
0.8808089249327209
0.8830814923729132
0.8783772362268591
0.8824840569221962
0.881357272360035
0.8811112387450774
0.8834563150414716
0.8827999318434621
0.881524466474067
0.8828266073423992
0.8821814048798295
0.8819992201564664
0.8826084362222645
0.8830010319206167
0.881722056617151
0.8838180935186833
0.8837122275254135
0.8825936179187878
0.883678857624949
0.8835109998142926
0.8837531342115826
0.8841719459265939
0.8851573120541985
0.8811047613212922
0.8839432258591522
0.8830099726799494
0.8821963189087807
0.8847361646376057
0.885133489174406
0.8843381636407843
0.8837541361382173
0.8829764751455186
0.8855284843913231
0.8847526868545312
0.8848758983038084
0.885212354202125
0.8851279881504626
0.8848994914424617
0.8852845503551094
0.8817561540312231
0.8863837468354754
0.8859572579373969
0.8867807139971705
0.8858973146451682
0.8843624651479501
0.8869943860199964
0.8861219440439928
0.8862864769898295
0.8860435002083624
0.885680273085634
0.8818387587341519
0.8863432549596965
0.8864961859780048
0.886662582379748
0.8863348757898151
0.8844078262595397
0.8874140975544693
0.8865632640089446
0.8853268546332087
0.886156762589974
0.8814735086130592
0.8870311254571691
0.8847596173788961
0.8863284494196164
0.8875670413361745
0.8886796138561985
0.8860250571002457
0.8870011378568088
0.8879696882093656
0.8870594346708736
0.8880723250632905
0.8864015581554596
0.8881307367479249
0.8883219707194917
0.8890984574797015
0.888470000593498
0.8871665833855037
0.8886269137915521
0.8886438380554711
0.8888758702243359
0.8878994448560641
0.8862907910178872
0.8884923429192824
0.8892557152894641
0.8870008123901949
0.8899599229346111
0.8895737216979656
0.8895456805155901
0.8887384722597148
0.887813993915689
0.8865528682223971
0.8899492080631483
0.8882336543965753
0.8881554020118942
0.8894881239785294
0.8885680617697344
0.8894567579313342
0.8897928755996404
0.889254126246585
0.890715292655112
0.886974264525224
0.8886788544340996
0.8874982083381995
0.8896593896160834
0.8898498514021551
0.8919401447752079
0.8898363924004183
0.8878997192690914
0.8905628019739869
0.8892275592365192
0.8907929196333586
0.8882154474112959
0.8912354840294809
0.890628284580349
0.8904095646341594
0.8913859772390348
0.8915185889299233
0.8869914376753769
0.8911125150847392
0.8908845799661899
0.8913531497829266
0.8914984036181678
0.891302919435526
0.8925329790214432
0.8917718147188767
0.8918006472318425
0.8918464231538225
0.8914439741132789
0.893179419533485
0.8858768293935919
0.892306824396722
0.8921397068630699
0.8936125836879962
0.8925536301971754
0.8881289371090014
0.892368969374868
0.8908901320437197
0.8918253124958119
0.8935784607471309
0.8929078718886829
0.8929794490169312
0.8934977386452038
0.8900565673738227
0.8923469014621109
0.8934148850560409
0.8916206514310001
0.892692540624296
0.8931799109242549
0.8937034909804267
0.8929799850795894
0.8937023933283172
0.8918667680080358
0.8931590427707802
0.8936795404666681
0.8938287062829735
0.8910033688985379
0.8935509811542066
0.8925160930477141
0.8944075263197193
0.8942184110719913
0.8941426092594614
0.8939970810111928
0.8945099908677897
0.8909043249407619
0.8928093831386597
0.8937836323478078
0.892840442864336
0.8941467318365699
0.8927637412323444
0.8939742536763369
0.8928897542471799
