0.5187874985456158
0.5292312651952517
0.5419786298612365
0.5483635658311997
0.5510850072202628
0.553385384498758
0.5601854609477073
0.5734677964863493
0.5977654343946813
0.632321002378496
0.6497165611755031
0.6622884650953609
0.6747061903996145
0.6837740388926705
0.6912565328562499
0.6885346999265065
0.6940040874826162
0.6975212216311726
0.7000318373094416
0.7031175757256094
0.7047749421643893
0.7083028436816524
0.7129233331519615
0.71321038930713
0.7175351013693769
0.7186799410577185
0.7169785010317223
0.7232975255487873
0.7230084990598729
0.7262887889879159
0.7285397500434609
0.7279991207764569
0.7304251636677934
0.731845452224686
0.7334762254730708
0.7353412221454803
0.736373733864798
0.7363939929374144
0.7379425868491539
0.739934076421971
0.7411512185175401
0.7422693955485916
0.744568086676093
0.7440902365365453
0.7475404045984356
0.74873578461039
0.7526042570525697
0.7568465813774866
0.7596232805238421
0.7601990979306897
0.7647289394183504
0.766022286697605
0.7673671720976895
0.7677968185273614
0.7695574822388307
0.7725087516920242
0.7717854686976866
0.7732379077965651
0.7751065167475084
0.7765304491587963
0.7746165351620454
0.7777251345018019
0.7788708267383988
0.7789317618355548
0.7794331233614338
0.781865380382276
0.7811740458444121
0.7815018916972207
0.7830184676855919
0.7817904382330432
0.7851939940084677
0.7859311261755757
0.7847316034106173
0.7841050309643
0.7874111499468943
0.7875002696578555
0.7876771765784306
0.7843831195748566
0.7864054082427951
0.7899985707502136
0.7904544314599451
0.7909663708993628
0.7910799366421501
0.7914194908243326
0.7889449347796795
0.7921002600790022
0.7915027816312958
0.7926805044216056
0.7946652114994134
0.7926424365632105
0.7927721565166439
0.7940234636941503
0.7953379478549658
0.7963819026664224
0.7954238215673843
0.7972719440995099
0.7976791022007567
0.79717986888793
0.7971777533052223
0.7970198045317777
0.7990991507811035
0.7990208805360883
0.8001270840005313
0.7983946617394176
0.8002757621010953
0.7971684321109634
0.7998543380257084
0.8011923146273384
0.8019917333384663
0.8024200914729966
0.8017966766128103
0.801680894244559
0.8022094299566815
0.8031150130287056
0.8038236574537396
0.8040147545663874
0.8025864331103775
0.8035593422338866
0.803177046965835
0.8025836102283762
0.8041723307446683
0.8047511731190297
0.801261295253956
0.8056433996017198
0.803736211263428
0.806673195796965
0.8037776387934665
0.8061917396940558
0.807376415489026
0.8065018841190139
0.8056537880600908
0.8072103011978468
0.8083071203163082
0.8084315986767643
0.8077482844076729
0.80664805509619
0.8094805298439632
0.8046134139513067
0.8096642192595476
0.8096783273543808
0.8086894029540154
0.8099782033092413
0.8079384784506871
0.8086622224525998
0.8083610960936315
0.8061472871965036
0.8114326758935881
0.8087035110488484
0.8104883176638753
0.810237302196806
0.8127580221506939
0.8113324793704795
0.8125084528580726
0.8104175182676462
0.8137645911423596
0.8113723028467634
0.8130071683267738
0.8118820067152006
0.813600617694577
0.8141209563131035
0.8149844045557956
0.8152850888527056
0.814166071903743
0.8132322536965356
0.8140832799953883
0.8126144340789733
0.8147402599961473
0.811838728839689
0.8121685766021048
0.8153167215505657
0.816609165760187
0.8141203311110495
0.8156973243524511
0.8150787469142173
0.8167906006592737
0.8144356224014013
0.8162810167791097
0.8172573045197788
0.8161389380335595
0.817903611879415
0.8179051464662747
0.8167755263430843
0.8184299057053842
0.8176762088414331
0.8175530882430135
0.8179796086624157
0.8175301325918413
0.8187631194546158
0.8175024910828506
0.8188217495138959
0.8167459713368982
0.8202847349504521
0.8190968447328003
0.8196285696069148
0.8192357343163581
0.8201655234436624
0.8166856424962796
0.820887871792505
0.8208400027867592
0.820709562903688
0.8174600594404222
0.8215802735944813
0.8174583164528779
0.8215927334293542
0.8218918136725096
0.8223065815563324
0.8216055090228402
0.8224191052956964
0.8222373293773073
0.8193254350231672
0.8230681534400941
0.8224260772458736
0.8227199348415682
0.8231296821634426
0.8236611923217003
0.8226307772395735
0.8231333260178377
0.8234506760543471
0.8209380774119879
0.8238636567444196
0.8228458720068168
0.8238811876626189
0.82382066305166
0.8231169381458179
0.8230228294487698
0.8244002127253147
0.8234722171069326
0.8233000528807264
0.8249025657332387
0.8205700544332485
0.8240047692686135
0.8238411873615115
0.8244604784142107
0.8238895489506937
0.8244713026194678
0.8227824487317896
0.8245050572152081
0.8256606832177733
0.8251214117128055
0.8204306027993592
0.8249167117191057
0.8257735732371285
0.8263109122993841
0.8250737132167109
0.8265115516373195
0.826534488342975
0.8260626376170764
0.8263240857487225
0.8266986259852362
0.8225346476874016
0.8275403626656918
0.8252671658886122
0.8269209137336859
0.8272539822339552
0.8265526697239174
0.8278722818046094
0.8277491990972234
0.8278732543411378
0.8277051886617296
0.8276641400420267
0.8265516340356663
0.8278622975172634
0.8269059909816308
0.8274665193564323
0.8280799751899616
0.8286102917806619
0.8279990209967352
0.8268682199363317
0.8283630148955716
0.8280996595819022
0.8283366237906886
0.8292132391675471
0.8291077757907719
0.8287750798856661
0.8260603388943729
0.8292384682807338
0.8294409137579362
0.8296085057994248
0.8300884525761634
0.8306251790667095
0.8288169052715573
0.8292735427474767
0.8291719947775041
0.8302078661684652
0.8299393324135411
0.8301380708846258
0.8297211305815451
0.8290778671349393
0.8296264850948546
0.8309693559549877
0.830887719723157
0.8298482549991788
0.8303863013607278
0.8306068903278387
0.8310023590452289
0.830202605629971
0.8297801079752997
0.8305227280271034
0.8310887000803948
0.8291758849236175
0.8306654130291906
0.8306203605902737
0.8250131065085126
0.8328936394645926
0.8318245123764998
0.8315933897020558
0.8317562643098646
0.8318926341396898
0.831460600574903
0.8319736893756725
0.8331647687553164
0.8319720158550231
0.8328307150881741
0.8334282756331199
0.829480585670086
0.8329084169676858
0.8319716306295151
0.8320679559520272
0.832884728756531
0.8328077026004513
0.8338779916802405
0.8328628214239542
0.832906061408432
0.8339203854316352
0.8339721635290113
0.8340424198204258
0.8333781394805321
0.8344389621171003
0.8337455751482512
0.8338307226158594
0.8326879416736752
0.8333914644940049
0.8328415456086035
0.8326761007256841
0.8342345336758077
0.8341019592645117
0.8336336134592185
0.8335949835504919
0.8346589069366408
0.8325961253841581
0.8353203201883275
0.8339474838358114
0.8356391290296292
0.8330159959271686
0.8356491954142149
0.8360712257461388
0.8336933613039892
0.8360873736416128
0.8363019505647306
0.8356022042174134
0.8354585529939702
0.8369201932988343
0.834927030205368
0.8348026718331848
0.8352184248838804
0.8367665830487336
0.8369390946094144
0.8348154916328767
0.835305915280398
0.8364759461908926
0.8377583177007559
0.8375322282186045
0.8361490539290956
0.8380595577328249
0.8378303864466097
0.8371065666626301
0.8367269237669285
0.8379186030879373
0.8357774881387171
0.8382239858730102
0.8351100817885537
0.8359524815620968
0.8379962228702095
0.8384587650321939
0.8387105383199347
0.8373683873894398
0.8378084033319657
0.8374492279095653
0.8382484571655254
0.838922039754161
0.8384506500358373
0.8394313836577791
0.8386396315657771
0.8389617558725166
0.83998038052803
0.8378580469011173
0.8381536601147007
0.8402141997810304
0.8404886508523639
0.8400602043054217
0.8394301395688435
0.8397759205108764
0.8390964269210034
0.8389924223490208
0.83986915139898
0.8410426303935297
0.8400035635254041
0.8400702138534569
0.8388952886844592
0.8415122329181031
0.8371351743929767
0.8398747845326376
0.8420291550284357
0.8414832525925929
0.8409751717234272
0.8421816474930458
0.839162824642166
0.8418866279056549
0.8417691530712375
0.8403787984308666
0.8425160295491457
0.8419750655780117
0.8408273398559464
0.8423940456817332
0.8429173713767394
0.8418737702149295
0.8438513727239425
0.8419161197601185
0.8429866867074871
0.8421149655891316
0.8425097712134341
0.8437172384650979
0.8415248695777994
0.8395428590785475
0.8417830275046971
0.8414771268754989
0.8433064491398004
0.8429881581426241
0.8430980800310162
0.8437113274638606
0.843384902524811
0.8441183213706287
0.8443095321563773
0.8446121615263438
0.8442532008198003
0.8449379549481675
0.8434037722595298
0.8446655941988526
0.8436739037530361
0.8445947569115897
0.8445023975172582
0.8447436686735273
0.8447708428597707
0.8435693560762391
0.8444721857331569
0.8453067736386117
0.8451359166530638
0.8436205721232836
0.8460592011529383
0.84460397074792
0.8439672182439163
0.8450159852166365
0.8436693378834907
0.8448910774244667
0.8455090612365078
0.8442850798093788
0.8464186607580904
0.8466455459519467
0.8437332158509205
0.8446490231868371
0.8457479768335232
0.8463748397777646
0.8468861603303006
0.8469809573811254
0.8462860674012778
0.8452445755070035
0.846335388896644
0.8458910660066352
0.846667775358309
0.8459911235959541
0.8471512838922033
0.8475671758766886
0.8472497311125954
0.8432460760929757
0.8474456719623681
0.8463507473955849
0.8468928733584151
0.8483325242334631
0.8467600337098843
0.8475068028298641
0.8475207972515967
0.844692098976836
0.8479922564368151
0.8473313294533924
0.8480314041896672
0.8479965507539532
0.8479103612829217
0.8471955279890708
0.8471284924355098
0.8462716309174869
0.8487098242002555
0.847527655528673
0.8470160886844188
0.8489071922789593
0.8482599313283116
0.8481201513054648
0.8485188849669143
0.8483122651608467
0.8451364471275339
0.8492816567334059
0.8484719758673521
0.8478280240669699
0.8466909267798215
0.848674572908689
0.8494952105986171
0.8494615381001163
0.8474492842409019
0.8487510433296095
0.8495512577524422
0.8480264341490968
0.8483004494735445
0.8479686692684167
0.8472952698197767
0.847945682041383
0.8490289993215484
0.8492212457955479
0.8496582241402157
0.8477973512752934
0.8487358048189412
0.8483521770495426
0.8500300804285184
0.8503060408260225
0.8497702868720047
0.8503455548588658
0.8484595412931684
0.8483456345310789
0.8497311012281192
0.8476754242444312
0.849726396424784
0.8500791493169939
0.8496895473946352
0.8481950366181477
0.8499023750150364
0.8485959553291995
0.8510074859546779
0.8503025801116229
0.8494152478874359
0.848215080974907
0.8491190915690378
0.8501377478004128
0.8512927296554073
0.8490083423930797
0.8505983638348574
0.8506324594499
0.8492758594052694
0.8497329326280751
0.8496783695397314
0.8498051276773742
0.8515346765351085
0.8509038792385479
0.8502022951761025
0.8509457867216784
0.8514923964568145
0.8486905629248563
0.8498014017257395
0.8516929410671661
0.8511373637874179
0.8499356938638907
0.8509227300277499
0.8508275161755559
0.8514920175464789
0.8520321668603907
0.8507804934028931
0.8520229593392329
0.8508961873587327
0.8506253927721389
0.851350406123676
0.8498511526528195
0.8511666851322304
0.8516688423698143
0.8517576905283684
0.8525630960228003
0.8512496980716141
0.8513756668127239
0.8514676472967199
0.8506004352113594
0.8507877874268559
0.851577935465103
0.8530469013697912
0.8515788322195642
0.8523642628241318
0.8527940545027657
0.8501229260911141
0.8519182790438182
0.851088452778249
0.8525129661853849
0.8519262235305238
0.8512182927199553
0.8530271980323337
0.8532341967487371
0.8530443310946805
0.8513939997578006
0.8527958985330663
0.8522483478372633
0.8536359932687337
0.8528507647496784
0.8522463838186896
0.852529600349123
0.8529270204547419
0.8532134766685455
