0.5637386477564182
0.5728137737470971
0.5917343350047002
0.6046642748061399
0.6171419500300259
0.6214370946425005
0.6193744850767176
0.628535253458721
0.6257311862747537
0.6218535515108352
0.628835154989116
0.6235551930750916
0.6326473837270522
0.6301933271686126
0.6364845649053817
0.635135461119184
0.6453065289240904
0.6430947152518122
0.6343077037947492
0.6420593166094547
0.6387914403556905
0.6473435032077607
0.6584027374933072
0.6622378637647809
0.6549169070971506
0.6852433628742147
0.6998205976971003
0.6954451457930888
0.7325974341743774
0.7501567791823895
0.7732975639143039
0.7907387071062124
0.7859505061005845
0.7983410711425346
0.8058532681634303
0.8069095285775642
0.8066666156130802
0.8008649115719974
0.808093371904318
0.8065618153634282
0.8157907977186705
0.8137033824915554
0.816059160896016
0.8159997089945572
0.8102960214578224
0.8139409348294587
0.8143120433496003
0.8160244316938111
0.8189717807682415
0.8182894878750924
0.815059206206074
0.8177751293729789
0.8188003045346435
0.8142597198051539
0.8178006051126339
0.8215338156620917
0.8164772450974198
0.8119496215971987
0.816722691596133
0.8141053720498207
0.8180940228375456
0.8216524514336805
0.821005506767472
0.8253269312135886
0.8261532398925067
0.8206100073963885
0.8235418234171314
0.8258139505201402
0.8179819219250266
0.8226342119017398
0.8110250156192066
0.8228269264273146
0.8260720965984909
0.8254338757138727
0.8286652422716037
0.8253598416317747
0.8267578100819347
0.8278554749547059
0.823592634499078
0.8264249279346719
0.8287621611238426
0.828134399842755
0.8198213826459926
0.8284450864432945
0.8266641395141359
0.8237726111548258
0.8291230206364978
0.8252025902037101
0.8084222463450419
0.8293255502140741
0.8276149742721832
0.8243405248691593
0.8277192831310654
0.8181240040562074
0.8218400478372107
0.8244260842984056
0.8251360418537302
0.829706620565278
0.8268430312811706
0.8272928835767632
0.8280565431233691
0.8258205172877018
0.8322020752006566
0.8276300414618939
0.8258425852004587
0.830082649374817
0.8240651035334827
0.8290514562716457
0.8312444120254171
0.818557876579231
0.8314817792940693
0.8297620902869913
0.8218178012369008
0.8326571923973551
0.8337137718964046
0.8278670832639324
0.8285789170385601
0.8259685280166128
0.828293246695397
0.822553974808884
0.8308665835769546
0.8320453151633619
0.8283459403783455
0.8354682666860671
0.8170502641704015
0.8284591197978789
0.8370963081237104
0.831861815810147
0.8315931271661877
0.833605136246068
0.8252616017679857
0.8319624232840092
0.8326096615083399
0.8240991243671747
0.8343622226434142
0.8304853281564997
0.8342185833778456
0.8352211673274915
0.8328961359454901
0.8346183265783056
0.8337294134389632
0.832315541796614
0.8325618115344091
0.8314668780285146
0.8288165268117482
0.8291743422543093
0.8310529610761075
0.8339097283247212
0.8342980610486025
0.8344723133209657
0.8321515640585305
0.8340346117789558
0.8365207618981979
0.8334316753042954
0.8315583852005863
0.8286777759270854
0.829510447159219
0.8314105659226245
0.8300656293854234
0.8367025509562656
0.8341177844530341
0.835666367365016
0.8371891554524272
0.8305382260537937
0.8340738209333745
0.837078362788062
0.8378680022284892
0.8306814505089725
0.8346306943096311
0.8372169477485688
0.8378281229957479
0.8379907350503931
0.8289854695111172
0.8351962467955898
0.8374201091142777
0.8358872443252344
0.8358823942345186
0.8389708043684001
0.8307747381748725
0.8288404900889035
0.837514322126433
0.8350839225236297
0.8386197088541595
0.828729818676806
0.8386910626229674
0.831723741385505
0.8394221053095092
0.8318325365782993
0.8358943663005487
0.8356836107138506
0.8385375508701128
0.8353343595104217
0.8354445076232578
0.8364381061416827
0.8349455800676587
0.8287352239752747
0.8352066489638356
0.8323447827382718
0.8380513101307546
0.8393081919946701
0.836096404487355
0.8316232679273073
0.8372020209562209
0.8344941387291869
0.8344837429426395
0.8353243147172812
0.8371831119841274
0.8349822875963399
0.8308008903745481
0.8363451567057929
0.8375190382014843
0.8384765099257745
0.8353301029176489
0.8358681183753983
0.8384693368968736
0.8394123668378877
0.8379723940494493
0.8342308809104897
0.8388852959927401
0.8360922563834533
0.8373419460733728
0.8352003757543965
0.841922071805593
0.8333244308641903
0.8344016041036874
0.8327211561595194
0.8374517559561986
0.8315872942939321
0.8366328755741136
0.839384797901187
0.836407448463
0.8345209929156767
0.8377454034222495
0.8317356049626639
0.8297740687347198
0.8318202262822586
0.8401343858030187
0.8399186014380519
0.8359756053200391
0.8344232508243559
0.8376289948633711
0.8284891775969204
0.8311379780609975
0.841031027179015
0.8405481878848563
0.8363711238362176
0.8293802094601019
0.8299826800707857
0.8365017508189314
0.8377623915031518
0.8388629217584643
0.8385907423255292
0.8313531242561332
0.8418640366411589
0.8415445432969513
0.8423457974283033
0.8360470420509247
0.8310279831089209
0.8417679218829073
0.8392736861519063
0.8403438841951497
0.8344459505252458
0.8311592035895776
0.832178392718227
0.8416232806907038
0.8397405648185906
0.8336239239658937
0.8329987791811133
0.8335724810958142
0.8290021385071039
0.8360120958709775
0.836997500288772
0.8399852199867134
0.8362387482681667
0.8346358762486591
0.8393909817668499
0.8378283974087751
0.8384879523108449
0.8332031211610096
0.8379202874827455
0.8382483769745772
0.8420532157058701
0.835923083942945
0.8381773422906852
0.8375981074435491
0.829521308809743
0.8394510016394584
0.8401436456472668
0.8333461158750488
0.8302438446924373
0.8394659475769011
0.8426810663307339
0.8321594773644352
0.8333486047373898
0.8368092210435225
0.8388063607663399
0.8383278929355237
0.8390058845640119
0.8402826964717505
0.8318244318214452
0.8404283140637954
0.8390318134042468
0.8393462588250911
0.8344076858621771
0.8347925979957639
0.8343719802601307
0.8346537960575143
0.8359162236172615
0.8416250803296276
0.8362221111806716
0.8417564794978369
0.8388000045948228
0.8371217519548737
0.8183661001633076
0.8407603665902778
0.8399753092092375
0.8279746850791425
0.8410697513243619
0.8395355846688635
0.8308868518507881
0.8388895781123064
0.8409145548031534
0.8387702594989983
0.8378275422612017
0.8399997064418777
0.8401453814692073
0.8423215086845339
0.8365771697295628
0.8421032099304331
0.8366993664888086
0.8426047603640375
0.8373241602801821
0.8392422435243311
0.8337640277705984
0.8402321534211327
0.8354012078002222
0.8301282785177357
0.8324041963495409
0.835237651254227
0.8409174393307896
0.84104301839014
0.8318712032883614
0.8368940784859549
0.8406564214881992
0.8413449237738047
0.8148699824694747
0.8352367833432569
0.8377242353289542
0.8359427970090255
0.8317562625200943
0.8377698580901748
0.8424219183257486
0.8331771795573784
0.841195406964092
0.8377848231727124
0.8367326087553072
0.8403594810658203
0.8447931914937067
0.8268176895571803
0.8426594068466688
0.8419034883001134
0.8412729063083726
0.8393972677396853
0.8392406289546588
0.8410653415708294
0.8360770041244916
0.8392617906662556
0.8406997340746314
0.8381451912945975
0.8315677535337058
0.842957234325113
0.8399467128191088
0.836254715277339
0.8389390618010047
0.8374305814812051
0.8423776357211735
0.8350511014492199
0.8402395561911726
0.8392569916291264
0.8375049793201068
0.834649718152294
0.8398045923977382
0.8411031212248264
0.8382718297158676
0.836104305029863
0.8337590436642179
0.8417528546931967
0.8397576422432692
0.8360667551170052
0.838326540015482
0.8302148590187117
0.8388172989972438
0.8340778796934998
0.8410361197742666
0.8374863511427388
0.8426986798180706
0.8396164471681533
0.8425527239960152
0.8399400056541847
0.8402520898466541
0.8303488810649267
0.8392520394312375
0.8387506293949958
0.8398378474276331
0.8415448942903583
0.8236542561779625
0.8424462198329145
0.8415074273395785
0.8409614475223375
0.8401364534732713
0.8295976849751209
0.827889285192354
0.8394201333647314
0.8427071355683318
0.8346005535485114
0.8377019759652478
0.8408610187360279
0.8364752795343402
0.8429830993483647
0.8449760335319956
0.8421720110199166
0.8366474513730542
0.8356098574264781
0.8410849652931336
0.8353120363297322
0.8407716558145887
0.8423783568530825
0.8392087715166936
0.8380521716600264
0.8389404785380297
0.8344072455249936
0.8370872269670149
0.8364643668302297
0.840370993649572
0.8430899991767609
0.8375978521756167
0.8399916974104984
0.8412461861375473
0.840174922350686
0.8365235379369629
0.8419267113002648
0.8405901284061518
0.8410731400061647
0.8383795208748543
0.8433409849896074
0.843391342970974
0.8400264904296861
0.8303890091839019
0.8419446247274218
0.8431281298241651
0.8411664404354616
0.8390394778239174
0.839194202099451
0.831226109314663
0.8414288048163954
0.8394260874892548
0.8404705417615147
0.8332153548766704
0.8408617334862387
0.838830132592546
0.8412045902279606
0.8422870028417704
0.8312548205753612
0.8397301945588365
0.8349794796490831
0.8402794098971207
0.8444266650329519
0.8398619383387546
0.8386297983191884
0.8353337404856854
0.8379175816426618
0.8355749495367206
0.839571200927133
0.8380474236764837
0.8411789102739599
0.8361509680079082
0.8382641972046885
0.8405259923381331
0.8420453917437417
0.8385744689948378
0.8401853947176129
0.8409575163961784
0.8413442792222752
0.835400441996425
0.8377844785610036
0.8340459201483618
0.8432646343510227
0.8414426467200306
0.8380753755150828
0.8390746282182107
0.8446308729971838
0.8419882181085796
0.8379875378195397
0.8393203108397614
0.8390935563353992
0.8395874104408414
0.8452612826830702
0.8319678030556849
0.8423034676234109
0.831560331618571
0.8384693113700803
0.8311258783610012
0.8375936466364301
0.8408117520250725
0.8381152292210307
0.8416957002031296
0.8386930537128402
0.8421805624956525
0.8341457682001249
0.842867360867809
0.8358101534096456
0.8368626932936649
0.8360438767285628
0.843850167934391
0.8441926928278007
0.839547875819809
0.8399069612203338
0.8411470017824083
0.8424333670925173
0.8413028173283531
0.8306144362950157
0.835430097748473
0.8391372837322214
0.8401345836356663
0.843475345265833
0.839261982117205
0.8432007280241431
0.8413277187151599
0.8389550990088586
0.8403986774568422
0.8374435746189649
0.8416502688928584
0.838779174731538
0.8393807391410615
0.8430593989333631
0.8408939163908177
0.8456159264215712
0.8406272252184297
0.8380369002559699
0.84132171353705
0.8423367545617976
0.8349444185985662
0.8425549001551391
0.8298731382192893
0.8393328444952427
0.8423608263278242
0.8336158383541344
0.8425083520476637
0.8372154608128624
0.8426795730133294
0.8433692622948205
0.8375773924508337
0.835244045715934
0.8421347163749912
0.8373891897859643
0.8423619303616317
0.8387083123535002
0.8399257489401595
0.8426306636774791
0.8249673480405952
0.8391344502581717
0.8392630861510125
0.842830366162704
0.8374488331383725
0.8336713463660378
0.8333308827611823
0.8305141479060691
0.8442993948235492
0.8414634255297289
0.8412631742184493
0.8396644949747316
0.8437296240350075
0.8458814305980734
0.8347697387524162
0.8405352330372864
0.826764274742323
0.8428944894673259
0.8361563413978855
0.8414850531053025
0.8228717323311515
0.8405513404438216
0.8414429338964543
0.8431537395794844
0.8365051522641307
0.8461756460352742
0.8351919519126269
0.8387443051319703
0.840631654117057
0.8448083799356851
0.8415121242695349
0.8384768481557849
0.8432323812477625
0.8426843337602689
0.8400931664136324
0.8438185210924701
0.8413757027047551
0.833317366324161
0.8383164058785652
0.8438184636571853
0.8401191718342468
