0.5392774412296176
0.5416517754904729
0.5438672894841116
0.545309049626695
0.5477763305929022
0.5480310151750558
0.5492060098109486
0.5543537719589275
0.5602967405981357
0.5724864818685593
0.5837842366328391
0.5868336564933283
0.5876911432134051
0.6087355390764924
0.6272782110238556
0.6374009458915535
0.6536181314355078
0.668659488740831
0.6729174241715794
0.6827187925532096
0.6815769209958309
0.6778531859867237
0.6908138519110292
0.6942849610841402
0.6971110448775844
0.6968570928554132
0.7008953297583396
0.6992509473137303
0.7051668301791069
0.7095493260675508
0.7129536207181302
0.7147018940616212
0.7152408813838371
0.7172082406834411
0.7199648765275202
0.7228576422248787
0.7245081567017542
0.7277454592522099
0.7293523295735829
0.7293679469945868
0.7299735972752003
0.7321725339416512
0.7303306571148929
0.7334373366422815
0.7348194184069893
0.7356920425949781
0.7364449437472241
0.737624472676801
0.7372873372055949
0.7386495766990554
0.7389684550072522
0.7401758969982268
0.7414070966672511
0.7400813209784315
0.7422417856154624
0.7435439172993332
0.7442413333480856
0.743732823047206
0.7449768677766112
0.7445726399152938
0.7471992716231879
0.747945308183185
0.7469020922468832
0.7479535179071257
0.7482099581071681
0.750273952172725
0.7507825193101548
0.7521029649935855
0.7528878714388554
0.7530403575882934
0.7538265144376711
0.7553557207705662
0.7512909096227613
0.7561701190702995
0.7572287945482987
0.7566089161845789
0.7555298553305182
0.7582640849434117
0.7588723433901695
0.7581051825789556
0.7591755979621898
0.7603491527388068
0.7599029542426364
0.7604762013743736
0.7619307434256153
0.7627837337430415
0.7623346807890086
0.7624228595393027
0.762974824540517
0.7625171513763463
0.7652723347308052
0.7652760985734733
0.7652209671196262
0.766867749329695
0.767608645339471
0.767593577338454
0.766512874539605
0.7684171831593454
0.7691193419024663
0.7680631988085441
0.7683566774939031
0.7707504245942919
0.7715656628119361
0.7680300567845133
0.772039180743312
0.7724074310682527
0.7698448730981291
0.7739456680974827
0.773933385087433
0.7741905641626302
0.773500959981966
0.7762429004201914
0.7762069228838148
0.776878471986982
0.7775232763356197
0.775644891498015
0.7775424113075735
0.778897318886038
0.7783522626832783
0.7792823549388511
0.7796996173157174
0.7746556829148976
0.7798859022671013
0.7807185135236383
0.7794701113253723
0.7798693438854305
0.7803823316434438
0.7823278909683992
0.7817493706678234
0.7832612671135485
0.783254724595085
0.7837058110345864
0.7814354939760582
0.7843127875013748
0.7836932880479908
0.7836586493281339
0.7833873053215532
0.7839063872207993
0.7859317324321129
0.7838181137429212
0.7845460699647325
0.7835388947165298
0.7862729601349446
0.7866492117831414
0.7865373448216926
0.7874658014476495
0.786488515909763
0.7876994312454819
0.7880241447728485
0.7876990081289403
0.7884023730699634
0.7836779042883607
0.7886732244931076
0.7887413083652641
0.7898830662495419
0.7892661181257519
0.790677742266301
0.7896637024258497
0.7883577437475878
0.7913383029697326
0.7902421343140139
0.7900331589486926
0.792425889306347
0.791864262091572
0.790629866945383
0.7919128762876446
0.7920680337549494
0.7908887574322632
0.7923347803161233
0.7932534421099021
0.7918778712877965
0.79438584722406
0.7939629832893975
0.7944523333576341
0.7944047359042956
0.792998144956039
0.7952429550338012
0.7955615617895905
0.7950949968628751
0.794241918133037
0.7945102750631378
0.7961120048342896
0.7955377472749906
0.7957080674708963
0.7952210350708798
0.7957550270918364
0.7930014477911321
0.7967137649687897
0.7960961537519121
0.7968116817147117
0.7958676013525786
0.797354028708571
0.7982557721558599
0.7976031622543063
0.7984980347941741
0.7960796080005856
0.797604096899801
0.7954909644788737
0.7981656420173368
0.7977413634840876
0.7980161618898955
0.7981021240147257
0.7989030583671964
0.7984600932392243
0.7990515470125926
0.7977245524955262
0.7972950955210223
0.7989114449159604
0.7965550520595015
0.8006027869815098
0.8000889719359302
0.8000886246014558
0.8002055815917477
0.8009693764161457
0.800584978195731
0.8011410859499493
0.7976300585729701
0.8007734166208563
0.8008494576100631
0.8012746834191515
0.7991721352269352
0.8017441028037293
0.8018667813400906
0.8010687077606548
0.7999074423092595
0.7991327790733984
0.8021742039258041
0.7989172232985802
0.8015555949117091
0.8002339367152042
0.8009040396439233
0.8029782642885446
0.8016638369642796
0.7999095452616226
0.8014103838407169
0.8003549606764327
0.7993896929113606
0.8026626635547519
0.8037474838459155
0.8035406240633021
0.8024961703532368
0.8035997530211911
0.8041237354941125
0.8036994317001742
0.8041708529943592
0.8031433618369896
0.8021122394555695
0.804391991381457
0.8029023369724387
0.8031291779600893
0.8046205690414797
0.8048287929013018
0.8045733189226154
0.8034368405223486
0.8041910804911142
0.8027317957455038
0.8038065307065653
0.8048290770840535
0.8048935991990542
0.8055914131036591
0.803678724250327
0.8045974113047949
0.8053991161082816
0.8046059620480377
0.8029392617846547
0.8060020950710283
0.8067772887813591
0.8062739506065622
0.8047746024081217
0.8055277435369137
0.8055437777592868
0.8045441365115928
0.8063138119738799
0.8047328401739531
0.802026271015567
0.8031696834749775
0.8063170579724224
0.8055179171288741
0.8044925731300737
0.8058567450662463
0.8068121043260396
0.8061858539535074
0.8069233713461234
0.8037468775893786
0.8063884762555333
0.8054851540151791
0.8072114316136816
0.8068599733317854
0.8070272369843163
0.8023900312530297
0.8067407807705127
0.8051125462213773
0.8071501365517069
0.8053837260334792
0.8044906406873614
0.8059378129325736
0.8080648955690275
0.8075735309608393
0.807080694917514
0.8070627850889791
0.8080592119139918
0.8063793255709257
0.8079511466862448
0.8054022294882068
0.8075872727756813
0.8087494097208486
0.8067835850081045
0.8059719022324437
0.8084501779135591
0.80733047261082
0.8083868304205991
0.8085480693987921
0.808259263940907
0.8092289649569071
0.8082873727726451
0.8017101840135102
0.8067876330335244
0.807234968260702
0.8088218510618659
0.8072341409731356
0.8086549536893262
0.8081928662197445
0.807478885474149
0.8089291142627356
0.8060589253062139
0.8086631949891281
0.8043441602667447
0.8087851978020574
0.8078217298610799
0.807391483490043
0.8097034806855002
0.8097985177128709
0.8074401608378384
0.808884554407255
0.8095931483109112
0.808128950361281
0.8082097150993394
0.8085122813175835
0.809547053868571
0.8078455317453352
0.8097674028591361
0.8096452547972448
0.8083665208266044
0.8085585273240579
0.8078828354678868
0.8090601035657938
0.8104556113867305
0.8092777370322863
0.8094420957055767
0.8097624391337381
0.8084327606684605
0.809787838756576
0.8091829273511172
0.8102396261801983
0.8094046025278573
0.8106231592220131
0.8105875100745943
0.8097510276174608
0.8090292350037771
0.8095035991682362
0.8098794782212695
0.8089252809531727
0.8090054331195218
0.8102147759773475
0.8054676357273242
0.810686475139112
0.810375737087961
0.8084671341510825
0.8100141303242397
0.8106079396568618
0.8102093386140298
0.8107919511462316
0.8095840039414758
0.8097736359341586
0.8100844497673767
0.8105407525391665
0.8107098475916535
0.8067792338544159
0.8082856297851008
0.8105398873605667
0.8102271600301532
0.8108201231296923
0.8097652872764285
0.8113000004395359
0.8110364998769047
0.8115644419628343
0.8064949942660763
0.8112249698778915
0.8100831930480966
0.8112977522382107
0.8094556164893897
0.8111122945743929
0.8108494507896769
0.8095267316442318
0.8108424409484661
0.8105353088606768
0.8078323709263413
0.8083932024294115
0.8110788494220935
0.8109811410768561
0.8103614647986488
0.8091086230342827
0.8103448558955999
0.8072192182210807
0.8117200604377142
0.8112509883876108
0.8099514459243672
0.811266233213451
0.81157118656681
0.8103968234481437
0.8114226600303805
0.8099502081506038
0.8106971098892011
0.8120036748239999
0.8120456012526471
0.8113620217463209
0.811324225440333
0.8089762380781547
0.810080401741957
0.8115600971243181
0.8122049330488172
0.8120542214627848
0.8099107951605169
0.8121178152474631
0.8106323288521378
0.8116507324766221
0.8077896172101278
0.8102705326332486
0.8113465053680733
0.8120183639146813
0.8106147158366991
0.81216286768638
0.8110629730790269
0.8121940204311485
0.8069227461440696
0.8126945483542889
0.8115290833133396
0.811337146282781
0.8119438448819899
0.8120546824703602
0.8127547950976681
0.8122963009611035
0.8121815732266201
0.8119761469881099
0.8122009544902922
0.8125861231617227
0.8105106670585106
0.8126550974731683
0.8101771438658383
0.8107442021287586
0.8125905500974785
0.8117813049783108
0.8101908225289578
0.809314560801746
0.8118721866223332
0.8118065025156364
0.8129651029643368
0.8112955861341248
0.8121650274752936
0.8129615790982146
0.8095769056878535
0.8125430473717239
0.8102345929879056
0.8131439296972796
0.8124140789237895
0.8129240101384281
0.812025057997279
0.8121285573554806
0.8130770520230249
0.8108743009925278
0.8134624164647959
0.8125941686911845
0.8129705529579989
0.8131289374783295
0.8134463317210445
0.8137893971390047
0.8129584025665668
0.8129285949534903
0.8123081924304728
0.8100529181122728
0.8130969448156502
0.813499322331495
0.8113424131364475
0.8130712799555776
0.8098529923888029
0.8085835038303542
0.8129744367889402
0.8093500836457196
0.8124972434273077
0.8125255543445582
0.8101216271864831
0.8062487972754426
0.8137174799572852
0.8131896136534227
0.8130218953084889
0.8136385276736658
0.8106407596071072
0.8129471426144237
0.8134125771253042
0.8126353246688158
0.8135259092067179
0.8116193587008245
0.8140686414260851
0.8137497252268548
0.8137637828003099
0.8122346648798267
0.8126596001909909
0.8134567770159659
0.8134223214361046
0.8127975614442263
0.8113906421070123
0.8141289323756703
0.814341172685051
0.8126199661698748
0.8140293294787543
0.8120107793927946
0.8121578850154654
0.8128748654678852
0.8105872069463258
0.8134942196723072
0.8141626553955491
0.8098550890259938
0.8131321708465277
0.8139096380188728
0.8138627541799999
0.8134924640544184
0.8089699923727875
0.8120574800916722
0.8137417933704939
0.81234727071643
0.8124581398806614
0.8114698975189002
0.8146446230274118
0.8134225866733396
0.8127939617960369
0.8129314494113526
0.8134708345894212
0.8136874007918015
0.8140909402993421
0.8139595278797425
0.8141819482468097
0.8126771121636736
0.8128958002639337
0.814085919737394
0.8097476932065064
0.814019269409341
0.8142437232618764
0.8149170027222434
0.8140551901091672
0.8135396762822491
0.8145006181543216
0.8137299776831917
0.8140186631528039
0.8131148104379795
0.8135683787401798
0.8135523950391848
0.8129808845798194
0.8112088030369007
0.8142105559771564
0.814504097814238
0.8120038516488233
0.8143426693808772
0.8145238516730736
0.8096261829770136
0.811866806095566
0.8116652510576525
0.8119663837317929
0.8130686149528831
0.8139189276372703
0.8125864957568864
0.8141948185678796
0.8149695828464967
0.812835660878483
0.8130940903577878
0.8143184317497356
0.8131646939836767
0.8127765950723165
0.8131997431897309
0.8134730512148851
0.8144948776627357
0.8141202300682933
0.8138993063970522
0.8134336698006595
0.8143805477841046
0.812643837521025
0.8141015497887423
0.810157712080788
0.8138200509851643
0.814777039559401
0.8150970230227437
0.8106392818567981
0.8141677327940479
0.8129969819539152
0.8144138350570975
0.8141142748608502
0.811334348661469
0.8134406417508366
0.8141639500058628
0.8144313470297797
0.8149725004560818
