0.5151663835516432
0.5240823015308982
0.5295075452536362
0.5338669439309169
0.5373494830912443
0.5413063002826193
0.544214946550046
0.5464449757863894
0.5477963248853553
0.5489412194746381
0.5483407801409802
0.5493446343431323
0.5504455455636545
0.5494909891469226
0.5508249590136033
0.5519683406929564
0.5532761359357264
0.5539500924349503
0.5558898416944899
0.5573921933078352
0.5583947717935637
0.5608749953042096
0.5593777721991005
0.5636436589393297
0.563662903666486
0.5642404121576928
0.5679010579984278
0.5716671652004048
0.5735259160829891
0.5756359446372407
0.579638976098459
0.5814085870972631
0.5837945358052571
0.588245260392954
0.5910334764657245
0.5943559548840002
0.5970151376895481
0.6016567004793488
0.6074623256579652
0.6104231609073305
0.6175619802657567
0.6221712078111283
0.6312445517613284
0.6382258297573741
0.6436566763753602
0.6482143367704167
0.6527118077106865
0.65890126326697
0.6624565759591688
0.6663476777281325
0.6704080266795256
0.6720210002155256
0.6741171369230925
0.6761118317377476
0.6776834118016462
0.6789944828790523
0.6812229158672071
0.6824847468549102
0.6828711543079661
0.6852215368113422
0.6872391624684484
0.6847319181300331
0.6867691410992367
0.6909515100828396
0.6933773137104642
0.6924204751075672
0.6957272025949226
0.6973685111389275
0.6977842151952828
0.697782894604412
0.6999975319054113
0.6999849670602327
0.7019208571173244
0.7018990353147795
0.7025195014730998
0.7034921615239054
0.7026668435147256
0.7013071798217817
0.7041416101643957
0.7038607474108406
0.7047998285539697
0.7047613967953748
0.7057209727395426
0.7063734087360805
0.7062979747905614
0.7064264887963251
0.7038430476467904
0.7039611571914699
0.7066509315486467
0.7075786786885738
0.7082764571085547
0.7088292077262515
0.7086476393027845
0.7088567991005621
0.7093971130857862
0.7078202057839572
0.7082760019534489
0.7104709650147271
0.7110814241713517
0.7119301089461827
0.7106876893621533
0.7112627489906777
0.7125080469499543
0.7127413235577129
0.711574171242685
0.710369907759933
0.7118258399631054
0.7135697507250107
0.7138179448811014
0.7133858552409316
0.7139502668042303
0.7142684138126625
0.7122692187320302
0.7136414665020586
0.7151006553079612
0.7154071541920618
0.7158094664312852
0.7143287891758731
0.7143675542875034
0.7153548562293233
0.7169769585099837
0.7151610242605364
0.7161809883891855
0.7151107648798218
0.7161630065571825
0.7178523179382782
0.7171297303597046
0.716108278963667
0.7174506724051255
0.7160907715186756
0.7182564251553842
0.7180625739546915
0.7171284225901043
0.7184010875514566
0.7195781314767449
0.718878442687446
0.7202492737070743
0.7192305019565901
0.7187987905439026
0.720439586237084
0.7194779204258098
0.7212609232417454
0.7202562420676402
0.7209169990687911
0.7186655518999265
0.7216881215671849
0.721662805968404
0.7220891580899846
0.7215419719037239
0.7219997617807924
0.7230697288647444
0.7221732463931522
0.722908456512622
0.7225511148799949
0.7225182154996597
0.7235972600431897
0.7230224183762656
0.7229054499246687
0.7225868157079539
0.7237447302975215
0.7244196035175925
0.7247774131265964
0.7241260348848824
0.7233522840260174
0.7245065189109253
0.7239250678790118
0.7255194826258321
0.7230815052017816
0.725935853388258
0.7261029145440518
0.7249615842679933
0.7256690363366348
0.7269843127907945
0.7240718714272728
0.7266756407013286
0.7261421732746001
0.7252288051896401
0.725664330930328
0.7279441579816448
0.728089205015835
0.7277417229402918
0.7278007007850079
0.7267591841004961
0.7281245019737705
0.7271310650539731
0.7277236064849473
0.7284121792326443
0.7290619355836288
0.7295953773678163
0.7292221758234686
0.7243807230145268
0.7291000339891884
0.729091386042175
0.7272305709350257
0.73065170261986
0.7301795529197304
0.7297112239582365
0.7290515503544505
0.7309578873828312
0.7295392971302535
0.7307748060494346
0.7302152345157835
0.7313421023986161
0.7319157516873753
0.7315231323287184
0.7291648711545645
0.7309598939116786
0.7313158380258116
0.7320862425330523
0.7299282239629804
0.7322201478830992
0.7325382820702608
0.7320975508937131
0.7329202533636924
0.7319750885276681
0.7332700112147654
0.7330685954644243
0.7327583143054994
0.7322788949449448
0.7326576545100936
0.7332757743758959
0.7331690565301359
0.732100326698796
0.7319854929887522
0.7336727337346477
0.7342728204833644
0.732306800440385
0.7335164809099615
0.7336176279136497
0.7351108251397935
0.7333645360321938
0.7333381242147774
0.7345888968565963
0.7344482346969481
0.7331871537535743
0.7350117551819408
0.7355554603932362
0.7361009734036845
0.7348782601125528
0.7359693181866263
0.7359324506230432
0.7359636704169311
0.7372548108292041
0.7352830596782707
0.734544964772918
0.7356115983265165
0.7364518018308518
0.7359611061628131
0.7361092367125801
0.7357257525092189
0.7362642651059248
0.7375514373349501
0.7360093654253155
0.7382307210721044
0.7369877245308986
0.7380085028102302
0.7381841990917668
0.7349574763328961
0.7384789536920066
0.7380357095464233
0.738268800245758
0.7373408479655017
0.7375847918703913
0.7376489879722379
0.7372252065154108
0.7387480465191597
0.7390203126107839
0.7389878427430134
0.7385040192760111
0.7384957944309273
0.7385124172082478
0.7388971514854916
0.7380276065034101
0.7376105626242782
0.7396176620182295
0.7387063902110111
0.7408239897255466
0.7379707313470707
0.7399910815241773
0.7404155232764398
0.7400858371244763
0.7350917406785197
0.7406666022184132
0.7369460746333854
0.7385333607537573
0.7397722544883742
0.7406384787613729
0.7397604781513369
0.7413983954692707
0.7396813516798877
0.7411712794820309
0.7396799221082169
0.74149576660877
0.740146956121381
0.7414448597538907
0.7418298568671815
0.7421056936826651
0.7414730665491898
0.7388490524888714
0.7409238353702701
0.7397159306466703
0.7422924867738978
0.7408220344817815
0.7416237100679925
0.7417727958024185
0.7398458293496577
0.7412973510357472
0.7416943296264049
0.7423378163760704
0.7429980477051271
0.7413544121005101
0.7422385861523354
0.7419029573414531
0.7409656647655715
0.7387839717193542
0.7416384032440891
0.7430144076464007
0.7423301492562574
0.7421423368740128
0.7411859470155865
0.7416182930811679
0.7423711516796058
0.7428828614101423
0.7425678940768166
0.7443264980148186
0.7400026014358028
0.744096388260896
0.7425649836483925
0.743272044668281
0.743806864739057
0.7440477123070992
0.7431516785799777
0.7427666878773219
0.7444913346801652
0.7436943196258139
0.7437363221082682
0.7438175320361883
0.7430563011480551
0.7434864034912834
0.7446112520239978
0.7442651354137725
0.7443083815594741
0.7439724835019096
0.7443041569508146
0.7444495886231226
0.7429580004664379
0.743278948922494
0.7447823198268513
0.7419726922321946
0.7455600004051521
0.743958251891554
0.7444665319322078
0.7442712896236561
0.743873548167398
0.7435221556043248
0.7455400440974781
0.7452831250667509
0.7457366711032536
0.7458728009437481
0.7457182148842387
0.742690407727944
0.7445150283882163
0.7458568576937687
0.7452796825555972
0.7453446287017732
0.7460441444039193
0.7453816565312386
0.7479399487585099
0.7447925640220532
0.7469251387806383
0.7480663472546263
0.7471867632176722
0.7484611911037307
0.7482525890312235
0.747799658415709
0.7483935973651777
0.7488582466220118
0.7494147218188151
0.7494433388947731
0.7488938320585359
0.7490933694927354
0.7498694858760242
0.749704219698113
0.7498806596133438
0.7497092905106315
0.7506311334554516
0.7494642183339296
0.751036529210252
0.7506942525705685
0.7519386979153512
0.7507082405767829
0.7507452619956129
0.7523653577474259
0.7520587819357016
0.7519355631146918
0.7520598909756078
0.7515209809195132
0.7531416343965971
0.7529744001536501
0.7526065450791386
0.751757648753343
0.752859842100924
0.7502178333873323
0.7534910973584465
0.7546137085794431
0.7526065771323152
0.7550377977467643
0.7529066974342971
0.7553615861142562
0.7558539485474719
0.7543075751015541
0.7562209125436773
0.7563142770361171
0.756486024366312
0.7567117812988691
0.7572278759039476
0.7588720307700237
0.758054399112563
0.758497156049864
0.7592274428014272
0.7569161715839872
0.7575155467521861
0.7600106493473524
0.759018885603367
0.7606271921968722
0.7605235835092303
0.7604124679676582
0.7600199960536129
0.7618120891503973
0.762319394774486
0.7628286235891634
0.7638520879246837
0.7613206562592993
0.7628865565003266
0.7652201239073233
0.7659295376303651
0.7663693584967008
0.7666382846473363
0.7666837552834853
0.766836501490665
0.7680939540144618
0.7679306110271389
0.7675198559812317
0.7691902303456652
0.7671587128418744
0.766466659119212
0.7682144354942004
0.7679215335675609
0.769952993375634
0.7672581994910211
0.7700224141452463
0.7681357641778572
0.7706668496689355
0.767727983666727
0.7685511028280005
0.7702143613872563
0.7711477050117962
0.7703873331487926
0.7687144009408761
0.7686244084426015
0.7726203946156305
0.7709153771780615
0.7714140028019604
0.7725448388680407
0.772473776975793
0.7717624849366097
0.7699683147939896
0.773859083209918
0.7712356076429646
0.7705487337136209
0.7737844441831755
0.7720421681332705
0.7727075664343751
0.7734053640862619
0.7736117416683217
0.7723537378298897
0.7735374808690616
0.7739370878201903
0.7731932361643425
0.7727033161831744
0.7737000545801488
0.7735474750494868
0.7728010847820621
0.7741710375446549
0.7732569899323537
0.7728081236596163
0.774995060605505
0.7750053432645185
0.7748240569090046
0.7742894291572874
0.7751816677883141
0.7739139069629628
0.7740743010580496
0.775982516402572
0.7744990376995359
0.7756616512847748
0.774862674576023
0.7750265881098871
0.7739573903021705
0.774255048920199
0.7749402304418248
0.7754709220634708
0.7760164158420132
0.7744586699290817
0.7760531808354314
0.7757845816271962
0.7747416033178371
0.775219336681309
0.7760560207468672
0.7742945127910765
0.7721971580628035
0.7756252388762978
0.7756512211811493
0.7763933419654674
0.7751840461340086
0.7764070158505523
0.7756364767199703
0.7760537129181609
0.7763503907089894
0.7767607098316965
0.7773089345408748
0.7767279963597848
0.7763510638256953
0.7765606467254027
0.7747496871289444
0.7759763686033239
0.7771804974627347
0.776565172633921
0.7769042439559568
0.777124071050866
0.7762596161132087
0.7763643594832976
0.7764949184817205
0.7748989074867118
0.7758887095762967
0.7741913143840936
0.7773598926808367
0.773466354870461
0.7774600652679602
0.7772734452638804
0.7755258035122332
0.7779160409352399
0.7754038539970118
0.7767894294778191
0.7760692458874812
0.7768286433339201
0.7766201630634836
0.7747931961106933
0.777522729227971
0.7760132233456363
0.7781536126686461
0.776733926197433
0.7764621601353618
0.7773894905839948
0.774920562612739
0.7776725970599031
0.7772993057666614
0.7774729698768095
0.7773995424601378
0.7775423714145155
0.7764425307700877
0.7748816180033204
0.7761042094923816
0.7773821119427698
0.7775953040301484
0.7773777014256869
0.7777707310650028
0.7760460393877125
0.7787649821354826
0.7778430943162153
0.7777929567375712
0.7788148761099855
0.7770630866773023
0.7781324703934425
0.7776298060693074
0.7783792349778621
0.7784451042555207
0.778117565666381
0.7775676806026612
0.7769031541479567
0.7775433522417159
0.7763328319789157
0.7760625660055036
0.778353803987646
0.776953080175636
0.777682430974446
0.7789715905004129
0.7790595892911106
0.778773764705837
0.7768380092720865
0.7779223810535468
0.7789918673398517
0.7774137420173167
0.7786130693108914
0.7778355618197434
0.7773733037298742
0.7771289239017845
0.7769712735586038
0.7782514133207104
0.7790988544322939
