0.5249551992752393
0.5237892713915527
0.5226566916326721
0.5227842184006004
0.5284974470927064
0.5358054431165739
0.5379294532664046
0.5508974953519689
0.5530734893434086
0.5617605540532589
0.5738717570358967
0.5855185735977473
0.5939483923344699
0.6041165253484854
0.6133916632765091
0.6293924871713572
0.6369937441174408
0.644074739545504
0.6488443419540565
0.6537692612345423
0.6548135280815955
0.6584225747188391
0.6633254478245445
0.665579997740892
0.6692963840555192
0.6711677446577291
0.6735915802203181
0.6792466900928376
0.6807306239509796
0.6880769748058186
0.6950253406002587
0.6969659552955629
0.6988129426623804
0.7079896901598928
0.7100799803680705
0.7094133319930833
0.7169644257179816
0.7156873117757343
0.719998002446042
0.7188270999093664
0.7231330723520967
0.7251442232675547
0.7256417013877359
0.7289952713871934
0.7288309283407648
0.7279943340241006
0.7275510450040702
0.7312760728550751
0.7298076911981592
0.731876832720498
0.7305969557944386
0.7318035142846262
0.733789125229068
0.7342670829647752
0.7366244658818938
0.7282173023303045
0.7370098091694908
0.7382092069800535
0.7390871306624662
0.7394596655007432
0.7404831362468987
0.7396688637623325
0.741270118657013
0.7415602640104755
0.7433248875350197
0.7408839740400041
0.7441368457802442
0.7432583515512903
0.7448313227230481
0.7457546208820803
0.7451530019915279
0.7469131380713655
0.7469948352075679
0.7484527803502232
0.7467092478158003
0.7478607389488019
0.7506114528050951
0.7502288468587694
0.7517045686930983
0.7509908021486911
0.7520425950815811
0.7516649701988798
0.7529907857374648
0.7510758776896941
0.7540600155983578
0.7539218215332982
0.753940335448031
0.7544566672466155
0.7538982432166825
0.7532681803373251
0.7543479428720081
0.7549628830627041
0.7564549456064006
0.7561391448904865
0.7558368065086923
0.751725339151455
0.7573603388610531
0.7568780859996982
0.7563053790743273
0.7587515044158379
0.758987922234891
0.75742953525843
0.7566654708694963
0.7605926388726307
0.7581291342988348
0.7604245456045543
0.7595594496033676
0.7580566620668221
0.760548674735776
0.7619200570700397
0.762310926325261
0.7626097773214546
0.7648516341799176
0.7636471527355655
0.7635032980795402
0.7641840306202712
0.765170069666938
0.7629836968569553
0.764740191695945
0.7658577256937878
0.7656582844191178
0.7665726012781011
0.7678383107001581
0.7672623471720572
0.7683633673733794
0.7673483073807311
0.7678275344222268
0.7684321214369207
0.7675124901612774
0.76877994968677
0.7707320907043351
0.7704035520560895
0.7705039618367188
0.7705462463871262
0.7710428077864602
0.7710549944041565
0.7698372685872845
0.7713445884429836
0.770404321332325
0.7717755946857885
0.7722307433811153
0.7718130327959126
0.7718146995610895
0.7725584550574078
0.7741498952694511
0.7733761123574099
0.772598822827862
0.7745560731217577
0.7752563196363272
0.7748032287549301
0.7751631923373932
0.7755010071749113
0.7713013743504585
0.7764663719227509
0.7770883894548126
0.7755434135273892
0.7766389654568046
0.7775997337791374
0.7783458868530564
0.7788557246780867
0.7781207389308522
0.7768332077062503
0.7797958892185808
0.7790100863653608
0.7793810249554493
0.7790510823780739
0.7777396587157267
0.7779263941112416
0.7783989861452068
0.7796621056706043
0.779318354584803
0.781533434219638
0.7803818853909186
0.7798401354233884
0.7800698861817346
0.7829414853877902
0.7832560809042688
0.7825184860284691
0.7827948549266822
0.7834751964186601
0.7824898048461582
0.7828004385900245
0.7819643443029132
0.7829978989783883
0.7814971500238668
0.7840441595330185
0.7842045920919172
0.7810346290979505
0.7838400320839476
0.7852277038424962
0.7844518823484312
0.7831128416692321
0.7822600989622592
0.7849681243981214
0.785199599617362
0.7850595144148904
0.7853865209213006
0.7862205894476584
0.7871785499117319
0.7870600108544877
0.786416588211175
0.7851402435451633
0.7872539261615334
0.7859810432385812
0.7802196322115962
0.7879476274174667
0.7891052727603516
0.7887763622952587
0.7868753717367142
0.7865241843139703
0.7886975114811272
0.7872071926302312
0.7858903968555063
0.7865563849350583
0.7874436809662724
0.7884406052716706
0.7889952790799558
0.7906760579054737
0.7906755578759207
0.7884128728633832
0.7887510338752073
0.7875560978668097
0.7875483666406438
0.7906268819221238
0.7912699006954129
0.7858765178300924
0.7916121260500141
0.7914988885881589
0.7907448632540974
0.7923437077499066
0.79212990024154
0.7910855885200396
0.7931142340592181
0.7914908688834044
0.7912963445660058
0.7922988268922049
0.7932427288330758
0.7923578560220035
0.7937358156680799
0.7926334812865221
0.7928335572140865
0.7929973553565153
0.7927745857800057
0.7929759246027233
0.7920881285419561
0.79328928286659
0.7941007218503554
0.7931462551825179
0.7931659422435093
0.7951732083139785
0.7950940882531646
0.7951476362897858
0.7942543975996531
0.7950398542785669
0.7946381831028733
0.7953571230299636
0.7953392245362194
0.7954041001654072
0.7951669130701186
0.7948083982912323
0.7970836802021247
0.7963146732133785
0.7970385749721873
0.7967105299428595
0.7962324504050817
0.7970748463466878
0.797240933085917
0.7981639427663609
0.7973299960420737
0.7970644290643332
0.7984372602021735
0.7978364169984917
0.796089800948492
0.7972637805901093
0.7984056621808032
0.7984749098632624
0.7981464801958168
0.7994890723669694
0.7985184188450112
0.797961424386749
0.7991467508528388
0.7994318510363241
0.7991738165550554
0.7970449150904946
0.7975689075982568
0.7991868237340695
0.7997682363021712
0.7964645346346753
0.7981151385998584
0.7986282843127012
0.799808988710743
0.799903180175136
0.8013040065573107
0.8008689359717286
0.8015095122929701
0.7995177214961037
0.7996464791060087
0.7975874407448954
0.8009779488249242
0.8008292477286156
0.800801637122399
0.800980288706807
0.7982614357079308
0.8019997912697149
0.8025422335858569
0.8021809494125229
0.8012240979883555
0.8015579766958022
0.8031494040865748
0.8017700725645451
0.8026349313722261
0.8029382249386791
0.802338977983186
0.8028842153363167
0.8031737580900615
0.8044334479255763
0.803689480878293
0.8038765496268433
0.8039514386683623
0.8045323896707227
0.8044327812195055
0.8021013806072385
0.8043131138904492
0.8054251475632086
0.8049301247163453
0.8052258601437854
0.8028334943898607
0.8057937462714143
0.8041852986439326
0.8049239961490031
0.8041600727940459
0.804202697108124
0.8046209141335149
0.8041526300464683
0.8064094621489808
0.8049600367406329
0.8046155420211375
0.8059852640008597
0.8051156933762367
0.8064716773645211
0.8065762412368218
0.8067335069418847
0.8070956950147951
0.805412499379771
0.8068474944480692
0.806887048067841
0.8029209803297349
0.8065364183703678
0.80787346534199
0.8056408718515287
0.807231222255572
0.80595009525563
0.8085245679263864
0.8073212532176581
0.8081702264710774
0.8077661192539713
0.8077700233308661
0.8084750265368248
0.8078606184288586
0.8065679138215732
0.8071063687225616
0.8083275819250344
0.8093934269704914
0.8080258525535933
0.8078436238346908
0.807393642111412
0.807157942283512
0.8082319224251587
0.8089934610237861
0.8094169604126603
0.808901763296523
0.8097786356347471
0.8094113895705888
0.8098343761086392
0.8088845507407554
0.8101220405462426
0.8085764620191014
0.8089902108316914
0.809208614765565
0.8072430242351504
0.8097451336546942
0.8085854304978793
0.8105436552083399
0.810586170541618
0.8100526774723481
0.8099728201884752
0.8091711317809938
0.8076468173311268
0.8097766675697115
0.810040215197334
0.8099557037922369
0.8092232822991205
0.8109431018935863
0.8100268874865553
0.8112465685471923
0.8107886440467829
0.805367246705222
0.8109265688651599
0.8101368747563157
0.8107883940320063
0.8091657147941692
0.8106424302769689
0.8057734181468931
0.8097664490170509
0.8107204733510531
0.8106568670276537
0.8108819508435051
0.8122110678592671
0.811828410627859
0.8117158206401687
0.8119774707197438
0.8096157734450716
0.8120579818884166
0.8105745480598276
0.8080196534692627
0.8118369752366134
0.8112648709109602
0.8128050580938182
0.8114978205763187
0.8105578098910718
0.812936444064194
0.8120061519020547
0.8117818245411683
0.8123433128547726
0.8111848341292991
0.8099522164066364
0.8093709128193346
0.8123058747446483
0.8115130458351449
0.8113178548116754
0.8127593887279748
0.8116769786009148
0.8093859201165607
0.8139559658590079
0.8126177457411266
0.81114924228214
0.8114941665142004
0.8142183659829128
0.8129191032957205
0.8135398002369116
0.8105325071135614
0.813440146911247
0.8138261056198322
0.813529825288392
0.8140953523022323
0.8132292562419394
0.8131139417342487
0.8140069560521461
0.8133759764519416
0.8130065187186063
0.8139610494927969
0.8142089936341109
0.8141640999551383
0.8123273631941579
0.8135545831619022
0.8133569432757499
0.8133798292437541
0.8144103132249226
0.8136574225733083
0.8135448774600652
0.8145541358277714
0.8137445431069708
0.8138094123255233
0.8142214879623015
0.813605759263464
0.8143589127511255
0.8149265360427072
0.8142320783318091
0.8137151759866833
0.8143208976838248
0.8128096288767835
0.812802102790947
0.8149844753645054
0.814549045783347
0.8152999940124666
0.8129255523948276
0.8128635487302519
0.8144166853964061
0.8149252475050126
0.8137179838449426
0.8138899042622905
0.8140235788294666
0.8157606366222414
0.8154202831731465
0.8144148583653469
0.8140541896130016
0.8150991167554904
0.8140813963491946
0.8137099897827295
0.8117902801691228
0.8146640974549906
0.8147888612391065
0.8157257114811529
0.8155328667502015
0.8144296092371612
0.8137957833148857
0.8145835157693294
0.8154845626132519
0.8143453029723937
0.8155338475774017
0.8116169365907395
0.815897119047677
0.8149581597066187
0.8147084975150454
0.8154465154927746
0.8159244027114936
0.8166699275431535
0.8157677908912309
0.815966751368254
0.815412910942557
0.8155207057750465
0.8141132251534352
0.8153571320048532
0.8154973005455836
0.8151660181454315
0.8161865079461748
0.8162378507242543
0.8164292979367115
0.8163271444632817
0.8159866499802102
0.816725283378928
0.815791311512129
0.8162659421281181
0.8168258406041691
0.8162933219514641
0.8167804533062788
0.8161726160994899
0.815471125921673
0.8128037567348532
0.8153713700258439
0.8151848461812934
0.8171816629162314
0.8171785152943013
0.8172728413820356
0.8166192835243212
0.815794196298012
0.8168056599242595
0.8158981191067831
0.8146646231270849
0.8163878724114336
0.8154720426425204
0.8166353934508179
0.8165864803035153
0.8167421946348368
0.8173686290946172
0.8172578533167153
0.8174754559211769
0.8158855799041457
0.8166746906451778
0.8149095991442571
0.8166087059760839
0.8174327226262987
0.8170213649806738
0.815854558839952
0.816460338232811
0.8167529837340387
0.8174171896569784
0.8143734520719749
0.8175893408571968
0.8166580486359515
0.8170921896794157
0.8177168291613133
0.8175467229537542
0.8174577946209385
0.8170685985415291
0.8164802112022262
0.8170396865763475
0.8175032075613701
0.8168383413429947
0.8169171024082322
0.817907359652923
0.81732808823701
0.8176766601205532
0.8171942662252217
0.8178292588831211
0.8175177468822195
0.8180522143680543
0.8175800326147481
0.818288728346637
0.8168442263061957
0.818451776444736
0.8184632835350909
0.8179393871868581
0.8167026730682416
0.817924642725679
0.8173313833035516
0.8182288658342499
0.8169423474900248
0.8175546721415202
0.816640579654772
0.8153578499960061
0.8178075332401055
0.818783597338253
0.8176801795593304
0.8177586777885206
0.8177167714655956
0.8184571421464781
0.8175439279167654
0.816491019533334
0.8186750204082577
