0.5520324943314565
0.5603929913636476
0.5635248034277378
0.5648824331628781
0.565090731795727
0.5607858359482342
0.5627827906018006
0.5643039130659528
0.5639748216474865
0.5637056543761538
0.5638500339187263
0.5636746967576504
0.5629351791757525
0.5640442226166111
0.5648315710273449
0.5644401750882748
0.5621516342572117
0.563602934560151
0.5635853338362111
0.5640016630705796
0.5634730733812343
0.5643777301703082
0.5639931498850337
0.5652242369243787
0.5636388699033364
0.5645581982168258
0.5630296857460301
0.5638552413845477
0.5632880998557097
0.5647157751115042
0.5647187170744252
0.5646257804019321
0.5644502390265101
0.5648240597684335
0.5645038772008083
0.566438093378286
0.5647448884191958
0.564708142600325
0.5648580742204277
0.563213989193232
0.5645792897297415
0.5650989195146591
0.5644425809885378
0.5648624329203735
0.5653819605981183
0.5650119944019742
0.564779911179523
0.5659043089865161
0.5648834095627197
0.5642730065010361
0.563926052708999
0.5645467558317554
0.5653327577041457
0.5654111441044913
0.56145250644392
0.5667423089367389
0.5649332761533165
0.5646158249525679
0.5650360789313973
0.5659575961674073
0.5646829412736976
0.5653599054487578
0.5650115476830924
0.5650139535833555
0.5646018298881735
0.565146424876881
0.564557687680961
0.5672454930851107
0.5633998625382184
0.5649724789260369
0.5648124323141124
0.5644399453471356
0.565288424045984
0.5643537222212649
0.5654412338120245
0.5660598054475453
0.5648922673599743
0.5691687008330031
0.5651939812926896
0.5643602889888263
0.5649123186560654
0.5649404108920274
0.5653562104454362
0.5653727262806633
0.5653056610131202
0.5653180159810489
0.5632474867276629
0.5650612483495333
0.5646353465676992
0.5654859376086883
0.5628778204713394
0.5654437418194604
0.5689332034019556
0.5637472375223439
0.5649189045687216
0.5650881982614977
0.5648639581462698
0.5652212694346644
0.5650862901337029
0.5652182445096654
0.5648558980613038
0.5653026424698193
0.5651296282469284
0.5656275347307976
0.5692658430446828
0.5649522744691864
0.5652625462593356
0.5664123113171123
0.5612622999257808
0.5647784625340064
0.5657155957857818
0.565622748457065
0.5651250334241449
0.5633024203867181
0.5653263121888523
0.5649566459325288
0.5651560101877431
0.563989805875119
0.5626876586250886
0.5656126909005279
0.5645663923174563
0.5640380387509485
0.5651679312001868
0.5647360497670361
0.5657743584638231
0.5648272187090974
0.5650919315550093
0.5656426274473015
0.5655785105243778
0.5676658619345097
0.5652454752163555
0.5658104916396561
0.5654983500119019
0.5648840477325506
0.5663647931914937
0.5651838280106778
0.5641179057053021
0.5646548426560374
0.5698743188334765
0.5654194977475797
0.5652908618547385
0.5657465853127766
0.5655898125120853
0.5649910432864215
0.565175008503613
0.5602691736530309
0.5665572141589464
0.5684550163658653
0.565362911228662
0.5656087151024806
0.565188480268746
0.5654151964829184
0.5651885313223324
0.5653486353695418
0.5647780030517281
0.5629680193952575
0.5657299482252816
0.5630007128357013
0.5653730836557687
0.5645798640825894
0.5649701304610586
0.564866861819001
0.5646406114688053
0.5646047590876979
0.5612501172637064
0.5637419407127464
0.5649718726646972
0.5656581222107989
0.5654378578936182
0.565194938547436
0.5654676668064259
0.5651070178898148
0.5654698302021531
0.5659532885210479
0.5655419689198529
0.5658337465482989
0.5670436335858571
0.5647016396497468
0.5678075292553004
0.5642653165545721
0.5651882760544003
0.5649454715787876
0.5655117515783535
0.5667086454781518
0.5685563641167315
0.5652203121799179
0.5649746742302555
0.5650183441917931
0.5652805107400791
0.5668857248428666
0.564940544907692
0.5654097273674664
0.5630005405298469
0.5652930699223538
0.5635943894661134
0.5636855328813815
0.5623227658791012
0.5643568620168335
0.5653513794998152
0.5652715827441431
0.5655784786158863
0.5646989529547582
0.5653990763129867
0.5652373257876132
0.5658697265633724
0.5643139068055069
0.5671785426881373
0.5652534906294333
0.5662942498983714
0.5636557303502723
0.5658954575709596
0.5653233574625346
0.5652506316285902
0.5652528971314904
0.5650471639413625
0.5654334226132928
0.5656421296748333
0.5651755637113659
0.5654442970272134
0.5653815202609349
0.5636464577426274
0.5639876424793919
0.5650236601464855
0.5656516128785225
0.5646482567433811
0.5659365237995866
0.5646237956937576
0.5653786931685835
0.5648399565789247
0.5669374229808785
0.5650381402199516
0.5655622371936865
0.5650789447989478
0.5647478240004187
0.5652086655805016
0.5654430015424564
0.5650481211961089
0.5655201881835197
0.565520315817486
0.5653365867231319
0.5647241861898771
0.564774339956898
0.563682603681857
0.5652688258504729
0.5649197724796919
0.5661291298362903
0.566128466139666
0.5658202428746743
0.5650776556958891
0.5659653882210441
0.5650347451564505
0.5644165245143367
0.5673135156074005
0.5651545360154334
0.5649650570109018
0.5653062736561578
0.5651110383597504
0.570423144888164
0.5657104712820386
0.564697344766784
0.5615813337877102
0.5660552872051416
0.5673563814749509
0.5639890081628303
0.5652505103763223
0.5655450385167401
0.56535189003568
0.5642779586989248
0.5651903181978594
0.5653421132738686
0.5654049347120353
0.5655371315925336
0.5644885802699586
0.565493251034952
0.5655516691012846
0.5651657805678563
0.5675148135172029
0.5651038206589614
0.5657951691820131
0.5650481786313938
0.5655748665746425
0.5636905106060635
0.563540744910117
0.5650609611731092
0.5654379919092828
0.5655244894481809
0.5655403032965939
0.5656110252772689
0.56533893518811
0.5651067051865977
0.5656163859038496
0.5658399112688668
0.5653743791405256
0.5640196084062282
0.5669573402613051
0.5621005168537462
0.5655314072091494
0.5655102710243456
0.5639602394668474
0.5649804305221313
0.5652326416210534
0.5641218240680647
0.5644674759936464
0.5652026604023918
0.5657993300493113
0.5654335821557505
0.5636520864005371
0.567656448929502
0.5650476106602441
0.5645454731103952
0.5650256576180566
0.5651268330630684
0.5648052975754013
0.565076175141881
0.5646607840171641
0.5650917337223617
0.5650025175799834
0.5653063502365376
0.5654103655372975
0.5660058035164435
0.5662571658494903
0.5672187601508889
0.5656726150476618
0.5620694635097682
0.5652585832246849
0.5649242651953024
0.5650937056671395
0.5650278082503872
0.5646636238729124
0.5649968059599957
0.5645526206125027
0.5659243921910987
0.5651250206607483
0.5652376767810203
0.565635314021038
0.5651144142781565
0.5648556108848798
0.5653980424778602
0.5654008121349269
0.5653179394006692
0.564554866970308
0.5642918325110515
0.5651682056132141
0.5654009014787033
0.5653177798582114
0.5652380979731088
0.5642688903056259
0.5622137983804525
0.5655689188318174
0.564196279342251
0.5638569006261084
0.5654055984086597
0.56537035867059
0.5691261093784801
0.5646275991859506
0.5649926004208091
0.5643484573201589
0.5646863171921038
0.565425305093042
0.5651211533515722
0.569154488790866
0.5654496321270008
0.565712455990213
0.5652634779872888
0.5645701128475711
0.5648607672971147
0.5647619658438743
0.5662684550738011
0.5647553863129163
0.5631730952704596
0.5653401030389009
0.5652875369899188
0.5653082200741425
0.5649282027031598
0.564653910928084
0.5648120238854204
0.5648253680165874
0.5642690881382735
0.5644274818903356
0.5654046602990082
0.5625539492820909
0.565452988900312
0.5647165281519049
0.5649097851218363
0.5658956554036073
0.5672624492575213
0.5646136105032543
0.5655885680809148
0.5613827863898795
0.564695060118789
0.5652015499868855
0.5648998105273771
0.5660467995463888
0.5639342340462329
0.5653593374776082
0.5652207588987996
0.5646001897917078
0.5652852395785269
0.5678155127598867
0.565281946622199
0.5649200341293227
0.5650161361241776
0.5649605770586881
0.5655614394813977
0.5652766498126015
0.5636470129503803
0.5683790039572911
0.565386727726756
0.5652886856956146
0.5655591867418941
0.5652170766588747
0.5652873455389695
0.565240631507338
0.5658097768894453
0.5648435750018667
0.5647306253234724
0.5640731380916553
0.5660056567373823
0.5653117938251964
0.5641459787961691
0.5638789302486757
0.56507878525649
0.5688671911146338
0.5647247286342336
0.5651468715957628
0.5660509604136872
0.5648140724105781
0.5648830968595024
0.564538663838298
0.5649986183623158
0.5649924855502396
0.5656341270251521
0.5687843566705658
0.5650455174631983
0.5654665436275232
0.5654743037726686
0.5649108381020574
0.5653607605963312
0.5659970414446633
0.5653490310348371
0.5652606317498425
0.5656387346113322
0.5644556698517723
0.564979352015117
0.5653020106816865
0.5652209375863524
0.5654237543403526
0.5660077818429197
0.5706238301549285
0.5659994281998314
0.5662037957065209
0.5656287919253646
0.5651852447477027
0.5659691342779524
0.5654468497065376
0.5652222394528077
0.5663023993271137
0.5650098820598335
0.5651012935064305
0.5651659784005039
0.5651314278858518
0.5654231608424098
0.5649194789215696
0.5641464191333526
0.5630560549234483
0.5655996275640868
0.5638841058060053
0.5658230891121208
0.5652427183226855
0.5650551857361386
0.5656950339538258
0.5647214356779056
0.5652006246406306
0.5665542913411203
0.5650703422696255
0.5659571430668273
0.5659704106176144
0.5650000159542459
0.5655326133501299
0.5656412553821649
0.5640954421272497
0.5652781558934027
0.5651955575721723
0.5647787241836373
0.5657572299855582
0.5656791562884298
0.5635892713440687
0.5656204063737851
0.5651298516063692
0.5646485247747101
0.5700726301084698
0.5662877660928881
0.5651369289097953
0.5627272634448024
0.5660186817836336
0.5654187766156705
0.5652193166349816
0.5655715991451077
0.5654644121402875
0.5656957231772433
0.5656648740476113
0.5650634117452605
0.5657065337741809
0.5652954247690305
0.5642818515348942
0.5650475404615627
0.5655786445400424
0.5657399866367238
0.5653913097861428
0.5652320098329207
0.5657416394965862
0.5670838893387987
0.5653094070700282
0.5649434932523114
0.5653470080364726
0.5651536489593684
0.5647783285183419
0.5656307383433494
0.5655549812027076
0.5653345637247675
0.5607357459981965
0.5649883374463378
0.5641796996900409
0.5652983348234599
0.5634861813895637
0.5648225090157442
0.5648513223836154
0.5650662452193103
0.5651164308948226
0.5645044005000699
0.5658552528716048
0.5651638532949665
0.5648730456846637
0.5654984648824714
0.5650529329966348
0.5649127589932489
0.5657241281164226
0.5649543421394388
0.5659971499335346
0.565306911825989
0.5648896189551755
0.5651316321001977
0.5649942596623698
0.5646939497032829
0.5650292186057138
0.5653679272435338
0.5649484773586917
0.5646505988266609
0.5643884960953579
0.5647948507352674
0.5651149120506247
0.5646262398842105
0.5654869012451331
0.5655623073923678
0.5656568394894385
0.570586165371501
0.5641392843946417
0.5641497567615689
0.5633539781273671
0.5654335502472589
0.5657822781514262
0.5647411295988911
0.5646760426578241
0.5665195366121223
0.565342406831991
0.5655318284012377
0.565358820560045
0.5651751042290877
0.5647386088280585
0.5652895663699814
0.5640468263495219
0.5654501618079607
0.5656086959573855
0.5647367389904536
0.5649708005393811
0.5664524521994843
0.5652310972500623
0.5660941134576616
0.562211749855295
0.5649451971657603
0.5649614066794683
0.5659902449359628
0.5653558403069342
0.565323363844233
0.5651368970013038
0.5665748148828862
0.5652356154924661
0.5657877983204646
0.5653202623388541
0.5641428581456955
0.566179653741813
0.5652891196510997
0.5656425636303184
0.5652279383093987
0.5649330527938756
0.5630283774978765
0.5656336739245722
0.5656650144449743
0.5647910408613761
0.5642134971642923
