0.5465623774809467
0.5411278374671105
0.510603241453258
0.5955120057309092
0.6337325011567414
0.6482410169415308
0.656234584259153
0.6504609218186832
0.6580322412282373
0.6670320100963657
0.6698984705446149
0.6682003311625475
0.6685199740384697
0.674743945125418
0.6745285369434008
0.6784775256784402
0.6754557189962007
0.6778143297329775
0.667841353599094
0.6769471014084785
0.6813274730696485
0.685012844917593
0.6803745729172165
0.6801704259525876
0.684738730717059
0.6887220887639584
0.6867338377594818
0.6935978903315554
0.696387132822246
0.701711129568728
0.7148443445122273
0.7149033879216549
0.7117103839984734
0.7221518942538967
0.7265952370639677
0.7458832133965938
0.740371671864651
0.7473756398109358
0.7648201313033758
0.7666832548409294
0.777649624402433
0.7832659417269114
0.7859771132339664
0.7925063339732556
0.7884783130087776
0.7955565133213517
0.7865870396106861
0.7870620669157962
0.79695940382695
0.7966042648808425
0.7821148912558538
0.7958441995487211
0.7954443276605062
0.7955756745787509
0.7998875622508511
0.8017353886118168
0.7945698804436846
0.7950581487505853
0.800659875509629
0.8019916529233979
0.8014229073354208
0.7989527220609578
0.8070367165085984
0.8030998929439541
0.8058839918147183
0.8034395119081549
0.8032541633465491
0.8056546742149544
0.8061424650818867
0.8052205794298033
0.8081067485999487
0.809198220928814
0.8072197669924895
0.8096242692590307
0.8055390764498013
0.7975109806736629
0.8073182787726396
0.8106406561955296
0.8104665815830449
0.8022804086162968
0.8129866179560767
0.8132193349284158
0.8129829257536545
0.8112554015329974
0.8142524895566056
0.8137208887981711
0.8152403128512605
0.8139133416665069
0.8109797085976346
0.8080095036271815
0.8150032989192058
0.8142041662659354
0.8117462352839951
0.8132580521269211
0.8139310196770708
0.8149256226192775
0.809823113457077
0.8164280243460261
0.8146983102673809
0.8193230484361194
0.815885824420293
0.8159583571002949
0.8189796354156362
0.8137563912342226
0.8183166559096259
0.8184241753905135
0.8128737957086067
0.8167938643132925
0.8104660341185477
0.8177917456766154
0.8171436686634861
0.8148170336728606
0.8087552330285178
0.8183837139446566
0.8220320682803831
0.821976920781098
0.8194556557958808
0.8161327245426273
0.8101425207959482
0.8189061796850288
0.8187007659130169
0.8161528406799631
0.81092717110351
0.8154012164864833
0.8199439368345139
0.8191811596433719
0.8170656740702454
0.8175935189675949
0.812796966068889
0.823909324041002
0.8135971427242236
0.8169947965154674
0.820568854826242
0.8226313700263392
0.8206634643303837
0.8176264304960845
0.8242696129729021
0.8192733819476714
0.8205793521396809
0.8226294475347331
0.8203620214660575
0.8230524657126168
0.8224777807714325
0.821739849556247
0.8203224703390738
0.8211164721041502
0.8191208939876252
0.8199210324477624
0.8192210226978017
0.8179048161928693
0.8213868177118667
0.8244641665770989
0.8113057746325985
0.8173952922585744
0.8229423362265686
0.8243627646936733
0.8190692095195775
0.8230091077976183
0.8276318789136867
0.8217494874777427
0.8280923856778908
0.832254172589787
0.8296960110438104
0.8263406838972333
0.8241923122590822
0.831847692932409
0.8261083616086015
0.8319032542130003
0.8306677605261954
0.8166696598969753
0.8304800565940788
0.8266871843628455
0.8272166525560877
0.8333961962625083
0.8264071562725693
0.8329956304948725
0.8351825665507391
0.830366591394118
0.8326409116959372
0.8322150097806441
0.8248810162305908
0.8287740235378668
0.834782586442798
0.8377854292094922
0.8290515371109759
0.8374479873715475
0.8299445280961708
0.8227138652870153
0.8309625001333649
0.8330090943019819
0.8341226943819169
0.8344670368188718
0.8378858252860508
0.833321219089868
0.8315562126487573
0.8413171990707975
0.8246498143344182
0.8278774803993069
0.8362193688202876
0.8303881398513591
0.8372533382793569
0.8324769460790504
0.8379298388852727
0.8439661251377033
0.8429175842107979
0.8471140905571973
0.8460495203790859
0.8417568194278499
0.8463570426456765
0.851024998680356
0.8462724912102029
0.847425139513688
0.8449026013552217
0.8488058386095543
0.8429336389254692
0.8374137390111462
0.8521947266029779
0.8480388917760214
0.8487355658120694
0.8513324700200164
0.847182803717452
0.8499897114869739
0.8395933224914992
0.8493516861766464
0.8441028384811928
0.8493863928794171
0.8509898654645467
0.8552289530902627
0.844414937805614
0.8469837112506221
0.8526790353410741
0.8483149921268238
0.8452745971151472
0.8493072333326535
0.8433160110473752
0.8471913467099534
0.8524269152084187
0.8535118370609172
0.8539342186521767
0.8450055501441449
0.8504428083828681
0.8504813282395199
0.8543416404577586
0.8504792084060602
0.8522899599620115
0.8536816783723489
0.8577982867315002
0.8548463390654394
0.8578842259258154
0.8515053032885838
0.8536681636383096
0.8444106472117646
0.8486415483334888
0.8582310892458036
0.8559891584714413
0.8576551629607013
0.8522199227015779
0.8570805671416442
0.8460750666003294
0.8502897029337961
0.8575271581222356
0.850116220346872
0.8531859874654057
0.8561384253031674
0.8566154896854761
0.8534902440426123
0.8542587059523116
0.8514380733751642
0.8550124627109836
0.8582335401043079
0.8531800035511349
0.856033840486619
0.8546136730200303
0.8575272918054266
0.8610462471779797
0.8570220520991151
0.8537641418036939
0.8561915420911204
0.8533319758760151
0.8585844584810948
0.8567469639210454
0.8576232190438811
0.8587688394310311
0.8537655995870641
0.8563396694327882
0.8616725911237468
0.8484660859621624
0.8462092208655881
0.8592577570562889
0.8576170123242915
0.8566105497732696
0.8574571335935341
0.8565087404744043
0.860069144002082
0.8591575710533164
0.8603226455277128
0.8617280887456756
0.8595554376936638
0.8564511230190156
0.8590118691066879
0.8613871011202321
0.855455870758452
0.8555516706795816
0.856791773253548
0.8566610119949982
0.8565042461728347
0.8618693091224671
0.8611534738290199
0.8499431388095214
0.8608507641573109
0.8612274451947934
0.8611343189374869
0.8643795802566782
0.8568059309400783
0.8642075872824558
0.8595831546752972
0.8629706612757455
0.8583302949053743
0.8620467130829984
0.8658412659029205
0.8669532172234979
0.8573086561292227
0.8592914197569956
0.8687412553686851
0.8628374109634935
0.8612824462791551
0.8633275826644017
0.8589918548232118
0.861870836930366
0.8602453257162943
0.8650547440306826
0.864442825137828
0.8612428314935089
0.859649200537595
0.8643602089256932
0.8656026986995019
0.8558050257902885
0.8642516390768751
0.8631246006532958
0.8586534581053302
0.8661256100505111
0.8686685253468298
0.8681396810084796
0.8636778262593663
0.8544300623399097
0.8639763408252195
0.8635788752344453
0.865056208179919
0.8695874954321727
0.8552052275067654
0.8662255541505663
0.8676518774098145
0.868786618531551
0.8628448908563321
0.8644675883575234
0.8689529522506814
0.8630492096993496
0.8649663539778631
0.867746015839854
0.8656580881017044
0.8590374153279314
0.859425663144382
0.8662517878853645
0.866960346993693
0.8667970370610293
0.8688766891730595
0.8661271442242764
0.8644770544006304
0.8697970024561804
0.8688127695100878
0.8632858098500984
0.8682833204144443
0.8647836281531504
0.8671127458316118
0.8611388196049227
0.8651827297715498
0.8691122516876103
0.8656306066571224
0.8677268609483211
0.8638858945976025
0.8635742408838185
0.8664076624862533
0.8655416755056721
0.8674770643568452
0.8638936991496196
0.8641531909553875
0.8676244468921624
0.8576574419408173
0.8621293674903308
0.8725133621442254
0.8542608194199051
0.8627657631388997
0.860198008232491
0.8659600020401328
0.8679772686629564
0.8657003256242438
0.8649194566412319
0.8638692987843002
0.8721529777243316
0.8668705946454967
0.8589315764357327
0.8594240907754194
0.8690298200855965
0.8591651655317473
0.8569535808417779
0.8649481348686682
0.8745582311630897
0.8685271330916493
0.8654300309434574
0.8546535933672563
0.862973500452091
0.8711271502081905
0.866255327306997
0.8684918152657191
0.8655413699440921
0.8672575947521634
0.8677022568752819
0.8729987403478509
0.8668267974857273
0.8623484105819743
0.8631573721327279
0.8667010143345811
0.859017993070016
0.8608418392128345
0.8699927273797665
0.8587584185079872
0.8681222003397691
0.8678870516065245
0.8669503653154198
0.867372613223488
0.8673520514755149
0.8735053869106025
0.8710102219769922
0.8682186241157908
0.8620184868320655
0.8648102120105918
0.8571066480956524
0.8670883200028274
0.8697196571812968
0.8648574403722676
0.8710029012308098
0.8658410494634683
0.8686218826448484
0.8642431215478383
0.8667656660721712
0.8721036995537248
0.8721211802224351
0.8679169393485472
0.8605384674910364
0.8665536890920602
0.8590085779538389
0.8707771994430732
0.8730121659597627
0.8665603032270894
0.8730700380498011
0.8672743942731853
0.8629612716230333
0.8647894083597013
0.8644380380064113
0.8677240408695742
0.8716804649363887
0.8722096912267133
0.8637749375489423
0.8649860245045619
0.8686174456360752
0.8697761606100923
0.8678676993731378
0.8544850188632077
0.8703056160716022
0.8624473616068954
0.8696811054953139
0.8696570807161029
0.8593045971001239
0.8582735241101963
0.8716085433795461
0.8684285003600406
0.8716088935021897
0.8690041656446268
0.8680399915430741
0.8616738897604608
0.8700408915237803
0.8639645321433338
0.8670803244748232
0.8672965283901211
0.8745776470551389
0.8609616257179775
0.8665634925260783
0.8579842973431955
0.870434894083317
0.862624046224541
0.8699514383712976
0.8673176948953876
0.860114717238534
0.8661060604752711
0.8696276576823159
0.8713591223741788
0.8666803698303468
0.8657818851025821
0.8697125974356306
0.8652703431886872
0.8593848515758817
0.8586169434965458
0.870730760448812
0.8690845665353082
0.8605019019553217
0.8725703875740531
0.8724339797921432
0.8657853417679535
0.8741147849204242
0.865424269834505
0.8672972731964719
0.8569418740137524
0.8657521819706802
0.8714791826115702
0.8701333875603284
0.8752129286771148
0.8649479502585471
0.8726732345091164
0.8719262192027984
0.8753420730056384
0.8637068036825162
0.87226637926563
0.8505343495394794
0.8682488301511259
0.8635195198975718
0.8653178198191467
0.8735423598617568
0.8720229421745336
0.8588544412344352
0.8707969527260333
0.8706765360001322
0.8631077756688087
0.8708774045436447
0.8729486919074281
0.8762612658963
0.8577429737196927
0.8713530238743157
0.8723905709502148
0.8651213182598788
0.8723062614176585
0.8723851281345748
0.8706144178773081
0.8709503319073538
0.8740377643047189
0.873089867723156
0.8733867144320528
0.8687432478848199
0.870915707960844
0.8691757130082122
0.8707797967165013
0.8733422743197925
0.8647034564336538
0.8680165205942265
0.8570467134649504
0.8649987944322505
0.8698524300535805
0.8728094131198415
0.8683636576464634
0.8688935141575465
0.8699536218634198
0.8700235572699937
0.8733694183734636
0.8708304244507524
0.8582785467786642
0.871098153687442
0.8676291194379866
0.8664194775340051
0.8727115124628511
0.865905701201058
0.8659491418723179
0.8705306940044464
0.8662433085515253
0.8702973277137505
0.8721094224674795
0.8715785792471284
0.8747683302126584
0.8707246492172162
0.8731268024791128
0.8632568133293498
0.8651948249174162
0.8727064388674532
0.8700382496892884
0.8703410994100548
0.862526081908888
0.8737814681638063
0.8700668706239285
0.8687854535780282
0.8769015319915463
0.8650783741261862
0.8767990606425914
0.8708880228085423
0.867270632046234
0.8727557806967227
0.8724695458868573
0.868129635671544
0.8748156413305954
0.8711833862706039
0.8692707872205898
0.8693172134831186
0.8654309603599291
