0.5301333386498869
0.5448182450270458
0.6117924661957586
0.6426585404598913
0.6569359804470496
0.6577947747937409
0.6895924425789781
0.7075943078174237
0.7109113051425219
0.7317878274600589
0.754904341141188
0.7682552648303959
0.7841217666839029
0.7866787831947504
0.7959325416540644
0.7933462605930939
0.8080604635735522
0.8010066556497761
0.8052259306607736
0.8103661062532029
0.81110548969625
0.8225705455155747
0.8275542823748941
0.8264752378313641
0.8275085553133333
0.8304993089976215
0.8245095447307847
0.8154813444743337
0.8283193981080164
0.8317813527184107
0.8400773238008041
0.8308849792276186
0.8347462843637297
0.8367428574945261
0.8439600019949897
0.8383143157563543
0.8446279837821185
0.8356077647666098
0.8393416392943226
0.8441948427977601
0.8423762353133948
0.8426380264269465
0.8474999483943859
0.846897643565857
0.8509663007005928
0.8506773990103774
0.8444624419468895
0.8496880777184395
0.8448562408624407
0.8473849672397306
0.8532600516517707
0.847794927366861
0.8531554172624818
0.8525098919307924
0.8490738298763554
0.8410666771459185
0.8503245576437274
0.8476208337441481
0.853465595851242
0.8539965823621114
0.8566949662024896
0.8578284242184057
0.8500339955989706
0.8523847627404646
0.8566547010022004
0.8524841275875408
0.8496065280268488
0.8550901854583969
0.8577387586625312
0.8502181667403675
0.8487045324089026
0.8514612722623734
0.8554519632506485
0.8569250118500592
0.8507971945521395
0.8552031280310285
0.8497239452229164
0.8528541302248762
0.8582174984957444
0.8583148439927025
0.8560790067207819
0.8555527961332074
0.8567238845783065
0.8563198863420005
0.8517719637019573
0.854017461801268
0.8523914362118068
0.8559462681063585
0.859761089725944
0.8548742816722887
0.8542749065040895
0.853979857014626
0.8507074648899121
0.8612498315605577
0.856027529319361
0.8513421562479526
0.8586385233793946
0.8616309887033067
0.8549990454564047
0.8559260169094609
0.8589373679649529
0.863439108388329
0.8517682583547567
0.8626713194202889
0.8604026148212094
0.8585280296694457
0.8596513588815953
0.8593946834550095
0.8568753486584272
0.8616238536662232
0.8571216068026586
0.8598051564329634
0.8512682480336338
0.8572057592121792
0.8585561338945802
0.862040743690108
0.8609419608005037
0.8621674498967182
0.8590679782484578
0.8610061825448915
0.8544474231105197
0.8609562693384828
0.8586326255949229
0.8557522374078776
0.8496612620309993
0.8374956904504227
0.8557301720011913
0.8587385357006356
0.8631353340242289
0.8608857074757881
0.8623932773462637
0.8593212816808788
0.8643124035920584
0.8645049662550568
0.8592466106009599
0.8471502995241129
0.8579554701886869
0.8573119193326684
0.8610395050271561
0.8590720425912353
0.861033337996002
0.8609615004168836
0.8506533911811968
0.858705104237571
0.8633618538223862
0.865057030934777
0.8569543148639938
0.8651811023702812
0.8646839832456765
0.8589045519228765
0.8634315438386809
0.8629342195737466
0.8643335843310739
0.8612048160795145
0.8611050281305088
0.8631172047476139
0.8619048702750252
0.8595287939453857
0.8601909741075723
0.8566438542072807
0.8581856889234095
0.8671750663725125
0.8643329304462738
0.8678520038171486
0.8648873285972414
0.8632340834503167
0.8658803231832035
0.8662625316701411
0.861911030895544
0.8641054041783751
0.8619162812058508
0.8601939999274317
0.8613690116813314
0.8609932715254068
0.864733197692838
0.860901298140826
0.8615950250393004
0.8666937879277223
0.8597188692818896
0.8667106158453723
0.86954979646874
0.866950014609838
0.8663205030451158
0.8619106590786969
0.8658531420895518
0.8656950878763476
0.8522942894445429
0.8623164074184385
0.8305382536070401
0.8524577221807599
0.8585839175879497
0.8553521240165604
0.8594450389952535
0.8641993712705327
0.8629719653943649
0.8586928919773335
0.8474639719091089
0.8605643038646258
0.861618468732575
0.8655781386566564
0.8620683286537834
0.8663959946863525
0.8642808696770412
0.8635932328820972
0.8632131847792542
0.8661464991712972
0.8639232139232844
0.8692864411601762
0.8599189964945363
0.8647352555067678
0.8585269462720809
0.862891537563951
0.8667444832316371
0.865726320491506
0.8591659904514868
0.8629317130153461
0.862211324284679
0.8672554044540324
0.8653661068942664
0.8656136792187333
0.8632083639815123
0.8683924588363492
0.8678032124719167
0.8640558884313548
0.8629772157046719
0.8610667053527138
0.8643112753202465
0.8564608818546838
0.8593898690679025
0.8606915485646012
0.8610236707579768
0.8645563282650424
0.8597261132997733
0.8633863360385787
0.866064096865212
0.8635105613293298
0.8622168117884916
0.8663944625445171
0.8617837861955687
0.854535062905641
0.8713931554159803
0.8628297775035165
0.8631776955022598
0.86386438352318
0.8604933124893663
0.8679708954593341
0.8586369848269237
0.866419367862639
0.86043650143938
0.8686916944706603
0.8680173212801425
0.8661603974286174
0.8668080510912247
0.8725213503003191
0.8598861163461071
0.8696698933103612
0.860876540267316
0.8630385847163532
0.8660216520489226
0.8697323521300426
0.8620765022137848
0.8679002759009218
0.8570500000064106
0.8665930960791401
0.86908252526207
0.8595788802389474
0.860538642091539
0.8583595453526164
0.86063268611132
0.8677768327076767
0.8683087744032052
0.8658148577755685
0.8682795611381647
0.8693873573809939
0.8598930077790493
0.8604383669342509
0.8648710391729563
0.8651079442002919
0.8653736393907383
0.8679969931556212
0.8604607272301608
0.8608241205025066
0.8697118829715448
0.8659509170990747
0.8653318292273428
0.8653853323895169
0.8686025161230682
0.8670698934898587
0.8691002570792967
0.8673095550903713
0.857300078889278
0.8691715689863208
0.8654764531596033
0.8669086083164659
0.8670701499152706
0.8627272393919692
0.8696313141071543
0.8676894878017789
0.8654279374716891
0.8666729084885658
0.8674952776055098
0.8574990265450304
0.8653998845316371
0.8605627076164375
0.8659579880298054
0.8703041872090133
0.861247344234063
0.8682675668395272
0.86191539653818
0.8666006285756119
0.8685219472586777
0.8595720849655346
0.8651436834920628
0.866891934254063
0.8663195350391864
0.8545720843244711
0.8679827743665363
0.8655555860416878
0.8677918464155381
0.8713824817082139
0.8672255308935567
0.8685392687952453
0.8664653128858001
0.8716839033691608
0.8664972378495704
0.8678640301689625
0.8714429660522244
0.8671684057224408
0.8693036601265793
0.8690347916716614
0.8698895537287523
0.8668217634401213
0.8538409064946019
0.8670479114214316
0.8671811180122313
0.8692954352814954
0.8723645012865505
0.8728011424777798
0.8699509035085279
0.8588830955265432
0.8678404454417114
0.8549391252483
0.867973581515523
0.870811685152161
0.862147858995256
0.8667333479581292
0.8669448348165194
0.8665274447630815
0.8700496465239804
0.8696701561464082
0.8694965369107073
0.868449584007465
0.8690827047598583
0.8682637461008913
0.8581502958059444
0.8666131357250729
0.8653422080458859
0.8634353132922343
0.8585666793896408
0.8700996879430951
0.8671833617345847
0.8737550193671704
0.8643422771525343
0.8680343863912984
0.8635676800898106
0.8719903894319908
0.8699618144098004
0.8719341873923576
0.8714958602040455
0.8680291489022619
0.8655243534265293
0.8649241641076479
0.8615469132214097
0.868755909804413
0.8653223735402824
0.8625113227845901
0.8669020758791
0.8693936590354892
0.8570452497256569
0.8669979084661287
0.8610224014521884
0.869361778946166
0.8714277472040335
0.8675198303386905
0.8676871479198963
0.8686528075569595
0.8647400634832393
0.8718933003604443
0.8728185345313358
0.8740620375127299
0.8714312794640813
0.869378388902216
0.8639491321217829
0.8690616650548194
0.8710755597221836
0.8688561336766186
0.864772257693692
0.8686316524604851
0.8694733752853854
0.8634546670001907
0.8713776288572953
0.8672305440103574
0.8695428793932564
0.8754296055189928
0.8689654478296731
0.8703988979348651
0.866661189847246
0.8693512013979288
0.8720709198325696
0.8678449200651474
0.8684426733426167
0.8694777024642099
0.8653318420486134
0.8701819235726622
0.8654631318594599
0.8675832892174781
0.8701357541772662
0.8613580751375177
0.8672257680870626
0.864705163984692
0.8733147561669992
0.8632364233321995
0.8619351156523481
0.8666371691967949
0.8712762831239129
0.8629669779201053
0.8666659850024471
0.8599499021672947
0.8684496096500063
0.8697475645675984
0.8684567382764548
0.8650448122639044
0.8688342157145441
0.8721637907060917
0.8698959964172241
0.8688827185811879
0.8696389171206145
0.8706908510874809
0.8705167510541327
0.8738114778322155
0.8663511138286507
0.8710725787767714
0.8700232475278347
0.8680354185035809
0.8500718055259421
0.8713639036871282
0.8693125196245574
0.8686226903923424
0.8637806542155889
0.8589436632088128
0.8702067199099843
0.864025995638973
0.8685889704506895
0.8671830540240905
0.8700610318122648
0.8519201711793479
0.870853764562239
0.8720712403643344
0.8586775064526249
0.8712301137285164
0.8585486975576376
0.8701333886528422
0.8639140723573536
0.8649161572241642
0.8662715065595542
0.8702811730283034
0.8694740163489151
0.8704989358986475
0.8676719739461525
0.8672667705104109
0.8690793135337871
0.8611396583823736
0.8720179231105839
0.8633124150029894
0.869632807785178
0.8714488894792372
0.865981931752633
0.8722143129228535
0.8667301682830229
0.8693448356370805
0.8620545650198044
0.8697727775962144
0.872801341207474
0.8727639415611614
0.8702885516695281
0.8718549198869316
0.8686514805554533
0.8706301167286937
0.870530456992394
0.8718751518519237
0.8700996943537304
0.8707164551648502
0.862400168779206
0.8711207098265679
0.865804318691143
0.8706248984715635
0.8665652995644999
0.8688342541783559
0.8744004421286949
0.8678745115576703
0.8665946025784345
0.8619880803211575
0.8715909555680151
0.8696751500313031
0.8683634250690971
0.8572820265402865
0.8645764640705047
0.869618800547058
0.8664815446143677
0.8677154380534542
0.8757362454370701
0.8706262254730697
0.8670045434736592
0.858050687354727
0.8737649173880662
0.8729979553919788
0.8742593440458469
0.8615667349057426
0.8671182040374438
0.87047044062476
0.8700856230092573
0.8728660758026852
0.8715291890969453
0.8675848982869372
0.8691467341851872
0.8703797685991441
0.8725463389566998
0.8715010912824462
0.8681749395701464
0.8719593683677971
0.871767639087387
0.8682056593344812
0.8731318992058376
0.8699587565367646
0.8734829520052403
0.8744991723228772
0.8718323416294219
0.870574510878143
0.8735657133069018
0.8694766382987507
0.868028059094262
0.8742792811216149
0.873248508661858
0.8662805647872265
0.864804265995721
0.8596786745985885
0.8686057727257982
0.8715177781661197
0.8708224101450098
0.8720622334217445
0.8666183155183915
0.8724071768857108
0.8677354456462106
0.8682222885224372
0.8675231446371381
0.8724276845080203
0.8720841513838189
0.8685904384861719
0.873012808833958
0.8698841623844692
0.8702959431320235
0.8663744485411253
0.8698308579519893
0.8668627850953754
0.8731582982019835
0.8728225091252189
0.8693101733320393
0.8752706153530356
0.8721304618131919
0.8735156526558813
0.8714910906913859
0.8685801622377938
0.8684527636825715
0.8693309502010311
0.8766953085304144
0.8637455431660769
0.8702593640470291
0.8703844675948156
0.8680752157274936
0.8710337623800586
0.8697469940210568
0.8748472057130556
0.8756086225096125
0.8700938222117999
0.8661155358028211
0.8729178993784119
0.8728917247545015
0.8739505245117692
0.867513432524666
0.8741738069391023
0.8730845758960882
0.8742918203242525
0.8752089322202248
0.8694172245308344
0.8721815673977655
0.8696651622615132
0.8660532308383867
0.8702055018892785
0.8675579928506032
0.8652540618105761
