0.5466208907446868
0.5529571577447334
0.5856432911439258
0.6376982043815465
0.6570887075210229
0.6814534062633817
0.6920170761483388
0.7005279323744192
0.7081782548735434
0.7133201104544343
0.7243304736943205
0.7186881908587277
0.7326313337558018
0.7367179946661765
0.7387742161519507
0.750786346484099
0.7476640240053964
0.7569009005214484
0.7609477332526686
0.7577598962591122
0.7625420091245523
0.7526762864386997
0.7624622442773716
0.7640306168358135
0.7640706173208226
0.7668710660818479
0.7607634170420701
0.7654192871515353
0.7681166268129608
0.7700724960928053
0.7687301760519114
0.7672611027191779
0.7666311333704748
0.7723032187371768
0.7732660319429526
0.7674167459592682
0.7731992474701352
0.7620811037274862
0.7730533427016664
0.7706326305168985
0.7703563157434583
0.7710916979848511
0.7752615953862874
0.773532129617398
0.7733603853524708
0.7710321758847107
0.7739793143630969
0.7705274218385546
0.7772770569649536
0.771538799768472
0.7760076031553669
0.7767322386168052
0.7779675120502418
0.776191045073297
0.7758711688271908
0.7746121490943413
0.774704664574746
0.7741543260575591
0.7726414423659252
0.7769054379089473
0.7778528712217951
0.7797914971528053
0.778676576167803
0.7799305288321939
0.7783226918514008
0.7818680060575081
0.7820813015601339
0.7800964848967538
0.7802731303059833
0.7824200421064454
0.7807732384757697
0.7810691961166089
0.7814032780231541
0.7671714717664094
0.7799226601981772
0.7803106738371428
0.7739262633050433
0.7783872172030165
0.7670078896936211
0.7779517939273034
0.784262865982421
0.7805540143754137
0.7775793452505169
0.7808620844796459
0.7786841065718092
0.7823931751565589
0.782501715081421
0.783598429081144
0.7791791285280423
0.7812012781265376
0.7786125102984657
0.7798425826477795
0.7827631285893064
0.7834132385778768
0.7789707788416068
0.7803955121344803
0.7829425436556028
0.7855954922235815
0.7796511253167715
0.784443078761006
0.7827096754842592
0.7825033232693952
0.7662551939047124
0.7840835019697111
0.776207146098134
0.7841036489912767
0.7846136998470307
0.7838536651050649
0.7864897340810131
0.7854219291746357
0.771016119531762
0.7846813713759133
0.7806618714585563
0.7845401635374009
0.7848549790967473
0.7862810142560759
0.7798669160634366
0.7847799239429195
0.7867241338599512
0.7859645968904538
0.7820389526101466
0.786610035475861
0.7863575308188165
0.788456879821772
0.7879537339635898
0.7874482396404295
0.7841949519490026
0.7875393830556976
0.7884911750684915
0.7748065483882702
0.7875721977484093
0.7862713842733257
0.7812218144317001
0.7800518640621679
0.7895813542091449
0.7884232035997883
0.7897533537420045
0.7871231176383122
0.7866621548059614
0.7868243775770096
0.7834035064879536
0.7802563272943321
0.7846272226657502
0.7901843417373918
0.7915849649740487
0.7836017348008688
0.7863187556198831
0.7899688317854524
0.7897201433839975
0.785014393920539
0.7881702841323538
0.7844403856843191
0.7868831657818441
0.7883648429687407
0.7853153675762501
0.7886529575023564
0.7840056963039118
0.787803202463846
0.7804291819747655
0.7742937278754497
0.7845083060994357
0.7898990862046189
0.7900402302261483
0.7901994727440855
0.7810635164051127
0.7857040130033484
0.7818677507895756
0.7842750614078919
0.7879344229445029
0.7870254585090694
0.7910528525872363
0.7909635024291934
0.7875236521693626
0.7892887724867117
0.7824589321759485
0.7905073513973686
0.790379117551521
0.7819423145526332
0.7897726200892035
0.787137840216314
0.7863368222077995
0.7890434982938529
0.7855085032939136
0.7877018483312817
0.7859674176011069
0.7830169989297892
0.7896933785412842
0.7755346746386843
0.7882481599968347
0.7861651226147603
0.7774467399413267
0.7921255331111225
0.7859487702786441
0.789225006557195
0.7902020381868063
0.7896660265823261
0.7825230873890621
0.7865907116933771
0.7912039329130347
0.7923457974283032
0.7876548279781312
0.7798693028186048
0.7877399598335908
0.7893761443182783
0.7881815797383631
0.7884630062521498
0.7894274021191067
0.7803723593330104
0.780350450962711
0.7919312103975734
0.7833781520005667
0.792767953153229
0.7915239048846157
0.781731022903277
0.7877210125713074
0.7946703629463281
0.7922154959122032
0.7806642773588194
0.788945054215718
0.7819455628370734
0.7725346765531935
0.792962167377907
0.7816614751550912
0.7927376337045569
0.7902130657614865
0.7916135294556859
0.7889494894960436
0.7863864909657489
0.7914437635172347
0.7874748704674785
0.7864208627928482
0.7893528830279373
0.7899982514146631
0.7816453549851594
0.7888073818380694
0.7885256362393673
0.7918696206271807
0.7922789746652958
0.7860098367497755
0.7904087413950777
0.7882042922026495
0.7912173982964694
0.7905125397180949
0.7770382729592764
0.7885349471372022
0.7912440035967252
0.7889622401292677
0.7873341604014343
0.7900596752608997
0.7860697162250212
0.7939432258591521
0.7926523869785274
0.7868619083447725
0.7886989823105705
0.7919341140703046
0.7879312257136493
0.7932112131544671
0.7750024346179054
0.789888371333156
0.7930843577554546
0.790532571869091
0.7901141558193749
0.7906078120921696
0.7892770493069157
0.7942245821742574
0.7907168944613878
0.7897350063593623
0.7896514124931955
0.7904044082219248
0.7892572149885672
0.7853036124879625
0.7637060117512593
0.7905032862555448
0.7931103312675776
0.7912852485129047
0.7947418124406104
0.7957396228799202
0.7878189716403708
0.7937722218712289
0.7954106208052298
0.7946622390443789
0.7800980037409515
0.7924023584204276
0.7850748413669342
0.7943845968776901
0.7925946517539142
0.7945349943617694
0.7903525633048518
0.7951342549782033
0.7932820946775998
0.7876698122057638
0.7858956936937971
0.7879366310121182
0.7910343775706279
0.7889418761299595
0.792932390373591
0.7915078421499686
0.7916652722655858
0.7898571839735133
0.7945519058622919
0.7940978352641161
0.7911842262286524
0.7916980486681077
0.7907064540029523
0.781457260809161
0.793093419767055
0.7876447129863093
0.7838946483716138
0.7787059319800302
0.7893164754390769
0.7941617352092974
0.7914058498475731
0.794085122921082
0.7918192243556239
0.7922302759254898
0.7934705270836085
0.7756700368415442
0.787657393420852
0.7931504083329664
0.7921625661064174
0.7948350107627341
0.7924544075518465
0.7890298542228655
0.7872878484167962
0.7913809803692579
0.7851399155446044
0.7939299200181751
0.7897977958890375
0.795335023207046
0.792726491259307
0.7884546015554752
0.7930085814697178
0.7848684317167854
0.7902327150105841
0.7895135039927096
0.7923385605824192
0.7923755169973344
0.7928512470795752
0.7916072179560569
0.7935531956035203
0.7921099043319606
0.7855570105827703
0.7920739115534904
0.7885091459309336
0.7890775191275453
0.7923780441498652
0.7894863115762092
0.7886547124693918
0.7928196066193528
0.7905374411049018
0.7889130691437866
0.7891360839729391
0.7878710590619797
0.7912871566406996
0.7918157527117431
0.7858902245783452
0.7890113217709724
0.7868624763159222
0.7877338078764197
0.7910242753422025
0.78901151960362
0.791126491004039
0.7906182142604153
0.7846742621639955
0.7943661665329702
0.7858244101236709
0.7936068018693271
0.7845026774415262
0.7927386292494931
0.7854045645735335
0.7935596283554173
0.7862689017926828
0.7896181000280156
0.7920041468275619
0.7851991377049243
0.7895462165782481
0.7917113162188949
0.7956842297385864
0.7895108172977208
0.7876633028734872
0.7693046756789012
0.7939669402500731
0.7911454446480206
0.7888023083879128
0.7903783708928187
0.7922237091579285
0.7946300689031967
0.7880115840587728
0.7939233660140104
0.7883949262945753
0.788146040060473
0.7914145481023702
0.7905195978764259
0.7951485053105303
0.7860467038209141
0.7837292730416003
0.7898279621769504
0.7838307420447344
0.787849533593579
0.7850414204128832
0.7915486658740598
0.7926593111211941
0.7931794195334851
0.7929161680964861
0.7918464103904259
0.7894683279503708
0.7900084110783729
0.7937498157284613
0.7933300850488934
0.7928058093876058
0.7915940269856495
0.7868106569256423
0.7948242831278746
0.7936131388957492
0.7781402390967088
0.7947258709582312
0.7924842164646541
0.7899378294950609
0.793046527047871
0.7885708824803874
0.7915051490732817
0.792151825708161
0.792225342872696
0.7834200797584654
0.79089972373628
0.7947096167726349
0.787266188932731
0.7901063318572467
0.7907170731489406
0.7919247010652969
0.7945709360866532
0.7897294925720223
0.7878962667703054
0.7917843930462463
0.7827358851192198
0.7904660554276025
0.7923410813532519
0.7913227282270813
0.7918813055167867
0.7896556818493651
0.7931876965961937
0.7854378004583337
0.7863782011396436
0.7936460748407288
0.7892434879555017
0.7904031637907543
0.7907249226378622
0.787334587975221
0.7931025264505441
0.7894321309575547
0.7891287705466755
0.7932992231558647
0.7929136345622569
0.7887633353563317
0.7888328384326294
0.7932921394707402
0.7813213370168497
0.7925424749885289
0.7724430417471558
0.7933742336378042
0.7832304220663812
0.7887783514924559
0.7941708929463727
0.7944183305349587
0.7924203484279644
0.7919599663301597
0.793195724772668
0.7901226179513344
0.7943432562360361
0.7854381450700424
0.7938843993641275
0.7937191261412869
0.7952086017635185
0.7955140808982368
0.7936846904972046
0.7943096119225441
0.7944290900783099
0.791312051645808
0.7865818985680106
0.7935156903625507
0.7894449773162534
0.795699131004141
0.7876020385697082
0.7881185030322639
0.7951393603368515
0.7437551955001368
0.7833458606071164
0.7915036174656871
0.7900080664666642
0.7888269289799941
0.7618269781190711
0.7857314032524962
0.7909231190422858
0.7897550895639448
0.7854809854107995
0.7849510236563175
0.7937840471581977
0.7887852373449328
0.7904279183985001
0.7855420965538191
0.7940414976314327
0.7928072005978375
0.7902439659447053
0.7894673515505294
0.7934505268411041
0.7910980477746701
0.7941909250973689
0.7938207100149905
0.7907869591271369
0.7916141995340085
0.7936708868837592
0.7889116204982702
0.7860951026208997
0.7912473795151312
0.7886258352845377
0.7926567520601717
0.7876856069090818
0.7920057805423295
0.7929839736410333
0.7869091137671739
0.7905807473096355
0.7931341286205766
0.7918946751747469
0.7917359751011659
0.791908989324057
0.7938175702194219
0.7895003896026818
0.7918338703532461
0.7880697021852849
0.7960380949098935
0.7871465703796026
0.7913486506856177
0.7837646659404293
0.7931286467417282
0.791409200239186
0.7906525605607216
0.786242232675444
0.7779053925988892
0.7941221048627902
0.7891092042596561
0.7947483281545852
0.7926327249660334
0.7904140318229769
0.7860562891317763
0.7828178388889208
0.7859623250058553
0.7932428536146895
0.7938560965321214
0.7894668984499493
0.790480873731079
0.7939283947922788
0.7891191086554337
0.7951195004917098
0.7929759837547488
0.7851303685239324
0.7846128957530436
0.7914641019897497
0.7885686552676772
0.7908158682204826
0.7879383093987739
0.7947371984727319
0.790455410754821
0.79344060968193
0.7936163169815078
0.7872112680370726
0.7911117811894337
0.789642516405751
0.7900851956724427
0.7929841714736808
0.7933633400787885
0.7914709686971316
0.7872908159065106
0.7917270024333417
0.7874492351853659
0.7913680319033862
0.786297325876957
0.7926856675352157
0.7902005640144967
0.7930214661186065
0.7913387335264436
0.7929995896567987
0.7940942040777775
0.7845046302412091
0.7913161997497098
0.790369059994984
0.7915316586480627
0.792281259313291
0.7912847698855315
0.7868293489199933
0.7929144514196407
0.795025293861253
0.7877961187787217
0.7941837265416748
0.7954065684268029
0.7909772677524487
0.7905136054617128
0.7908161490152082
0.7895583992403226
0.7920027109454423
0.7925695461527613
