confusion matrix:
[[391.  62.]
 [145. 199.]]
confusion matrix:
[[405.  29.  19.]
 [150. 172.  22.]
 [115.  16.  82.]]
confusion matrix:
[[381.  34.  36.   2.]
 [144. 179.  13.   8.]
 [106.  14.  82.  11.]
 [ 75.  11.  20.  61.]]
confusion matrix:
[[396.  41.  13.   2.   1.]
 [143. 188.   9.   4.   0.]
 [112.  18.  36.  47.   0.]
 [ 78.  19.   5.  34.  31.]
 [ 19.   2.   1.   2. 104.]]
confusion matrix:
[[372.  77.   2.   2.   0.   0.]
 [164. 172.   3.   3.   0.   2.]
 [149.  48.  11.   4.   0.   1.]
 [108.  33.   8.  18.   0.   0.]
 [ 20.   1.   0.   0.  99.   8.]
 [ 38.   4.   3.   0.  11.  54.]]
confusion matrix:
[[406.   2.  11.  27.   0.   1.   6.]
 [166. 144.  15.  18.   0.   1.   0.]
 [142.   5.  52.  12.   0.   1.   1.]
 [ 89.   2.   1.  75.   0.   0.   0.]
 [  7.   0.   1.  11. 103.   6.   0.]
 [ 13.   1.   0.  24.  14.  54.   4.]
 [ 48.   2.   1.  10.   0.   7.  10.]]
confusion matrix:
[[327.  83.  21.  13.   1.   2.   6.   0.]
 [108. 213.  13.   6.   0.   1.   3.   0.]
 [ 83.  36.  74.  19.   0.   0.   0.   1.]
 [ 63.  61.  16.  25.   0.   0.   2.   0.]
 [ 12.   2.   1.   0.  99.   5.   4.   5.]
 [ 14.  11.   8.   3.  12.  27.  10.  25.]
 [ 31.  33.   5.   7.   0.   2.   0.   0.]
 [ 20.   0.   2.   1.   3.   7.   5.  63.]]
confusion matrix:
[[439.  13.   1.   0.   0.   0.   0.   0.   0.]
 [171. 167.   4.   0.   1.   1.   0.   0.   0.]
 [167.  30.  15.   0.   0.   1.   0.   0.   0.]
 [103.  61.   3.   0.   0.   0.   0.   0.   0.]
 [ 22.   3.   0.   0.   0. 103.   0.   0.   0.]
 [ 35.  33.   3.   0.   0.  39.   0.   0.   0.]
 [ 73.   3.   0.   0.   0.   0.   0.   2.   0.]
 [ 40.  10.   0.   0.   0.  49.   0.   2.   0.]
 [ 47.   1.   1.   0.   0.   0.   0.   0.   0.]]
