0.799199021569216
0.8588366600657951
0.8936972628776061
0.9142748072999518
0.9249596536360571
0.9385612652512901
0.948789329166135
0.9535181433574543
0.9595790282830812
0.9661494173441649
0.972162318576184
0.9765426378710061
0.9773178499442942
0.9816637383388196
0.9840841799110394
0.9843771667777084
0.9880317728322258
0.990118877321784
0.991672524349574
0.9924301582380748
0.9914605460788296
0.9934542512140119
0.9953671917163891
0.9955368488059367
0.9956919323091198
0.9956220561355543
0.9963680696754561
0.9971431148266094
0.9975614216958508
0.997916477916253
0.9976546669682566
0.9976838526614784
0.9983296230394867
0.9984303541276196
0.9986772448048181
0.9985466410746785
0.9989259459451685
0.9984833454852647
0.9991382323798536
0.9992349701769208
0.9993024323996171
0.999074635046581
0.9992627948127379
0.9994279193243238
0.9995586065155307
0.9995051657521389
0.9995956118687492
0.999560699462295
0.9995112648301329
0.999437331164681
0.9996709964727556
0.9996165156560636
0.9996329895867296
0.999704945866895
0.9997941721679066
0.9997740901511011
0.9998030447213675
0.9998252582054299
0.9997008755348441
0.999763522695966
0.9998406150418107
0.9997439029250715
0.9997090547194384
0.9998043415779513
0.9998397033901526
0.9998749881613685
0.9997774927946135
0.9998701987801227
0.9998924764650062
0.9999265927812802
0.9999294047772396
0.9998958919486829
0.9999399080315535
0.9999039170513065
0.9999275557935952
0.9998954168626076
0.9999102215719279
0.9999329358223941
0.9999041610144265
0.9999602083311505
0.9999247951582925
0.9999686956796854
0.9999030952807979
0.999892399424021
0.9999648564705902
0.9999449670562476
0.9998850420099356
0.9999747562371868
0.999974512274067
0.9999366209495189
0.9999752441634263
0.9999747433970226
0.9999767464626376
0.9999904982784935
0.9999513357776897
0.9999804957905832
0.9999830509832587
0.9999857987783971
0.999972367966646
0.9999589499950591
0.9999841423972154
0.9999756165281881
0.999919055604896
0.9999853622128143
0.9999752570035906
0.9999898177497909
0.9999535057654392
0.999984373520171
0.9999958012663073
0.9999166159736984
0.9999908064424343
0.999995903987621
0.9999952106187542
0.999983654470976
0.9999761814954127
0.9999811377987932
0.9999777479954449
0.9999958783072924
0.9999922959014813
0.99999143561048
0.9999862867046366
0.9999967771187863
0.999989560946507
0.9999957627458147
0.9999773884708474
0.9999957370654862
0.999994748372843
0.9999955958236801
0.9999957370654863
0.9999944273687382
0.9999967129179652
0.9999888932579688
0.9999737161838869
0.9999730356551844
0.999994876774485
0.9999962249917258
0.9999916025326145
0.9999984206598036
0.9999855933357698
0.9999881870489379
0.9999959296679493
0.9999940164834836
0.9999907807621059
0.999996764278622
0.9999929764301837
0.9999981638565197
0.9999945942908727
0.9999928480285417
0.9999949923359627
0.9999602982122999
0.9999905239588219
0.9999954802622023
0.999997149483548
0.9999988058647296
0.999996302032711
0.9999964047540246
0.9999967000778012
0.999996109430248
0.999996828479443
0.9999984720204605
0.9999985619016097
0.9999955187826949
0.9999836159504834
0.9999981638565196
0.9999964561146814
0.9999984206598037
0.9999943631679171
0.9999896123071639
0.999998125336027
0.9999951720982615
0.9999916795735997
0.9999954289015456
0.9999986004221024
0.9999942476064393
0.9999858501390538
0.9999978043319222
0.9999980996556987
0.9999959681884418
0.9999956215040086
0.9999930406310047
0.9999986132622667
0.9999972265245332
0.9999879816063107
0.9999983692991468
0.9999993323114617
0.9999971109630554
0.9999993066311333
0.9999989342663715
0.9999891243809244
0.9999961222704121
0.999995390381053
0.9999994350327752
0.9999950180162912
0.9999993066311333
0.9999989984671925
0.9999981638565196
0.9999986004221024
0.9999934258359306
0.9999983949794753
0.9999927581473923
0.9999991140286704
0.9999984848606247
0.999998831545058
0.9999988829057148
0.9999964946351739
0.9999981253360272
0.9999982408975048
0.9999984206598037
0.9999987416639087
0.9999978428524148
0.9999912301678529
0.9999980482950419
0.9999931433523183
0.9999985747417739
0.9999993836721184
0.9999888162169835
0.9999985233811173
0.9999994607131036
0.9999983307786543
0.9999971366433839
0.9999951849384258
0.9999982794179976
0.9999995891147456
0.9999974191269962
0.9999917566145848
0.9999984463401321
0.9999957499056504
0.9999992424303124
0.9999994221926111
0.9999987416639086
0.9999991268688345
0.9999977529712654
0.9999916410531071
0.9999946328113652
0.9999982794179975
0.9999970082417419
0.9999986132622666
0.9999978043319222
0.9999963277130395
0.999999088348342
0.9999993323114617
0.9999979327335642
0.9999971623237122
0.9999997817172086
0.9999993965122828
0.9999992552704766
0.9999946970121862
0.9999993579917901
0.9999978685327431
0.999999678995895
0.9999566195052572
0.9999989856270283
0.9999975090081455
0.9999951078974406
0.9999984334999679
0.9999980868155346
0.9999974961679815
0.9999980226147136
0.9999995762745815
0.9999986004221024
0.9999994478729395
0.9999982537376692
0.999990331356359
0.9999900231924181
0.9999983821393111
0.9999840139955736
0.9999990883483418
0.9999926169055862
0.9999994735532679
0.9999993323114617
0.9999868516718613
0.9999990369876851
0.9999997817172086
0.9999928480285417
0.9999952362990826
0.9999984591802962
0.9999973035655184
0.9999985490614457
0.9999974961679814
0.9999994350327753
0.9999982280573407
0.9999972522048617
0.9999992681106407
0.9999996019549098
0.9999939779629912
0.999998703143416
0.999999678995895
0.9999973549261753
0.9999985619016099
0.999999678995895
0.9999989342663717
0.9999996019549099
0.9999993708319542
0.9999982023770123
0.9999966101966519
0.9999994478729395
0.9999966615573086
0.9999979198933999
0.9999954417417096
0.9999995249139246
0.999999678995895
0.9999985619016099
0.999998125336027
0.9999974319671604
0.9999914741309726
0.9999978428524148
0.9999995634344173
0.9999986261024308
0.9999997175163877
0.9999986004221024
0.9999996661557309
0.9999991011885061
0.9999987930245654
0.9999986646229234
0.9999949152949776
0.999999743196716
0.9999985490614457
0.9999995120737605
0.9999987416639086
0.9999993836721185
0.9999975090081455
0.9999982152171765
0.9999996661557309
0.9999995505942532
0.9999989214262074
0.9999997431967161
0.9999997817172087
0.9999988829057148
0.9999988187048938
0.999998831545058
0.9999994607131036
0.9999991268688345
0.9999991397089987
0.9999998459180297
0.9999998587581939
0.9999994735532679
0.9999994093524469
0.9999996918360592
0.9999976117294591
0.9999994221926112
0.9999990883483418
0.9999997817172087
0.9999995249139246
0.9999995634344173
0.9999992552704765
0.9999998202377012
0.9999971880040407
0.9999992809508048
0.999999743196716
0.9999980739753702
0.9999992295901481
0.9999978942130716
0.9999996276352382
0.9999943888482454
0.9999994863934322
0.999999550594253
0.9999993066311333
0.9999973164056826
0.9999990755081778
0.9999989214262074
0.9999993836721185
0.9999994735532679
0.999999024147521
0.9999997303565519
0.9999991268688344
0.9999991397089988
0.9999977144507727
0.9999995634344172
0.999999871598358
0.999999088348342
0.9999991268688345
0.9999997303565519
0.9999996918360593
0.9999997945573728
0.9999998587581937
0.9999993451516259
0.9999992681106407
0.9999997046762235
0.9999975090081457
0.9999669494173544
0.9999989214262074
0.9999997560368802
0.9999998459180296
0.9999993451516259
0.9999979584138925
0.9999999101188506
0.9999998844385222
0.9999996661557308
0.9999993323114618
0.9999996404754024
0.9999989856270284
0.9999997175163876
0.9999990626680135
0.9999994863934321
0.9999992039098197
0.9999866975898909
0.9999966101966518
0.9999996404754025
0.999998125336027
0.9999990755081778
0.999999807397537
0.9999998073975369
0.999999550594253
0.9999997817172086
0.9999999101188507
0.9999979969343851
0.9999995377540889
0.9999982152171766
0.9999994221926111
0.9999991268688345
0.9999998073975371
0.9999995120737605
0.9999998972786864
0.9999998972786863
0.9999988058647296
0.9999981381761913
0.9999995120737605
0.9999995249139246
0.9999993066311333
0.9999997688770443
0.9999999101188505
0.9999998587581937
0.9999997688770444
0.9999981510163555
0.9999992167499838
0.9999997175163876
0.9999990498278493
0.9999996404754025
0.9999999486393432
0.9999997817172087
0.9999997560368803
0.9999980868155345
0.999999614795074
0.9999996789958949
0.9999997945573729
0.9999992552704765
0.9999994093524469
0.9999997046762235
0.9999992937909691
0.9999993194712975
0.9999998202377013
0.9999988443852222
0.9999997046762233
0.9999998459180297
0.9999993579917902
0.9999995634344173
0.9999999614795073
0.999999935799179
0.9999998587581939
0.9999998844385222
0.9999997046762235
0.999999871598358
0.999998831545058
0.999999743196716
0.9999998587581937
0.9999998459180296
0.9999994607131036
0.999999678995895
0.9999989471065358
0.9999996276352383
0.9999981895368482
0.9999986646229234
0.9999996661557309
0.9999994607131037
0.9999994992335963
0.9999994735532679
0.9999993836721185
0.9999997945573729
0.9999992552704766
0.9999991268688345
0.9999998844385223
0.9999996276352382
0.9999999486393433
0.9999998202377013
0.9999933487949455
0.9999997817172087
0.9999995762745815
0.9999996404754025
0.9999992295901481
0.9999995634344173
0.9999993066311332
0.9999984720204604
0.9999995120737605
0.9999994863934321
0.9999997817172086
0.9999996533155667
0.9999994863934322
0.9999997560368803
0.9999998844385222
0.9999999101188506
0.9999998972786864
0.9999997817172086
0.9999999101188506
0.9999996019549099
0.9999994093524469
0.9999996019549099
0.999999614795074
0.999999743196716
0.9999998972786863
0.9999998587581937
