0.7981721679579763
0.8442341319710023
0.883505311924568
0.8994925682670443
0.9264574074290931
0.9319913384361174
0.9432065220740913
0.9475137872547092
0.9597862235926616
0.9659639861129001
0.9695278250467021
0.9707606348916773
0.9779712473798362
0.9801626140026818
0.9847281655062241
0.9848217317827347
0.9866940460055893
0.9884481279965092
0.9911347975332094
0.9908566731565992
0.9934609216793128
0.9944851494769739
0.9950806891326397
0.9956672727737774
0.9962117149960175
0.9964804339523524
0.9965701481796037
0.9973666364049676
0.9976863564934971
0.9981594395032068
0.9985993178483007
0.998435695635926
0.9984766429195533
0.9987746502904239
0.9981057290963669
0.9989575199089316
0.9988637353496295
0.9991698705444372
0.9990311197301142
0.9993839674422742
0.9992368576810582
0.9993609578680314
0.9992368191605655
0.9995956889097345
0.9996203035045018
0.99948409504269
0.99952003466228
0.9996217544430563
0.9995608792245937
0.9997213170762473
0.9997818199299482
0.9997774414339567
0.9997089648382891
0.9998577438208507
0.9998263752997151
0.9997687101223022
0.9998212777545286
0.9999240761090975
0.9998202248610643
0.9998482164190159
0.9998753476859662
0.9998696594932264
0.9998300604268399
0.9999080644243425
0.9999303806297186
0.9997980884179869
0.9999213796746158
0.9999498463186428
0.9999345665232471
0.9999233827402306
0.999883578231217
0.9999393815848214
0.9999496408760156
0.9999219960024973
0.9999376995233114
0.9999487549046859
0.9999276970354013
0.9999643557041866
0.9999026587152151
0.9999702108190607
0.9999681563927891
0.9999363769863991
0.9999566002450109
0.9999757706101585
0.9999570753310861
0.9999650875935457
0.9999411278471525
0.9999600028885234
0.9999762842167264
0.9999562664007418
0.9999733566592892
0.999941949617661
0.9999761686552485
0.9999693120075669
0.9999853622128142
0.9999724706879596
0.9999603431528746
0.9999886749751774
0.9999575247368332
0.9999669622575186
0.9999719956018842
0.9999900488727466
0.9999598359663888
0.9999830766635871
0.9999697999338064
0.9999796098192535
0.9999774911921611
0.9999828969012884
0.9999844377209922
0.9999626608025123
0.9999895737866713
0.9999905239588219
0.9999925013441084
0.999976643741324
0.9999866590693983
0.9999832307455574
0.9999887776964911
0.9999892271022379
0.9999824988561982
0.9999897021883132
0.9999902157948812
0.9999931690326467
0.9999583593475061
0.9999935285572443
0.9999890473399391
0.9999904854383292
0.999978916450387
0.9999852466513366
0.9999919492170478
0.9999857987783971
0.9999939908031553
0.9999946713318578
0.9999917694547491
0.9999874037989218
0.999989625147328
0.9999944530490664
0.9999945814507085
0.9999948767744848
0.9999956857048296
0.9999562535605776
0.9999921418195108
0.9999955829835159
0.9999846560037834
0.9999936569588863
0.9999950950572765
0.9999844890816488
0.999989881950612
0.9999949152949776
0.9999927838277207
0.9999894068645367
0.9999900360325824
0.9999962121515616
0.9999971494835481
0.9999165517728774
0.9999920262580331
0.9999917180940923
0.9999858758193823
0.9999936697990505
0.9999941834056183
0.9999727788519003
0.9999921032990182
0.999993644118722
0.9999764511388609
0.9999937853605282
0.999996302032711
0.999996892680264
0.9999973035655185
0.9999976502499518
0.9999953133400677
0.9999964689548454
0.9999948639343208
0.999996045229427
0.9999889702989538
0.9999907807621059
0.9999919620572121
0.9999929250695269
0.9999956985449937
0.9999908449629269
0.999996109430248
0.9999957627458147
0.9999955958236801
0.9999954032212172
0.9999969440409209
0.9999976759302802
0.9999951977785899
0.9999950051761269
0.9999933359547812
0.9999893041432231
0.9999908578030912
0.9999958783072924
0.9999976502499518
0.9999973934466677
0.9999932589137961
0.9999935285572441
0.9999954802622024
0.9999989342663715
0.9999980868155346
0.9999956985449937
0.9999976117294591
0.999997021081906
