0.7044132274064496
0.7475883466932965
0.7934968055395389
0.8044606998502474
0.8099300114993011
0.8164762133255308
0.822781928400493
0.8295545661671914
0.8357209616065652
0.8383497347636303
0.8423313153838731
0.8525973527582374
0.850555927773184
0.8585359704334647
0.8673997573369385
0.8690720530178304
0.8764813350026129
0.8826443247656997
0.8811832960280792
0.8847425216716025
0.8826872056166644
0.8976025342423181
0.8964856449402666
0.9045671358602352
0.9085404738493134
0.9119982704020584
0.9141524213553308
0.9178497589931323
0.9226930076622477
0.9240490802297081
0.9289165711799379
0.9307514831113216
0.9347869539263243
0.9403924415097782
0.935166734754634
0.9452000679550627
0.9474827144995882
0.9501928277300821
0.9512052464743518
0.9529546458996322
0.9569145912104773
0.9594286512223527
0.9631189666495731
0.9658132208021213
0.9647679657155616
0.9663514518378844
0.963567761942384
0.9706715234549755
0.9726069635383823
0.9757944145682077
0.9736068266468086
0.9727035812328297
0.9766038665070995
0.9798906124890917
0.9818378031141352
0.9793108552053149
0.9825551164938092
0.9825079609759849
0.9849706291409956
0.9840120111365744
0.9841273632454203
0.9874164414447572
0.9870815733718389
0.9884629105622637
0.9878105031107816
0.9885812466313836
0.9863338581014047
0.9898222035065507
0.9882734450589401
0.990207715838856
0.9915375397793214
0.9927736277514285
0.9918663760353256
0.9936239861435875
0.9930947772746492
0.9942308482656584
0.9947183264182131
0.9938976414982461
0.994762555482492
0.9948822717131097
0.9941387608235331
0.9948420425613179
0.9950758904801981
0.9951333205336135
0.9957856704783659
0.9965911927907725
0.9957533069691817
0.9965113990093917
0.9970457259772155
0.9973005446832908
0.9972066937014746
0.9973089278864594
0.9973116115338152
0.9975063293183924
0.9971323566697176
0.9979355595440519
0.9978017861129991
0.9984282388607677
0.9982502363654356
0.9983232060149687
0.9980070212393564
0.9985399680456832
0.9984154084705521
0.9975331913504971
0.9987140728627126
0.998640208664061
0.9988907207550934
0.9990341808751737
0.9990426790918006
0.9958313499901447
0.9989759712860979
0.9988796411252958
0.9982250100802909
0.9990947929675967
0.9990438547849279
0.9992885011895971
0.9987908635149095
0.999062448627322
0.9988700822289998
0.9991400060359064
0.9993635027435567
0.9995599585092784
0.9994412390619645
0.9994451495195402
0.9991533220385006
0.9992302404834288
0.999586897217022
0.9995996892694181
0.9989078130328957
0.9996222446864804
0.9995812871161209
0.9996879812674259
0.9993542633290886
0.9995623865711718
0.9993406534032124
0.99901393211691
0.9995014422176477
0.9997620499344475
0.9997741007890025
0.9997303445578289
0.999542898179659
0.999684594760048
0.9998480033254735
0.9996754575797653
0.9998247322691164
0.9994621842906133
0.9996674513651534
0.9998639646376043
0.9997228686830518
0.9998096655061042
0.9998655109296523
0.9998759004787015
0.9993867610206407
0.9998526166430711
0.9998465592676107
0.9989146243854702
0.9998172436150663
0.9998967306938921
0.9996647996659805
0.9998085281507963
0.9997422931781992
0.9998004772087287
0.9999134459831371
0.9999339822750459
0.9997855893555402
0.9999333944284823
0.9999386211511897
0.999785039846796
0.99994811615112
0.9998837852902183
0.9999355924634595
0.9998076336016777
0.9999176631432677
0.9996284937510377
0.9999740325170138
0.9997823817579864
0.9999651892600127
0.9999229282037945
0.9999292922818096
0.999882098426166
0.9999219441997639
0.9999382377729958
0.9999815978467027
0.9998425721343963
0.9997410152508867
0.9999723456529614
0.9999495985468023
0.999945100242663
0.9999762816690834
0.9999525250003477
0.9997973910142695
0.9996635345179413
0.999918621588752
0.9998855999470017
0.9999322570731743
0.9999810738965045
0.9999513620864934
0.9998557603442592
0.9999596558347503
0.9999267619857314
0.9999869906999607
0.9999750931966831
0.9999810994550509
0.9999008072820182
0.9999687163393945
0.9996756748274083
0.9999868501279563
0.9999718089234904
0.9999027625108061
0.999796464516968
0.9997172585821509
0.9999500969384542
0.9999694191994164
0.9998875168379702
0.9999743008817494
0.9999820323419889
0.999972907940979
0.9999832719314818
0.9999461353637861
0.9999760260836211
0.9999377649398904
0.9999838469987723
0.9996657069943723
0.9999937892732621
0.9999856488762828
0.9999626334053879
0.999946327052883
0.999974364778115
0.9999655854174794
0.9999953994616756
0.9998325084568118
0.9999899938291443
0.9999892781898497
0.9999785691589725
0.9999126664474766
0.9999317203437031
0.9999692275103195
0.9999422632440298
0.9999941598721827
0.9992088224216742
0.9999827863191031
0.9999806266219453
0.9998316202973297
0.9998537539983791
0.9999955400336801
0.9998921812726602
0.9999820323419889
0.9999652659356513
0.9999670166960691
0.9999763711239953
0.9999135290484125
0.9998059850754448
0.9999791570055363
0.9999751187552292
0.999983284710755
0.9999716811307592
0.9999896487887703
0.9999760644214404
0.999986607321767
0.9999784158076951
0.9999319120328
0.9999733807740845
0.9999325701653659
0.9999850099126266
0.9998217546984787
0.9999311836142319
0.9999721667431378
0.9998565143213737
0.9999266661411829
0.9999413303570918
0.9999858916824721
0.9997143704664252
0.9997994420876056
0.999910864569966
0.9999365509089437
0.9999499052493573
0.999987552987978
0.9999685246502977
0.9999271325846519
0.9999548124902367
0.999899427120521
0.9993803202669866
0.9999937125976233
0.9998846415015176
0.9999931375303328
0.9999966646097149
0.9993808058793655
0.9999684607539321
0.9999869906999606
0.999711661260523
0.9999962940107943
0.999950096938454
0.9999739686206481
0.9999923707739455
0.9999956039300456
0.999899005404508
0.9999816873016145
0.999991067288087
0.9998662649067664
0.9999750165210444
0.9999502247311856
0.999992421891038
0.9999885114334623
0.9999416370596467
0.9999666077593292
0.9999813678197865
0.9999775340378495
0.9999475283045565
0.9999771889974752
0.9999905177793427
0.9999939681830858
0.9999844476246091
0.99992319656853
0.9999941726514558
0.9999876168843438
0.9999775340378496
0.9999624928333836
0.9999986709555951
0.9999671572680735
0.9999801282302936
0.9999750165210444
0.9999879619247181
0.9999938020525352
0.9999983642530402
0.9999044238163123
0.999947272719094
0.9999863261777583
0.9999288577865236
0.9999669400204305
0.9999880002625374
0.9999802560230248
0.9999900066084177
0.9999940959758171
0.9999887414603785
0.9999770100876515
0.9999892654105766
0.9999848565613491
0.9999716300136667
0.9999947860565657
0.9993274204658934
0.9999183212758334
0.9999844092867898
0.9999097783317507
0.9999943260027333
0.9999963579071598
0.9999991310094276
0.9999786969517037
0.9996748952917478
0.9998722072687688
0.9999816745223414
0.9999896999058628
0.9999627228602999
0.9999844220660629
0.9999007817234721
0.9999950799798476
0.9999919746164786
0.9999271709224713
0.9999964856998911
0.9999583651281649
0.9999885497712817
0.9999976741722916
0.9999879108076255
0.9999577389437817
0.9999788886408006
0.9999097272146582
0.9999933931157954
0.9999498285737186
0.999998543162864
0.9999949521871163
0.9999866073217669
0.9999876041050706
0.9998820984261659
0.9999867606730445
0.9999829013325613
0.9995599073921859
0.9999830546838387
0.9999946199260151
0.99998805137963
0.9999962045558825
0.9999150306130044
0.9999981597846703
0.9999886264469204
0.9999949394078432
0.9999272092602906
0.999995016083482
0.9999990159959695
0.9999975974966528
0.9999966262718956
0.9999827479812837
0.9999815978467026
0.9999873996367006
0.999994504912557
0.999991169522272
0.9999522566356118
0.9999923707739455
0.999993163088879
0.9999840131293231
0.9999933931157954
0.9999424421538535
0.9999987859690533
0.9999924985666768
0.999948716776957
0.9999744414537537
0.9999881536138149
0.9999882941858192
0.9999953100067638
0.9999757960567047
0.9999887031225592
0.9999326276720949
0.9999987859690533
0.9999365892467632
0.9999881152759955
0.9999901471804221
0.9999872335061499
0.9999963451278868
0.9999958850740543
0.9999954505787682
0.9999354135536357
0.9999877063392556
0.9999614193744413
0.999997508041741
0.9999408703032593
0.9999922813190336
0.9999196183720555
0.9999936231427116
0.9999957700605963
0.9999804477121216
0.9999908628197169
0.9998720411382181
0.999976435020361
0.9999823134859975
0.9999782113393252
0.9999872974025157
0.999989827698594
0.9999959873082394
0.9999537901483868
0.9999978147442959
0.9999983898115864
0.9999279887959512
0.9999612276853445
0.9999987348519608
0.9999876552221632
0.9999332921942973
0.9999984153701327
0.9999990926716082
0.9997680114653593
0.999999271581432
0.9999548636073292
0.9999868501279563
0.9999812528063284
0.9999988882032382
0.9998096910646506
0.9999911439637256
0.9999973546904635
0.9999894059825809
0.9999974569246486
0.9998942003978136
0.9999205895968128
0.9999926391386811
0.9999893420862154
0.99999938659489
0.9999953739031294
0.9998736832748145
0.9999641158010703
0.9999951055383939
0.9999850993675385
0.9997326384373546
0.9999969585329966
0.9999982747981284
0.999995016083482
0.9998154289582827
0.9999928563863241
0.9999901855182414
0.9999511703973967
0.9999788886408006
0.999980294360844
0.9999836936474948
0.9999855338628246
0.9999977508479303
0.9999953994616757
0.9999186854851176
0.9999920001750249
0.999984115363508
0.9999665438629637
0.9999985048250445
0.999995655047138
0.9999853421737278
0.9998906988769779
0.9999912078600913
0.9999905305586158
0.9999954377994951
0.9999976613930185
0.9999981470053971
0.9999997188559913
0.9999689591455839
0.9999252029144103
0.9999959361911468
0.999999501608348
0.9999963067900675
0.9998935358756113
