0.520204952659516
0.5243053319138135
0.5263806220376678
0.5294338843444888
0.532634908065879
0.5273865362830048
0.5296607360033947
0.530545883707978
0.5315252766737769
0.5324521006747771
0.535574507746108
0.5315053857141233
0.5332861001973941
0.5341987163700703
0.5333609280932337
0.5333386691621927
0.5338714627243416
0.5338965632210473
0.535477894513505
0.5399486244927805
0.5387054395144333
0.540107752170009
0.5413078400691069
0.5382635760535578
0.5393717866628274
0.5400622871193723
0.5404700517922701
0.5398037046438761
0.5418003781176711
0.5403625458912855
0.5402209412023233
0.5395607507795361
0.5379268505222798
0.5371302649475826
0.5379154842596205
0.5390767374279664
0.540106804981454
0.5415351653222904
0.5434361727520374
0.544530175532983
0.5455654526235229
0.5459732172964207
0.5482208957372726
0.5485476757887239
0.5490615255797741
0.547071956020141
0.5464794895790315
0.5482369979427064
0.5479642076388862
0.5461896498812225
0.546237009308969
0.5473518502381232
0.549985981609387
0.5513058888606838
0.5519248765813313
0.553416698555348
0.5546935087273952
0.5552376685522034
0.5559954193961484
0.5573811562520128
0.5581943176264212
0.5579366823394799
0.557874641489132
0.557019330224029
0.5619622336979377
0.565575284440723
0.5678580088581073
0.5725683775417805
0.574187122782158
0.5705101368119149
0.5722742754954743
0.5776699350986403
0.5775378022952272
0.5778375874728631
0.5760923925604022
0.5720284800654697
0.5747819571946549
0.5757888186285467
0.5825304331682699
0.5877304983348426
0.5908609565088903
0.592953769621011
0.5940776088414369
0.5955959520949916
0.6006378367728907
0.6042376268759069
0.6045705636529652
0.6054187710039062
0.6066610087936986
0.6065132473791293
0.6072861532399532
0.6095783495428868
0.608748612368767
0.6101902333493724
0.6128347837947403
0.6122143752912604
0.615822690091271
0.6166941035618078
0.6156223597119032
0.6185875334831153
0.6171800112904875
0.6197056895722117
0.6171582259537242
0.6210488029431043
0.622169327003588
0.6202200129575394
0.6231463519979996
0.6203530929495072
0.6225453608598956
0.6229275514418104
0.6225515175855028
0.624324654560334
0.6264179412667321
0.6295199837841319
0.6303554040895814
0.6293850094150543
0.630103925528247
0.6293845358207768
0.6313404801867097
0.634259715313008
0.6307522760940976
0.6336947173399914
0.635823050022922
0.6354015511159776
0.6347072619052129
0.6353717146764972
0.6337809114984903
0.6371216455317328
0.637387331921391
0.639252819780328
0.6377842039259071
0.6386854538359242
0.6366167940319543
0.6400489317607477
0.6410666858630214
0.6397865605310318
0.642540037660217
0.6408483589011098
0.6437879585813389
0.6430572026112094
0.6449724178692804
0.64163689337309
0.6429908994123642
0.6423889610857054
0.6454696918606193
0.6439238801389715
0.6439002004250982
0.6453200360689402
0.6455227344196954
0.646528175070755
0.6456780733427042
0.6470917522609392
0.6459560731835765
0.6487223373582532
0.6495539689094828
0.6475118303850511
0.6487228109525307
0.6503136141305377
0.6500986023285684
0.6489662384111481
0.6531030844248104
0.6520365501119577
0.6528582361833606
0.6542638639988785
0.6539105626678892
0.6565574810846446
0.6553644970997086
0.6573526458765093
0.6568501623481182
0.6542548657076067
0.6577121039331059
0.6606313390594039
0.6601833188729214
0.6586275616714469
0.6594284095946412
0.6608984462318945
0.660361863915526
0.6614175055599969
0.6607099557094631
0.6625385032147579
0.6620525954860783
0.660774838125476
0.6613085788761797
0.662702366834761
0.6591930332387408
0.6602557787973737
0.6609358601798143
0.6624830926842945
0.6631958520718801
0.6624703056388029
0.6632152694372564
0.6636699199436233
0.6650154012859032
0.6637002299773811
0.6645678546936982
0.663418441382289
0.665238937784867
0.6642628599790102
0.6637087546743755
0.661912885174226
0.6631735931408393
0.6627232049829694
0.6644295651646781
0.6638370987235687
0.6656495440234296
0.6648974763108143
0.6650973330959047
0.6649798817150933
0.6654814180549293
0.6659299118356894
0.6660492575936106
0.6667359692959358
0.6653431285259094
0.6647942327583267
0.6658129340491553
0.6670684324787166
0.6675728103842176
0.6660544671306627
0.6657920959009469
0.6670561190275025
0.6659161776016428
0.667560023338726
0.6670944801639773
0.6650471321024934
0.6676798426909248
0.666656879051599
0.6655638234592084
0.6667591754155315
0.6661690769458095
0.6671811479167534
0.6668169539173825
0.6666526167031019
0.666925407006922
0.6672521870583733
0.666203175733787
0.6670215466452476
0.6669765551888883
0.6668690492879036
0.6669647153319518
0.6671394716203365
0.6668510527053599
0.6683911812956782
0.6674615157290131
0.6684139138209966
0.6685242612876461
0.6680104114965958
0.6690362167015864
0.667648585468612
0.6690736306495062
0.6682779922633639
0.668359450479088
0.6690556340669624
0.6683244045025554
0.6673180166629411
0.6682997776001273
0.6678043979858983
0.6679677880116239
0.6695718518294
0.6689130821894452
0.6691683495049993
0.6684655355972402
0.6695225980245436
0.6696381550282451
0.6686355559428505
0.6691797157676584
0.670619442371154
0.6698081753738553
0.6702632994744998
0.6702751393314365
0.6702220967723603
0.6705763452919045
0.6713819291578736
0.666974187217501
0.6696514156680142
0.6702604579088349
0.6703433369073915
0.6699824580679626
0.6708718681210432
0.6719189850685197
0.6710717249061336
0.6712265902348649
0.6710608322377518
0.6703272347019577
0.6719810259188677
0.6714075032488568
0.6714766480133667
0.6718564706238942
0.6720369100436085
0.6721666748756341
0.6718304229386335
0.6730522961744949
0.6725493390518265
0.6731048651392936
0.6722197174347102
0.6721425215674834
0.672685260609459
0.6726132742792841
0.6724844566358136
0.6724063135800318
0.6731555397269824
0.6708363485502332
0.6716012033083402
0.6714998541329626
0.6727562997510788
0.672685260609459
0.6739985375408712
0.6743040058498365
0.6724773527216517
0.6729007460057059
0.6728912741201566
0.6731702211495838
0.6730437714775004
0.6730556113344371
0.6733355055524194
0.6725843850283588
0.6729717851473258
0.6736054542905747
0.6731370695501613
0.6736101902333493
0.6735519381372211
0.6720080207926831
0.6729760474958228
0.6736277132216155
0.6749277295132587
0.6734055975054842
0.6726866813922914
0.6744413481903014
0.6739095018167076
0.6740435289972304
0.6742566464220898
0.6747273991338908
0.6741079378189657
0.6739928544095416
0.6748216443951064
0.6750712285793308
0.6750896987561519
0.6748647414743558
0.6737873144931216
0.6757972486066857
0.6766942361682055
0.675261613478872
0.6751929423086396
0.6755296678399176
0.6749660906497335
0.6750286050943589
0.6764744884234615
0.6753231807349425
0.6774259393268899
0.6768666244852031
0.6753449660717059
0.6762987849465217
0.6760581990535691
0.6750783324934929
0.6758446080344322
0.6774486718522083
0.6778464910452795
0.676976498357575
0.6765976229356025
0.6737437438195948
0.6764219194586628
0.6748652150686332
0.6757901446925236
0.6768069516062424
0.6757963014181307
0.6758247170747786
0.676867571673758
0.6766137251410363
0.6779577857004838
0.6755040937489344
0.6769386108153778
0.6760335721511409
0.6763134663691232
0.6759933166375565
0.6764711732635191
0.6764290233728247
0.6777205149674735
0.6788604563933333
0.6765398444337517
0.678209264261818
0.6769068799987876
0.6775116598911113
0.6772649172725517
0.6767733264125424
0.677853121365164
0.6775481266504759
0.6784460614005509
0.6763357253001641
0.6766861850654886
0.6766980249224253
0.6777337756072426
0.6786179761232709
0.6770342768594259
0.6783835469559254
0.6786416558371442
0.6776319528375876
0.6783882828987
0.6792156521014325
0.6786999079332725
0.678932442723508
0.6780629236300812
0.6784015435384692
0.6792776929517805
0.6789916420081913
0.6775850670041184
0.6787984155429853
0.6780188793622768
0.6753340734033242
0.6758649725883632
0.6752833988156355
0.6755756064848317
0.6746790925175892
0.6780652916014684
0.6745398558000144
0.6771299429034738
0.6783404498766761
0.6803214947393148
0.6779435778721599
0.679325999568082
0.6784256968466199
0.6806316989910548
0.6786975399618851
0.6796092089460064
0.6810484619552244
0.6803011301853837
0.6765175855027108
0.6803679069785065
0.6808675489412326
0.6799468816658395
0.6806070720886266
0.6803134436365978
0.6810096272244723
0.6804460500342883
0.6798734745528323
0.6816892350126356
0.6809338521400778
0.679434926251899
0.6807103156411141
0.6805402952955039
0.6813558246412997
0.6816660288930396
0.681701074869572
0.6808149799764339
0.6811550206676542
0.6815618381519972
0.6814230750286998
0.6807898794797282
0.6814784855591632
0.6823792618749029
0.6813965537491617
0.6805587654723251
0.6805464520211111
0.6810460939838372
0.6796101561345613
0.6803423328875233
0.6804569427026699
0.6821353608220082
0.681804792016337
0.6809437976199046
0.6806009153630195
0.6813425640015307
0.6833681267262511
0.6810996101371908
0.6801382137539356
0.6808367653131974
0.6821490950560546
0.6803494368016852
0.6825488086262356
0.680676690447414
0.6826056399395315
0.6827273536688402
0.6822011904265759
0.6824048359658861
0.681358192612687
0.6820766351316023
0.6827420350914416
0.6839837992869565
0.6838985523170127
0.6831592716498888
0.6824574049306849
0.6819686556363402
0.6816110919568537
0.6812577906258643
0.6817981616964526
0.682225817329004
0.6824313572454241
0.681916560265819
0.6816068296083564
0.6819104035402119
0.6818005296678399
0.682459772902072
0.6832625152023762
0.6832269956315664
0.6829125290313292
0.6832288900086763
0.6821775107127026
0.6814979029245394
0.6806980021898998
0.6820306964866882
0.6832738814650354
0.6833297655897764
0.6834107502112231
0.6835381470718613
0.6836849612978757
0.6811057668627978
0.6831910024664789
0.6841040922334327
0.6840785181424496
0.6841040922334327
0.6831043347137028
0.6827789754450839
0.6836541776698404
0.6832923516418566
0.6842736389847655
0.6839871144468987
0.683500259529664
0.6848187459981283
0.6828287028442178
0.683651809698453
0.6832975611789087
0.682200243238021
0.6838630327462026
0.6841168792789243
0.684073782199675
0.6834254316338244
0.6848973626481877
0.6849769264868019
0.6843148416869049
0.6831171217591944
0.6847514956107282
0.6861414948150899
0.6840752029825073
0.6831256464561888
0.6823319024471564
0.6828845869689587
0.6832606208252665
0.6836930124005925
0.6822248701404492
0.6842641670992161
0.6847837000215958
0.6839099185796719
0.684210177351585
0.684197863900371
0.6836286035788572
0.6816655552987623
0.6827515069769909
0.6839814313155692
0.682095578902701
0.684217281265747
0.6849409333217145
0.6840444193544721
0.6827993399990149
0.6835106786037684
0.6846079965446561
0.6840501024858017
0.6845227495747124
0.6845781601051759
0.6845170664433827
0.6829745698816772
0.6831587980556113
0.6846908755432126
0.6847008210230394
0.6843233663838993
0.6842461705166724
0.685457151084152
0.6853652737943237
0.6860377776683249
0.6848154308381862
0.6842115981344175
0.6842115981344175
0.6858511815230034
0.684581475265118
0.6856025445273339
0.6851374749468627
0.685367641765711
0.6858128203865288
0.6863124623492549
0.6847548107706705
0.685745096404851
0.6857294677936947
0.685884333122426
0.6855319789799916
0.6857304149822496
0.6858734404540443
0.6848154308381862
0.6847699657875495
0.6863025168694281
0.6858961729793627
0.6874812930260401
0.6863333004974634
0.6848372161749495
0.6851611546607359
0.6869371332012322
0.6857593042331751
0.6856688477261791
0.686614615498278
0.6859089600248542
0.686477273157813
0.6855490283739802
0.6854955122206268
0.686042987205377
0.6854595190555395
0.685954425075491
0.6870773171073619
0.6859359548986697
0.6860055732574573
0.6854675701582563
0.6853074952924729
0.6858445512031188
0.6873913101133216
0.6858895426594782
0.6872672284126256
0.6878933200474352
0.6881111734150693
0.6877962332205547
0.6880713914957624
0.6878061787003816
0.6880235584737382
0.6880259264451256
0.6879402058809043
0.6874183049871372
0.6882589348296386
0.6866974944968345
0.6854249466732844
0.6844559727815898
0.6883830165303346
0.6874798722432077
0.6874168842043049
0.6892241199671136
0.6870953136899056
0.6888731866075116
0.6879833029601536
0.6884592652090067
0.688707902204676
0.6872132386649945
0.685372851302763
0.6877881821178378
0.6882646179609682
0.6857128919939834
0.686145757163587
0.6899392473260867
0.6896423037141157
0.6890488900844514
0.6891137725004641
0.68992740746915
0.6894613907001239
0.6873107990861524
0.6888329310939271
0.6887277931643296
0.6893358882165954
0.6886482293257155
0.6895049613736508
0.6896053633604735
0.6879435210408466
0.6891630263053206
0.6897526511807652
0.6889451729376863
0.6898241639166625
0.6894391317690831
0.6903763748441876
0.6900571723011757
0.6897517039922103
0.6894471828718001
0.6893245219539363
0.6878895312932155
0.6876465774288757
0.6907443575977783
0.6885402498304533
0.6915518358408572
0.6908584938186475
0.6912255293836833
0.6910971853344903
0.6898989918125021
0.6895523208013974
0.6887102701760635
0.6898483172248133
0.690548763161185
0.6905568142639019
0.6912255293836833
0.6906879998787598
0.6911724868246072
0.6920050655643918
0.6911805379273241
0.6920491098321961
0.6906520067136726
0.6906207494913598
0.6905587086410118
0.6910332501070324
0.691057403415183
0.6913055668165751
0.6911729604188848
0.6914002856720681
0.6909726300395167
0.6917085955466983
0.6908826471267983
0.690459253842744
0.6910379860498069
0.6926718863070633
0.6921229905394808
0.6886515444856578
0.691190483407151
0.6919183978116157
0.691596353702939
0.6910744528091718
0.6914021800491781
0.6920997844198848
0.6917014916325364
0.6910569298209055
0.6918123126934632
0.6917152258665829
0.6917038596039237
0.6912193726580763
0.6899941842622727
0.6907850867056403
0.6924786598418573
0.6926647823929013
0.6911535430535085
0.6915002140646134
0.6920244829297679
0.6888656090990721
0.6878099674546012
0.6904739352653455
0.6887140589302831
0.6909427936000363
0.6911142347284789
0.6927632900026142
0.692269804765495
0.6928513785382229
0.6916006160514361
0.6924672935791982
0.6918620400925971
0.6932965571590406
0.6918331508416717
0.6929678827304794
0.6919856481990158
0.6916891781813221
0.691140756008017
0.6929546220907103
0.6912316861092904
0.6918014200250815
0.6919908577360678
0.6911952193499256
0.6906733184561584
0.6908935397951799
0.6926581520730168
0.6918681968182043
0.6914471715055373
0.6908679657041967
0.6913884458151316
0.6917067011695884
0.6921381455563596
0.692807807864696
0.6914410147799301
0.691066401706455
0.6917052803867559
0.6926709391185084
0.692497603612956
0.6922058695380372
0.6920893653457807
0.6918378867844464
0.6934831533043619
0.6940656742656448
0.6926117398338252
0.6939141240968556
0.6918426227272211
0.6930739678486317
0.6938634495091669
0.6941101921277265
0.6937786761335005
0.6931772114011192
0.6910223574386506
0.6922641216341655
0.6922546497486162
0.6928438010297834
0.6930512353233134
0.6942238547543182
0.6940386793918292
0.6939761649472037
0.6946126756561175
0.6944488120361144
0.6938966011085895
0.6933614395750534
0.6893112613141673
0.6908120815794558
0.6928670071493792
0.6925335967780435
0.693160635601408
0.6937526284482399
0.6938956539200345
0.6936470169243651
0.693291821216266
0.6918023672136364
0.6900633290267828
0.6915854610345572
0.6927902848764298
0.6932951363762081
0.6939306998965671
0.6936446489529777
0.6925899544970618
0.6928115966189157
0.693737473431361
0.6925729051030731
0.6920088543186116
0.6933775417804872
0.6922721727368824
0.6928982643716919
0.6942892107646084
0.6921911881154359
0.6925440158521476
0.6942361682055322
0.694517483206347
0.6940633062942574
0.6949512955645054
0.6929020531259117
0.6930375010892669
0.6945051697551328
0.6930668639344697
0.6916408715650206
0.6922153414235865
0.6942148564630465
0.694269319804955
0.6923517365754965
0.6934253748025112
0.6948381065321911
0.6936654871011863
0.6958724364341761
0.6949602938557773
0.696294408935398
0.6958587022001296
0.6954665661383881
0.6953661641515654
0.6950763244537563
0.6957365148765435
0.6958492303145802
0.6954997177378106
0.6949872887295928
0.6944028733912002
0.694785063973115
0.695694364985849
0.6955655473423783
0.6948030605556588
0.6946193059760021
0.6954921402293712
0.6941035618078419
0.6943019978101
0.6943266247125284
0.6933472317467294
0.6927623428140594
0.6930000871413471
0.6945061169436878
0.6944218171622989
0.6959003784965465
0.6954774588067698
0.6943749313288298
0.6957142559455026
0.6951890398917933
0.6959534210556226
0.6966969640712437
0.6947395989224783
0.6952146139827763
0.6946642974323612
0.6956157483357897
0.6968437782972581
0.6950654317853746
0.6963938637336657
0.6958965897423268
0.693690587597892
0.6958260241949845
0.6944895411439764
0.6971833453942009
0.6968281496861017
0.6945184303949019
0.6954168387392541
0.6963806030938966
0.6955982253475235
0.6955669681252108
0.6965629368907209
0.6953941062139357
0.6960628213337172
0.695184777543296
0.6968835602165653
0.694854208737625
0.6962565213932007
0.6943929279113735
0.6959363716616339
0.6952212443026609
0.6953855815169414
0.696493792126211
0.695536658091453
0.6945530027771569
0.6936124445421101
0.6930853341112908
0.694715919208605
0.6948077964984334
0.694331360655303
0.6957881366527872
0.6953851079226638
0.693550403691762
0.6936976915120538
0.6949811320039858
0.6949039361367588
0.6939453813191685
0.6915523094351346
0.6949323517934067
0.6948257930809769
0.6917455359003406
0.6925397535036505
0.6955072952462501
0.6943611970947833
0.6936105501650003
0.6939827952670883
0.6948665221888392
0.6945416365144976
0.6955754928222051
0.6960907633960878
0.6960164090945257
0.6946453536612627
0.6959268997760846
0.6932586696168432
0.6967722655613608
0.6937824648877202
0.694707868105888
0.6941864408063984
0.6946789788549627
0.6947234967170445
0.6942650574564577
0.6941783897036815
0.6948158476011503
0.6956015405074657
0.6966287664952886
0.6958222354407647
0.6955295541772911
0.6956256938156165
0.6958861706682224
0.6955049272748628
0.6971535089547206
0.6964720067894477
0.696577144719045
0.6955399732513953
0.6958075540181634
0.6939884783984178
0.6960140411231384
0.6946638238380838
0.6956252202213391
0.697732714756061
0.6930621279916951
0.6955683889080432
0.6955480243541122
0.6955447091941699
0.6942257491314281
0.6970407935166838
0.6957843478985675
0.6963967052993305
0.6970701563618866
0.6962167394738936
0.6962702556272472
0.6975309635938607
0.6961466475208288
0.6949745016841014
0.6954390976702951
0.6951719904978044
0.6955044536805853
0.6971312500236797
0.6968797714623455
0.6969692807807866
0.6965941941130338
0.6958407056175859
0.6954447808016246
0.6963820238767291
0.6942214867829308
0.6958994313079916
0.6969744903178385
0.6963304021004854
0.6982882408435283
0.6977881252865247
0.6972302312276699
0.695010968443466
0.6940206828092855
0.6948063757156009
0.6952728660789047
0.6968106266978354
0.6973230557060532
0.6951890398917931
0.6958241298178746
0.6965567801651139
0.6948759940743884
0.6962891993983458
0.6969905925232723
0.6976796721969849
0.6963924429508334
0.6939553267989952
0.6935414054004903
0.6942224339714858
0.695239714479482
0.6964412231614123
0.6959368452559114
0.6961816934973613
0.6944421817162298
0.6942489552510239
0.6953259086379807
0.6936527000556947
