0.5229479055694479
0.5469412667291094
0.5696460720203195
0.5819857057712116
0.5865132660859473
0.5925898464873113
0.590237836322035
0.5975877279535424
0.6392356856404056
0.6569377156191045
0.664590826075621
0.6690690793533591
0.68089504353194
0.6859469211180065
0.7051593272026134
0.7201948764398518
0.7263343396944631
0.7280799070906355
0.733728153084426
0.7339640866421697
0.7305353586280685
0.7376232196010625
0.737676406905299
0.7429038486671204
0.7407266911246361
0.7413231311995652
0.744376604609522
0.7456039976376442
0.744035514785789
0.7432499961478878
0.7488572331431952
0.750140813259989
0.7488351903585906
0.7518357221804419
0.7516608490813058
0.7503851728333992
0.7494358332031805
0.7541829767147621
0.7530312949695714
0.7578732285978562
0.7537279206779186
0.7527165530818257
0.7552320566179109
0.7564030475557466
0.7528450523802803
0.7579363930008375
0.7598702915734161
0.7633085564448602
0.7606926420355697
0.7559622686499441
0.7666047001298251
0.7651598176110587
0.7641389848248277
0.7636577139482349
0.766760694039546
0.7599978080073462
0.7647952158250196
0.7662040599778743
0.7603220355615742
0.7695772715035784
0.769437203070612
0.7685533928611376
0.7689387576602644
0.7689067736105175
0.7672238126369451
0.7635579736753046
0.7701901182493525
0.7643123785080905
0.7725782077332293
0.7728100511412056
0.7717559596527971
0.7713625783648892
0.7734943040185285
0.7727592698074205
0.7722312002460028
0.7721328114117944
0.7713050398374957
0.7729618985912121
0.7737642641413601
0.7708012245058635
0.7703709141310682
0.7718472687909748
0.7694058742638819
0.7724117452925012
0.7720518274702137
0.7764808453781589
0.7748099449713605
0.7757010498784805
0.7766941218609701
0.7757361156180398
0.7766984577268687
0.7751350990801669
0.7765133771701149
0.7749726551220013
0.7771559350914221
0.7768755781047885
0.7791631901673414
0.7758783289480683
0.7785178269868696
0.7763639459287319
0.7769868363213693
0.7799219718187146
0.7776216848990596
0.7798684312975394
0.7814130131365474
0.7823763944198481
0.7785844774874624
0.7817304425444787
0.7825486670232623
0.7821252827719154
0.782561259974987
0.7835904266333353
0.7844385670510947
0.7764612751121245
0.783283603971735
0.7829280578489488
0.7828390881331037
0.7818990805967851
0.7791261433414742
0.7822005640516174
0.7837768330333804
0.7818241371767636
0.7827066061856885
0.7826314324067941
0.7849081254587661
0.7841387728946646
0.7850104457510741
0.7852163149163461
0.7821596523157696
0.7873379713276918
0.7859517330589093
0.7857677377484018
0.7811014655585075
0.785216227891883
0.7860913100596132
0.7855265622465252
0.7875761009733585
0.7871591053414233
0.7848207528977738
0.7854767842536093
0.7864588194865383
0.7865748077386453
0.7867593303150178
0.7845198069469786
0.7875274798938938
0.7895444561142543
0.7872134239636805
0.7856553686901441
0.7883202266813216
0.7859308574259278
0.7874247040029256
0.7862556480796234
0.785524407111291
0.7904645299294278
0.790818924257849
0.7877573115010454
0.7896824359601055
0.7882058355840674
0.7913938539331243
0.7891709727138891
0.7904172705268568
0.7863665735556101
0.7910123028531175
0.7903316333360414
0.7883463647347799
0.7907397883063386
0.7897662405181088
0.7918527083318295
0.7926391484052231
0.789913009834737
0.7919579311459376
0.7916624011882013
0.7907947621716125
0.792860753641065
0.7925875684940116
0.7913700604210847
0.7933782420515822
0.7923203010104511
0.7927767801532215
0.7943219558062135
0.7939420070001455
0.794015199692732
0.794536952301943
0.7948229607595946
0.7928654836765912
0.7913305922675079
0.7945971527540914
0.7961994215739889
0.7971187531216826
0.7962230666325326
0.7944981957013294
0.7964220403888724
0.7926758676095818
0.795635666863598
0.796125056610693
0.7961747885318343
0.7953775727822698
0.7961571225658172
0.7985620384855961
0.7963543609519801
0.7986967369972782
0.7961260497133901
0.7964269956641853
0.7955458627367238
0.7963019107961371
0.7969762735991787
0.7964160152245714
0.7944582054009736
0.7942280512913995
0.796535161952782
0.7971140947533615
0.7961767952135727
0.7976617857716742
0.797654731671074
0.7986555488307827
0.7986890942017802
0.7988640748017237
0.7990517609732858
0.7965849706602142
0.7995156935053696
0.7997335515702106
0.7993743862535749
0.7954167952197155
0.797357543129452
0.7986128402957255
0.7976240785837045
0.8005268205044174
0.7983715521739556
0.7964553298055663
0.7995514298452033
0.8004306533535619
0.8020238102002604
0.7994776382195471
0.8021478917274392
0.8012937210262928
0.8028354924870502
0.8000249657827488
0.8004366170888302
0.8029871146972697
0.8004234712758098
0.8019656471443665
0.8001951139654452
0.8009692579941056
0.8035245726625344
0.8025387646631742
0.8020245473486537
0.8022023229695899
0.8025328981905412
0.8013739268667912
0.8004775237055917
0.8015572208625077
0.802747203609652
0.8030148703819253
0.8024765216956851
0.8031344419942792
0.8032369619309438
0.7983659672510564
0.8026772205840295
0.7981878025795792
0.8021521661643051
0.798318052605469
0.8021693918889206
0.799654477047733
0.8041442482691219
0.8043221569862957
0.804413814222326
0.805022386531234
0.8049851554182684
0.7996219401366909
0.8021333739993529
0.8057272181345467
0.8024565572600235
0.8056863934231621
0.8049454569058186
0.8030782446674353
0.8062011738371496
0.804252614202075
0.8063073078485777
0.804820940256324
0.8023782403622838
0.8043794139639555
0.8050620440909955
0.8020835089819741
0.8033346904030496
0.8027301775293928
0.8056922496576228
0.8060860865441906
0.805503427048954
0.8046135148888874
0.8058055964613192
0.8023671882554652
0.8067375004843934
0.8053478631424625
0.8045584232846339
0.8084859294496772
0.8064655592752541
0.8059380937659925
0.8056577674938751
0.8063106915644678
0.8084500548945195
0.807741568263755
0.8079825441212748
0.8065522561168856
0.8030915645293817
0.8053367188920946
0.8081223617190239
0.8061296243711906
0.8068928084365814
0.8054293078017891
0.8037009047011998
0.8073430576516081
0.8081040968199367
0.8075964319355822
0.8039772380861847
0.8073190849715559
0.8060865882146251
0.8065076176863809
0.806693409796098
0.8064301403187563
0.8075046467224003
0.8067894284934577
0.8086148331559315
0.809365321887876
0.810789569370706
0.8117078873393586
0.8051913880386513
0.8088904242734366
0.8088342269465926
0.8130587373661596
0.8141386188101738
0.810637680968011
0.8126928404513457
0.8141772218382055
0.8119555743187123
0.8122939868604323
0.8114183825459232
0.8129348350069929
0.8138149287599828
0.8144870647605853
0.8134106694141826
0.8120216156480632
0.8115263133565607
0.813248379028599
0.8145748314912047
0.8159780395302992
0.8156583423672404
0.8133200462335377
0.8100146216455333
0.8144270793100516
0.8110118042541345
0.8122315493676727
0.8141781381546113
0.8135778638842182
0.8146011743081054
0.8149055807610822
0.8132524026302479
0.814370364955515
0.8146544383986332
0.8146292524951833
0.813654209933822
0.8129276836437572
0.8136822881208998
0.8129282569813969
0.8145210862065868
0.8141425502682733
0.8145387828871204
0.8152717592256297
0.8121535344960109
0.816248480847221
0.8109234385904452
0.8132321003349059
0.8145511659563167
0.8152838197924036
0.8176045574608964
0.8134301219412371
0.8141932599348536
0.8160350815063444
0.8161648247427135
0.815306067340451
0.8090830196485369
0.8165337521564788
0.8152098029269603
0.8148823861821124
0.8130949344237396
0.8159730433022978
0.8181936670045777
0.8132521415568583
0.8162331082317618
0.8165900006741836
0.8122114057639989
0.8167668292641975
0.8156719079453183
0.8147302111105976
0.8139746288880164
0.8171903466117818
0.817007021901549
0.8170312300595601
0.8146966708586862
0.8174809008178611
0.8134746272755041
0.8153379643657347
0.8155837879977601
0.8176462472978264
0.8156811939674435
0.8169449888165886
0.817410800053259
0.814607235306009
0.81505599486699
0.8161340078445898
0.8167744157497487
0.8182139846571777
0.8165065749285491
0.8169053978049461
0.8166348797017334
0.8170720445327726
0.8170767131392658
0.8185480254993961
0.8175212699305857
0.8177243389557791
0.8165775356996103
0.8149257601983584
0.8177911635052982
0.8152648484594394
0.8192977463684308
0.8164605901784089
0.813299590365614
0.8150306861054746
0.8158068061013568
0.8189115471582751
0.8182732227211453
0.8191972433516765
0.8163687179407637
0.8157033749673723
0.8149400936393462
0.8173391123719761
0.8179323171845108
0.8183267478850623
0.8187502703517329
0.8205549580728935
0.816719917959479
0.8162839407564073
0.8185073031697331
0.8182153770485878
0.8195918941729289
0.8152977897782806
0.8182057070950073
0.810698685116672
0.8199105675187743
0.817527699502686
0.8193265565848161
0.817437987519361
0.8202692618794919
0.8199472867231333
0.8187247465886026
0.8176382512853897
0.8213559517079754
0.8178747223471705
0.817714018878268
0.8182700949595584
0.8195609185831372
0.8192907844113796
0.8200972913021558
0.8199389170174136
0.8171455597277814
0.8203007493778904
0.8218107671477738
0.8192645132616835
0.8209422322911233
0.8194161917818499
0.8185357448119216
0.8206374163112612
0.8196933083870032
0.8194408504194348
0.8169041385097736
0.818654988802767
0.818846483574363
0.8191474295251582
0.8202434463284558
0.8195073012756712
0.8188308038137397
0.819655964654144
0.8208533086470526
0.82009532045402
0.8196481529288058
0.8194391969546353
0.8198179120609611
0.821024833863901
0.8215216053331048
0.8221239477142691
0.8170107178816894
0.819741407319689
0.8184655723801144
0.8206346417666129
0.8219964722330279
0.8198214032776587
0.8209133401693609
0.8187710282457348
0.8216414687333645
0.8206870816842837
0.8201620784554203
0.8205382852095733
0.8180482491266712
0.8210774631877563
0.8223469504606077
0.8190423500454601
0.8207668114497779
0.8181803932144056
0.8178838343203699
0.820684967501738
0.8235734425295821
0.821377984254408
0.823887964296627
0.8216644841443219
0.8236384190890311
0.8236278174617861
0.824139874521986
0.8205739191676857
0.8221123632224995
0.820287752018366
0.8213901420838171
0.8226498007114199
0.82066602688329
0.8202842812780126
0.8213703977688566
0.8205178754134237
0.8231322233823778
0.8218254947583885
0.8226293141289795
0.825188867400672
0.8228004451762008
0.821255520358426
0.8233452439108855
0.8230334096640257
0.8227920140414483
0.8242765899535786
0.8233862733857128
0.8221402468843068
0.8235687227322281
0.8222376067822157
0.8224695167383109
0.8251709045276627
0.8233866112453934
0.8211818413526633
0.8177592460036701
0.8215061917649568
0.8232772726860874
0.8243979941987445
0.824335188131788
0.8262359303839104
0.8248892268168238
0.8226273893526184
0.8235004187668357
0.8254086809563906
0.8172956666885252
0.8233705782678312
0.8258231989506694
0.8242621694881277
0.8248695234545518
0.823579928411629
0.8236269420980686
0.8261845194025391
0.8239262038695478
0.8241622909998737
0.8241123799107202
0.825068302685621
0.8231843254403681
0.8230721304310369
0.8206513043917611
0.8203940856741506
0.8209548508382786
0.8238574852581839
0.8251123473021419
0.8248004106735607
0.8255455499605651
0.8250087881910055
0.8258515484493085
0.8244352560262265
0.8269001266820231
0.824614275585077
0.8244939207525548
0.8260515255465174
0.8240071059057514
0.8255275410157813
0.824354133869322
0.8259828632451003
0.8254550342807275
0.8246249335222685
0.8232997249975775
0.8237927492957802
0.8212633218455923
0.8238814221046334
0.8228975491198065
0.8245261505184328
0.8252887714843563
0.8257518747244972
0.8261790778140499
0.8217360540866253
0.8286175544620846
0.8257421791754862
0.8263146465703634
