0.5360363201653211
0.5420120866974242
0.5453161043829297
0.5493695333525568
0.5491337466359093
0.5542384539600154
0.5605986880046137
0.5649014201268743
0.568956350922722
0.5718728974432911
0.5716356089004229
0.5715274774125336
0.5761335784313726
0.573633037773933
0.5765600970780469
0.5804828671664745
0.5773710832372164
0.5770556997308728
0.5780634251249519
0.5788323601499423
0.5799347005959246
0.5811001177431757
0.5819035947712418
0.5824577686466743
0.586646361976163
0.5897371203383315
0.5904519896193772
0.5907583621683968
0.5918366733948481
0.5931883169934641
0.594397287101115
0.5963872068435218
0.5954981257208767
0.5998654363706268
0.6067257785467128
0.6072874615532488
0.6178242743175701
0.6165387110726643
0.6216329056132257
0.6222066032295271
0.6260723039215687
0.6289317810457516
0.637227869088812
0.6399852220299885
0.6384383410226836
0.6369365148019992
0.6337856833910034
0.6406790657439446
0.6436616926182237
0.6429618415993847
0.512461488328001
0.5172458229648063
0.5245260101907809
0.5264797369356559
0.5272618201208674
0.5302079630287948
0.5355758976182012
0.5432308330370896
0.5559426472330845
0.5647692262116364
0.5745437848086266
0.5838562033416281
0.5931834340561678
0.5897973693565588
0.5911067662045266
0.5916518544851286
0.5921969427657305
0.591725915392819
0.5865194335821781
0.5853685270766679
0.5895929612513331
0.5931893589287831
0.594201030927835
0.5982432752695817
0.5987735513686456
0.5962999170517833
0.6030987083777699
0.6080104277758028
0.60837480744164
0.6121015523166252
0.6177894300272544
0.6238535371489513
0.6241275625074061
0.6261731247778173
0.627763953075009
0.6284660504799147
0.6318491527432161
0.6329097049413439
0.6320713354662875
0.6330133902121104
0.635732906742505
0.6316654816921436
0.6352470671880555
0.636713473160327
0.6338902713591659
0.634814551487143
0.6366157127621757
0.6374570446735396
0.6392078445313426
0.6408875459177628
0.6400136272070149
0.6417199905202038
0.6453756369238062
0.6476507880080578
0.6469901647114586
0.649143855907098
0.6527521033297784
0.6536882332029862
0.6568698897973694
0.658102263301339
0.6575305130939685
0.6589228581585496
0.6595968124185331
0.6595464510013035
0.6599123118852945
0.6616749614883279
0.661775684322787
0.661674961488328
0.6617045858514041
0.662048228463088
0.6667318402654344
0.6689240431330727
0.669092902002607
0.6712021566536319
0.6723130702689893
0.680495319350634
0.680222775210333
0.6821868704822847
0.6829097049413438
0.6848678753406803
0.692916814788482
0.6935152269226211
0.6920754828771181
0.7005154639175257
0.6991482995615594
0.7017804242208793
0.6950468064936604
0.7061307619386183
0.7035993601137576
0.7090472804834695
0.7060907690484655
0.7052405498281789
0.7087080815262472
0.7072668562625903
0.7073883161512028
0.7034630880436071
0.7157927479559189
0.7165363194691314
0.7085288541296362
0.7188855314610736
0.5055582824316464
0.5210499684894319
0.522117994958309
0.5261825552646888
0.5274035897808803
0.524381302113632
0.5344964974791545
0.5419681379678107
0.5489913588326546
0.5549298889858445
0.558118819080861
0.5561130502229978
0.5572643979057592
0.554684470137677
0.5577825043630017
0.5591398826837308
0.55771130259841
0.5624227385107621
0.5627014858444832
0.5640482596470816
0.5642315663176265
0.5696853184991273
0.5717047217374442
0.5714562730269537
0.5736529232111693
0.5704912618770603
0.5682022008919915
0.5662630890052356
0.572742449583091
0.5707018373085128
0.5710578461314718
0.5761071116928446
0.5785340314136125
0.5783492098119061
0.5783552695365523
0.5814578485553616
0.5831606311809191
0.5821122988171417
0.5850027874733372
0.5872024675198759
0.5919896499903045
0.590074777002133
0.5934197450067868
0.5963587114601512
0.6015428058949002
0.6046529595695171
0.605751284661625
0.6087720573977118
0.6161891603645531
0.6152559627690518
0.6231517839829358
0.6220883023075432
0.6291145530347101
0.6255287109753733
0.6306143348846228
0.6318141603645531
0.6321747139809967
0.6343440954043049
0.6380890052356021
0.641979348458406
0.6463756786891603
0.6484571941050998
0.6503902462672096
0.6545305531316657
0.6494055410122164
0.65614092495637
0.6560106408764785
0.6547532480124104
0.6534049592786504
0.6487329115764979
0.6563348361450456
0.658779935039752
0.659457109268955
0.6600130890052356
0.6600585369400814
0.6585466356408765
0.6602736571650185
0.6602191196432035
0.662152171805313
0.6630429513282916
0.6616461847973629
0.6600312681791739
0.6680452540236572
0.6678119546247818
0.6893694250533255
0.7027250581733565
0.7186530444056622
0.7213799204964126
0.7311815251114988
0.7370109802210587
0.7392803471010279
0.7393015561372891
0.745349161334109
0.7462278214077953
0.7400923502036068
0.7497879096373861
0.7436857669187512
0.7489153092883458
0.750969555943378
0.7502120903626139
0.48236008632330246
0.4898726851851852
0.4932288652584877
0.49857283227237653
0.5087935836226852
0.5128851996527778
0.5200119960455247
0.5230110074266976
0.5255247516396605
0.5283278477044753
0.5307556905864197
0.5293074242862654
0.5316448447145061
0.5360785590277777
0.5399200062692902
0.5433545524691358
0.5412024980709876
0.5474657600308642
0.5514096860532407
0.5528353467399691
0.5526168258101851
0.5534939236111112
0.5552646966628086
0.559986255787037
0.5621292679398148
0.5651328004436729
0.5651403356481481
0.5678891782407407
0.5687542197145061
0.5711745273919753
0.5737892433449074
0.5749496648341049
0.5723485122492284
0.5752887490354939
0.5723168643904322
0.5723017939814815
0.5748803409529322
0.5783389998070987
0.578345027970679
0.5795566888503085
0.579029224537037
0.5782395351080247
0.5788634500385803
0.576342170621142
0.577000747492284
0.5700020495756173
0.5773744936342592
0.577953197337963
0.5772750289351852
0.5761568045910493
