0.5174223800418829
0.5203655649640353
0.5232108713466266
0.5240166621141764
0.5250478011472275
0.5299048529545661
0.5348538650641901
0.541578348356551
0.5460894109077665
0.5563839570244924
0.560335063279614
0.5651456796867886
0.5650473458982064
0.5732472912683237
0.5765842665938268
0.5798775380132932
0.5883342438313758
0.582320859510152
0.5919653100245834
0.5890740234908495
0.5903591914777384
0.5937667304015297
0.5972530274059911
0.6005481198215423
0.6025735227169262
0.6019967222070473
0.6046417190203042
0.6109979058545023
0.6093371574251115
0.6122211599745061
0.6116179550213967
0.6104944004370392
0.6187735591368477
0.6152135117909496
0.6200009104980424
0.6256874260220341
0.6267276700355094
0.6221569698625148
0.6221888372939998
0.6282076846034781
0.6295183465355549
0.6357429664026222
0.6383501775471182
0.6406036602021307
0.6435937357734681
0.6440844942183375
0.6430283164891196
0.6464272056815078
0.6488336520076482
0.6470818537740144
0.6514313029226988
0.6526996266958026
0.6499435491213693
0.6493708458526813
0.6539324410452517
0.6559218792679595
0.6591013384321224
0.6615396521897478
0.6674560684694528
0.6601602476554675
0.6578179914413184
0.6653159428207229
0.6648738960211236
0.6679532004006191
0.667363197669125
0.6701811891104434
0.6740840389693162
0.6748634252936356
0.6744496039333516
0.6804789219703178
0.6815373759446417
0.6834835655103343
0.685740690157516
0.687986888828189
0.6883802239825184
0.6901857416006556
0.6876636620231265
0.6952476554675406
0.6898443048347446
0.6951015205317309
0.6950978785395612
0.7006610215788035
0.7044864791040699
0.7055922789766002
0.7039702267140125
0.702621779113175
0.7066944368569608
0.695165255394701
0.6995766184102704
0.7094596194118183
0.7154557042702359
0.7077547118273696
0.717562596740417
0.7105772557589001
0.7212105071474096
0.7228880997905854
0.7244468724392243
0.7163065646908858
0.7145397432395522
0.7295301830101065
0.7278220886825093
0.7255977419648547
0.7334553400710189
0.7357015387416916
0.7224674496949831
0.7375061458617864
0.7385350086497314
0.7239879814258399
0.7394227442411
0.7373194937630884
0.740154784667213
0.74273240462533
0.7465300919603022
0.74745879996358
0.7386834198306473
0.7419020304106346
0.7528070654648092
0.7492265319129564
0.7478029682236184
0.7509405444778292
0.7518064281161796
0.7559683146681233
0.7489083128471274
0.744904397705545
0.7472293544568879
0.7659259765091505
0.7504912136938906
0.7602868068833651
0.7645543112082309
0.7686251479559318
0.7660188473094782
0.7599162341800967
0.7636415369206957
0.7677437858508603
0.771548757170172
0.7694054447782938
0.7712669580260403
0.7720886825093326
0.7719111353910588
0.7698543203132113
0.7741928434853865
0.777151051625239
0.7788391149959029
0.7760848584175545
0.7764681780934171
0.7751743603751252
0.7750059182372757
0.7808476736775016
0.7821414913957936
0.7786051169989985
0.7759200582718746
0.7846735864517892
0.7807138304652645
0.7813211326595648
0.7857397796594737
0.7757689155968315
0.7800846763179459
0.7830319584812893
0.7893872348174451
0.7871938450332332
0.7861977601748157
0.7864367659109532
0.7895684239278886
0.7827032686879724
0.7899144131840117
0.7865801693526359
0.7851816443594646
0.7898880087407811
0.7919302558499498
0.7940289538377492
0.7917244832923609
0.7928439406355277
0.7929281617044524
0.7947009013930619
0.7964690885914595
0.7867986888828189
0.7975653282345443
0.7953264135482108
0.7988327415096057
0.7949348993899663
0.7971774560684695
0.7955030501684421
0.7938468542292634
0.8022716926158608
0.7947482472912684
0.8035727943184923
0.8000878630610944
0.8049713193116635
0.8046153145770735
0.8037940453428025
0.8093011927524356
0.8049075844486936
0.8070900482563963
0.785131566967131
0.8081653464445052
0.8108549576618411
0.8051115360101976
0.8096776836929801
0.8033333333333333
0.7982044978603295
0.8074005280888646
0.8040772102339979
0.8060229445506693
0.8122571246471819
0.8096767731949377
0.8117973231357553
0.8103596467267595
0.8114850223072021
0.8100409724119093
0.8069871619776018
0.8101793681143585
0.810776654830192
0.8161230993353363
0.813640171173632
0.815248565965583
0.8139888919238824
0.8195110625512155
0.8163716653009195
0.8167039970864063
0.8160539014841117
0.8189629427296732
0.8201302012200673
0.8214313029226987
0.8189766002003095
0.8215132477465172
0.8152836201402167
0.8214704543385232
0.8237212054994081
0.8194318492215242
0.8183702085040516
0.8242984612583082
0.8225147955931894
0.8205180733861422
0.8228580533551852
0.822575343713011
0.8215751616134026
0.8249540198488573
0.8244659928981153
0.8226195028680687
0.8244896658472184
0.8268578712555767
0.828054265683329
0.8285577711007922
0.825744332149686
0.8264354001638896
0.828423927888555
0.8314786488209049
0.8292907220249477
0.8315492124191933
0.8304033506327961
0.8330683784029864
0.8336419921697169
0.8237303104798326
0.8342793407994173
0.8308112537558046
0.8325293635618685
0.8305171628880998
0.8381694436856961
0.8330820358736228
0.8385691523263225
0.8301784576163163
0.8354429572976417
0.8296394427751981
0.8350068287353182
0.8328307384139124
0.8352608576891559
0.8366411727214786
0.8306523718474005
0.8377228443958845
0.8361303833196759
0.8377201129017572
0.8406500956022944
0.8375425657834836
0.8319675862696895
0.8405144313939725
0.8393735773468087
0.8368842756988073
0.8377383228626059
0.8376932532095056
0.8338168077938632
0.8419047619047619
0.8354324865701539
0.8433360648274606
0.8433825002276245
0.8394209232450149
0.837570791222799
0.8405608667941364
0.824270235818993
0.8430360557224801
0.8374833834107256
0.8460220340526268
0.8447141036146772
0.8450505326413548
0.8446817809341711
0.8427688245470273
0.8436438131658016
0.8440717472457434
0.8451097150141127
0.8395361012473823
0.8368114358554128
0.8395283620140218
0.8468651552399162
0.8424073568241829
0.8469033961576982
0.8356141309296186
0.8375207138304652
0.8487034507875808
0.8474428662478377
0.8481271055267231
0.84771738140763
0.8468779022125101
0.8438614221979422
0.846661203678412
0.8485686970773012
0.850706546480925
0.8422707821178185
0.8499981790039153
0.8480797596285168
0.849094054447783
0.8436310661932076
0.8492401893835928
0.8507288536829646
0.8512223436219613
0.8445561322043157
0.8447919511973049
0.8516388964763726
0.8534353091140854
0.8483683875079668
0.853956113994355
0.8498270053719383
0.8386925248110716
0.8501839206045706
0.8528407538923791
0.8421556041154511
0.8504825639624876
0.8550396066648457
0.8459437312209779
0.8425038696166803
0.850848584175544
0.850784849312574
0.8491341163616497
0.8398046981698989
0.8567995993808613
0.8534589820631886
0.8560739324410452
0.8504525175270874
0.8525157060912318
0.8539333515432941
0.8538463989802422
0.848160793954293
0.853774014385869
0.8545980151142676
0.8521214604388601
0.8534180096512792
0.856951652553947
0.8457944095420196
0.8568301010652827
0.8546121278339252
0.8582277155604116
0.8581844669033961
0.8544814713648365
0.8616598379313485
0.8580041882909952
0.8552544842028589
0.8476144951288354
0.8538805426568333
0.8550441591550579
0.8575971956660293
0.8570800327779295
0.8590426113083857
0.8506009287080032
0.8564872985523081
0.8569780569971774
0.8554447782937266
0.8558781753619229
0.8608176272421014
0.855950104707275
0.8472794318492214
0.8497578075207137
0.8553455340071019
0.8594118182645908
0.8462478375671494
0.8538659746881544
0.8522935445688791
0.8438555039606666
0.8489465537649092
0.8594869343530911
0.8607866703086589
0.8638504962214331
0.8509683146681234
0.8600027314941272
0.8601875625967405
0.863078393881453
0.8565710643722116
0.8573804971319312
0.8602458344714559
0.854405900027315
0.8586870618228171
0.8585295456614768
0.8617472457434217
0.8629664026222343
0.863421651643449
0.8603987981425841
0.8604120003641993
0.8610671037057271
0.8646462715105163
0.8593143949740508
0.8590817627242102
0.8570117454247472
0.853930620049167
0.8599963580078303
0.8510388782664118
0.8575717017208413
0.8627633615587728
0.8606919785122463
0.8605289993626514
0.860931439497405
0.8630793043794955
0.864758262769735
0.8612127833925157
0.8594236547391423
0.8650095602294454
0.8637940453428025
0.8621897477920423
0.8545406537375946
0.8639916234180096
0.8643717563507238
0.8605890922334516
0.8606255121551488
0.8658490394245653
0.8645474824729127
0.8612419193298734
0.8630838568697078
0.8640681052535737
0.8629436401711735
0.8655381043430757
0.8638341072566693
0.8682126923427115
0.8643057452426477
0.8668196303377947
0.8656951652553948
0.8680506236911589
0.8653346080305927
0.8650168442137849
0.8648748065191659
0.866854229263407
0.8666885186196849
0.8605526723117545
0.8646972594008924
0.8680797596285169
0.8664171902030411
0.8695711554220157
0.8693280524446874
0.868693435309114
0.8687225712464718
0.868143949740508
0.8599221524173724
0.8663498133479013
0.8679481926613857
0.870534462350906
0.8659300737503415
0.8660311390330511
0.868701629791496
0.8677911317490667
0.8677346808704361
0.8618956569243377
0.8695597741964856
0.8650113812255305
0.8640790312300828
0.8672288992078667
0.8675421105344625
0.8634735500318674
0.8682600382409178
0.867742875352818
0.8684334881180005
0.8652567604479651
0.8661631612492033
0.866907038149868
0.8627533460803061
0.8696945279067649
0.8683201311117181
0.8675475735227168
0.8672038605117
0.8712929072202495
0.8746681234635345
0.8625880906856049
0.8695037785668762
0.8671619776017483
0.871228261859237
0.8727442410998816
0.8697004461440409
0.8689993626513702
0.8723226805062368
0.8718760812164253
0.8680041882909951
0.8692752435582265
0.8709455522170628
0.8672876263316034
0.8731967586269689
0.871289720477101
