0.4787680077045525
0.48348827294726743
0.4916191521925156
0.501042813633868
0.4906131437457252
0.4929318705316203
0.5089727978996507
0.5164718547667317
0.5372269131796308
0.5382559248683447
0.5393294094914444
0.5417646860364187
0.5396882600654519
0.5411773365926371
0.5442429019663171
0.5430359985400608
0.5440772786244674
0.5461184329578183
0.548076775620244
0.5487270005919501
0.5480905775653983
0.5493066822884238
0.5511561429390782
0.5501486009428262
0.5508310304532251
0.5534119941970488
0.5522741004965632
0.550696078100607
0.5489033587800307
0.5520011286924037
0.549524446311967
0.5512650249508497
0.5547599841737696
0.5596627418024114
0.5682506187872078
0.5762235424379143
0.5812489840234817
0.5865704006551323
0.5886989673077925
0.5930695832732693
0.5975874199870569
0.5944252409972979
0.604761364368285
0.6071015608466419
0.6106103220147159
0.6118248931882799
0.6240411481991529
0.625559362166108
0.6221916875484984
0.6277799417864623
0.628638729484942
0.632257906214249
0.6358648145478637
0.6384994525228422
0.6424253391444634
0.6440294318812665
0.6454249618912957
0.6395177293653251
0.6460169119834622
0.6477099505890365
0.6468450286927105
0.6461089249511565
0.6501912336178579
0.6528442741863754
0.6540864492502476
0.6538794200729356
0.6552013397088097
0.6517033133869666
0.6595796234215942
0.660898475958545
0.6556997432838201
0.6620747083955698
0.6569081802595379
0.6628844225112793
0.662695795927506
0.6604782834060746
0.6632969473164417
0.6646035314577001
0.6614873589517882
0.6680172125591566
0.667547946423916
0.6656218083001831
0.6742740943623655
0.6696489091862681
0.6703390064439748
0.6783287991387587
0.6802457359657221
0.6780558273345991
0.6886955934989771
0.6891418563922943
0.6884517591345873
0.6914667173760356
0.6909284415150242
0.6928515125398339
0.6970626393613073
0.6979183599608638
0.696838741139918
0.7032121727022063
0.6992556150913536
0.6992464137945842
0.7037673176072947
0.7008873117184651
0.6997632199631334
0.6981821304682541
0.7003168313187605
0.704106232038302
0.7024239282789588
0.7009701233893897
0.7015896773718644
0.696749795271147
0.7035587548805211
0.6997708877104414
0.7038516628276812
0.7055401007848705
0.7093678402409513
0.7108737858122137
0.704031088114685
0.7012737661827808
0.7026999671820415
0.7062056612511923
0.7049343487475502
0.7061811244598073
0.7057041905772586
0.7132369855324945
0.7091608110636393
0.7138274020751991
0.7026140884121935
0.7081026619351554
0.7099919948718106
0.7109075239003684
0.7128674001122558
0.7096776172321886
0.7122509132287044
0.7118276535773108
0.7132216500378786
0.7113691222883012
0.7098447741234999
0.7115148094871504
0.7130514260476443
0.7143610772878257
0.7151094494250724
0.7140605015933579
0.7172962909572722
0.7177808925871286
0.7196303532377829
0.7140927061320509
0.7163132857524054
0.7130161544100282
0.7131756435540315
0.7093985112301827
0.7083495633984683
0.7141831855502835
0.7092589582291797
0.7128919369036409
0.7122861848663206
0.713141905465877
0.7166537337328741
0.7174373775077367
0.716618462095258
0.7161277262675553
0.7142322591330539
0.7098248379804994
0.6962145865090587
0.7120730214911621
0.710530270732822
0.7118245864783876
0.7049481506927042
0.7109719329777544
0.7106866927779021
0.7053177361129429
0.7116927012246925
0.7103186409071252
0.7091424084701005
0.7096944862762659
0.709576402967725
0.7126665051327901
0.7097052211224968
0.7080643231986161
0.7066626589907404
0.7044390122714628
0.7034667419128269
0.7030281467668176
0.702765909808889
0.7073834272376787
0.7099122502998089
0.7065169717918911
0.7059756288319567
0.7049542848905507
0.7032060385043599
0.7076027248106833
0.709433782867799
0.7044298109746934
0.7089016412046337
0.7054312187730991
0.7056842544342583
0.710726565063903
0.7087528869068613
0.710068672344889
0.7100487362018888
0.7097849656944986
0.7129302756401802
0.705307001266712
0.7092788943721803
0.7142874669136703
0.7155664471646204
0.713520692182885
0.7118445226213882
0.71317411000457
0.7155265748786196
0.7181458773589824
0.7167135421618754
0.7187500958468414
0.714681589125294
0.7138089994816603
0.7128919369036408
0.7143242721007481
0.7134685515011916
0.7139991596148951
0.712977815673489
0.7093678402409513
0.7140466996482038
0.7120147466116225
0.711623691498922
0.7119840756223911
0.7139408847353553
0.7163424231921752
0.7155204406807731
0.7137338555580433
0.7140881054836661
0.7138289356246607
0.7178453016645145
0.7200321431967145
0.7172594857701945
0.7144178186179039
0.7157090672645465
0.7175799976076629
0.7195720783582433
0.7116604966859995
0.7173591664851967
0.7217834566818284
0.7218785367484458
0.7191058793219258
0.7204462015513386
0.7244978392288086
0.7247984149232765
0.7236375179808674
0.724275474556881
0.7241635254461862
0.7243444842826516
0.7207559785425759
0.7253627611251345
0.7168362261188009
0.7223815409718409
0.7227802638318492
0.7158087479795485
0.7238077419711018
0.7145880426081382
0.7099352535417325
0.7230256317457007
0.7190077321563852
0.7204845402878779
0.7198818553494806
0.7194800653905491
0.7178928416978233
0.7199324624817124
0.7140022267138183
0.715968237123552
0.7150005674133009
0.7202100349342567
0.7138089994816603
0.713977689922433
0.7202560414181038
0.716121592069709
0.715557245867851
0.7157244027591622
0.720866394103809
0.7203848595728758
0.7198174462720945
0.7146095123006002
0.7200045393064062
0.7201670955493328
0.719112013519772
0.719933996031174
0.7119411362374671
0.7192316303777745
0.7202361052751034
0.7204508021997232
0.7206455629813429
0.7200076064053293
0.7205489493652638
0.723735665146408
0.7186703512748397
0.7173085593529649
0.715350216690539
0.72383534586141
0.7218892715946768
0.7153762870313856
0.7181336089632899
0.7232648654617059
0.725997650602225
0.7216745746700568
0.7211823052928925
0.7228799445468516
0.7192101606853126
0.7171736070003466
0.716100122377247
0.7166429988866431
0.7166307304909505
0.7165571201167952
0.717790093883898
0.7159130293429354
0.7158792912547809
0.717053990142344
0.7156799298247767
0.7156155207473907
0.7163424231921752
0.7184587214491429
0.7189111185403063
0.7189095849908447
0.7160571829923231
0.7176520744323567
0.7177686241914362
0.7187316932533026
0.7173269619465037
0.7196794268205533
0.7157075337150849
0.7192132277842358
0.7193757840271623
0.7201241561644087
0.7202315046267187
0.7214690790422063
0.7213693983272043
0.7212681840627406
0.722070230431142
0.720108820669793
0.7213755325250505
0.7223355344879938
0.7203235175944129
0.7199523986247127
0.7200612806364843
0.7219368116279854
0.7190200005520777
0.7216975779119803
0.7216546385270565
0.7220441600902954
0.7224643526427659
0.7190460708929245
0.7209031992908868
0.7238200103667944
0.7221821795418368
0.7228170690189271
0.7231943221864735
0.7229213503823139
0.7253136875423642
0.723853748454949
0.7221009014203735
0.7221975150364525
0.7231728524940114
0.724568382504041
0.7241297873580317
0.725307553344518
0.7258749666452993
0.7261080661634579
0.7237862722786399
0.7232311273735512
0.7243690210740368
0.7237371986958696
0.7246496606255041
0.7268042976190112
0.7181458773589825
0.7230010949543155
0.7256449342260637
0.7253842308175966
0.7224091448621491
0.7234826294852488
0.7262859579010003
0.7240684453795688
0.7257124104023728
0.7264577154406962
0.7239426943237199
0.7262046797795371
0.7281553546946551
0.7227848644802342
0.7263181624396932
0.7271600810940955
0.7281170159581158
0.7266064697384685
0.7235225017712497
0.7280648752764223
0.7263166288902315
0.7276017433390279
0.7281231501559621
0.7266816136620855
0.7239242917301812
0.7274146503047163
0.7283669845203516
0.7283133102891968
0.7296106931336857
0.727537334261642
0.7294788078799906
0.7295033446713757
0.7295002775724525
0.7298698629926912
0.729248775460755
0.7277995712195705
0.727905386132419
0.7276630853174908
0.7273257044359452
0.7269852564554764
0.7248536227038931
0.729506411770299
0.7295769550455311
0.7267889621243955
0.7260099189979174
0.727733628592723
0.7253872979165197
0.724786146527584
0.7253136875423642
0.7288347171061309
0.7296321628261475
0.7279207216270347
0.7277596989335697
0.7281568882441165
0.7279943320011901
0.7307087145481704
0.7284973362245852
0.7287856435233606
0.7302609181053916
0.7254793108842139
0.7287273686438209
0.7291076889102904
0.7277244272959535
0.7291168902070598
0.7272306243693277
0.7281921598817327
0.7283041089924274
0.7302241129183139
0.7225195604233824
0.7271171417091715
0.7291874334822921
0.7300998954119268
0.7301873077312362
0.7324692293300535
0.7283961219601215
0.7291567624930607
0.7298897991356915
0.7296260286283014
0.7277949705711859
0.7300922276646189
0.7305369570084743
0.7304587459859343
0.7299235372238461
0.7329691664545256
0.7310890348146399
0.7298959333335379
0.7319401547658116
0.7349198413696436
0.7357510251778151
0.7339000309776991
0.7383657270097932
0.7354642514285014
0.7368245098009146
0.7361114093012842
0.7374962044650826
0.7374762683220821
0.737091347407228
0.737677163301548
0.7390726933115773
0.7356467438144283
0.7372508365512312
0.7416904622424786
0.7407258596311507
0.736140546741054
0.7348983716771817
0.7310154244404844
0.7324385583408222
0.7365239341064467
0.7340886575614722
0.7333556209188414
0.7342880189914766
0.73641965274306
0.7350440588760309
0.7355179256596562
0.736094540257207
0.733650062415463
0.7356375425176589
0.7370852132093817
0.7340671878690104
0.7350578608211851
0.736465659226907
0.7349535794577984
0.7347419496321015
0.7369165227686088
0.7382139056130976
0.7359289169153573
0.7366312825687568
0.7355762005391959
0.7357786290681233
0.7364625921279839
0.7375820832349306
