0.5707695701006185
0.5786185060176627
0.5831865315800319
0.5903752223792622
0.5942046440625826
0.5979789243954041
0.6015108730036653
0.6042084459135906
0.608419503785889
0.6111896311043652
0.6143994381386602
0.6194448717092947
0.6195449967930953
0.6193969857996512
0.6181040662392728
0.6180387672715769
0.6133807742426045
0.6138306115756206
0.620134138590529
0.624380022578932
0.6256787464919944
0.6259994369777897
0.6265203776311856
0.6277059166669086
0.6312175500407755
0.6334667367058557
0.6345057158363057
0.6353415426228128
0.6387196758849462
0.6394365134414297
0.6426492226520668
0.6439435933006161
0.6439406911242741
0.646247921316195
0.6475016614959559
0.6487612060284007
0.6476119441969532
0.6504357617777572
0.6521625567012703
0.6528532746706754
0.6540983083214102
0.6544581781878229
0.653332133767112
0.6539531995043083
0.6546352109446874
0.654748395822027
0.6546410152973715
0.6556219509009806
0.6539793190913867
0.6550095916928105
0.6576679852221181
0.656704462676561
0.6576375123705267
0.6595921281368898
0.6594673345541823
0.6605817702695251
0.6590639320426388
0.6603002591643473
0.6613160208840609
0.6619370866212573
0.6625668588874797
0.6618906517997847
0.6625001088316128
0.6609996836627787
0.6611955805658664
0.6612202490647737
0.6621054128490955
0.6604859984502378
0.6606253029146557
0.6599839219430651
0.6616700863977897
0.6572355609471543
0.6606369116200239
0.6610054880154628
0.662294054311328
0.6620444671459128
0.6638757404177393
0.6616120428709489
0.6645983823269069
0.6642472189895202
0.6629412396356027
0.6633794682632507
0.6646636812946028
0.6657679593927486
0.665651872339067
0.6646245019139854
0.6630689353946525
0.6632053376827283
0.6634621802889986
0.6628425656399735
0.6646303062666693
0.6645751649161706
0.664229805931468
0.66444601806895
0.6655561005197799
0.6657476441583543
0.6646215997376432
0.6655212744036753
0.6669781669273789
0.6666995579985432
0.6665834709448615
0.6666473188243864
0.6668127428758827
0.6674018846733165
0.6678894502987791
0.669375364585903
0.6677617545397293
0.6695320821083731
0.6689603533689914
0.6714126923780143
0.6710499203352595
0.6720221494098424
0.6723675083945451
0.6718683340637144
0.6729537480156369
0.6719931276464222
0.6709135180471836
0.6704491698324574
0.6718073883605316
0.6717261274229545
0.6726199977363024
0.6702576261938828
0.6725068128589629
0.6748575756960145
0.6732207482391045
0.6729421393102688
0.6703069631916974
0.6706349091183479
0.6720743885839991
0.6741349337868467
0.6736052866044246
0.6715374859607219
0.6727273782609579
0.6732816939422873
0.6743525970124996
0.670716170055925
0.6741871729610034
0.6734674332281778
0.6735399876367288
0.675942989647937
0.6760822941123549
0.6761432398155376
0.6765597021206203
0.6762099898714045
0.6764421639787677
0.6769442404859404
0.6753364347924509
0.6741581511975832
0.6735951289872275
0.6720918016420514
0.6735051615206243
0.6738824444450894
0.6763783160992428
0.6770313057762016
0.6774405126404291
0.6769616535439926
0.6756063371922605
0.675046217158247
0.6755018588439471
0.6762041855187205
0.6754481685816194
0.6742974556620009
0.6717885242143082
0.672727378260958
0.6740246510858492
0.674155249021241
0.6704607785378256
0.6730553241876083
0.6730814437746866
0.675568608899814
0.677594327986557
0.6771241754191468
0.6773113657932084
0.6785462418267458
0.6795707100754856
0.6805342326210425
0.6801627540492615
0.6794052860239894
0.6792108402090727
0.6777104150402387
0.676909414369836
0.6770225992471754
0.6812017331797114
0.6797912754774805
0.6815151682246516
0.6828443649893055
0.6854127910520098
0.685496954165929
0.6890230984215062
0.6910662305663017
0.6907440889923354
0.6930803409476767
0.6916495680110515
0.6950218969205006
0.6929961778337576
0.69079342599015
0.699827900942917
0.6941483418415471
0.7011890216473333
0.7014182935783544
0.6977484915938462
0.7062794389512695
0.7009989290969298
0.7037139150649072
0.7140427606662236
0.7101596487205756
0.716611186728928
0.7191621997335802
0.7158827404670763
0.720035754812534
0.7169014043631319
0.7255121615699613
0.7235154642466385
0.7258197922622174
0.7223720067678752
0.7260026293717659
0.7281125115724282
0.7288583708923321
0.7314761339528512
0.7341635492455791
0.7315951231828748
0.7357075070595439
0.7345263212883341
0.7346801366344623
0.7319724061073399
0.7394977493622468
0.7224503655291101
0.7407050547205348
0.7390914446743613
0.7439641987526446
0.7355101590682853
0.7362081324785456
0.7353041045480007
0.7393903688375912
0.7442007261245209
0.7389724554443378
0.7466661249270828
0.7424231431150219
0.7468924946817619
0.7491794096392885
0.7462307984757769
0.743624644120626
0.748836952830928
0.7426320998116488
0.7485264199623297
0.747568701769457
0.7490488117038967
0.7492258444607611
0.7521860643296407
0.7519335749878834
0.7416105337392511
0.7351778598771219
0.7498585189033257
0.7506130847522557
0.7505202151093106
0.7523834123208994
0.7558718282840302
0.7507393294231344
0.7561765567999443
0.7565306223136731
0.7608055280654962
0.7537721037005651
0.7596591684103909
0.7603237667927178
0.7622537140601737
0.7544178379366688
0.7577582429063555
0.7607039518935248
0.76048338649153
0.7609970717040708
0.7622595184128579
0.7625903665158503
0.76377155228706
0.7638324979902429
0.7634552150657778
0.7639398785148983
0.7660671737736129
0.7679971210410687
0.7656086299115706
0.7685485345460561
0.7704639709318019
0.7680667732732775
0.7687923173587873
0.7636786826441149
0.7720427548618709
0.7744515612257632
0.7713578412451497
0.7720369505091869
0.7746169852772594
0.7760158342741221
0.7747649962707035
0.7771244656367811
0.780926316644852
0.7793069022459942
0.7776033247332175
0.7804068270796269
0.7786161842765891
0.783689188522473
0.7841796563242776
0.7857410271962944
0.785854212073634
0.7821249154741139
0.7830449053745403
0.7870760283136323
0.788016333448453
0.7869773543180032
0.7865797561591438
0.7898243893095432
0.7883442793751034
0.7812049255736878
0.7876738766400924
0.7875316699993324
0.7911622926032233
0.7900449547115382
0.7884632686051269
0.7860399513595244
0.7904657702811337
0.7839677974513088
0.7836572645827106
0.7882398010267899
0.7916295429942914
0.7937104034315333
0.7940006210657373
0.7891017474003755
0.7904091778424641
0.7890378995208506
0.7898214871332011
0.7907356726809434
0.7899027480707783
0.7913915645342442
0.7918704236306806
0.7891626931035582
0.7925466307183757
0.791304499243983
0.7928252396472115
0.79436049093215
0.7942473060548105
0.7938642187776614
0.7952891873616024
0.7946071759212232
0.7934724249714861
0.797555787084735
0.7939135557754761
0.7958928400407466
0.7939745014786589
0.7910549120785677
0.7930443539610353
0.7946826325061163
0.798763092443023
0.7975180587922883
0.7986005705678689
0.8009716486393146
0.8005218113062986
0.7989488317289135
0.7981246136477744
0.7952877362734314
0.7929761528169974
0.7951585894262108
0.7943895126955705
0.7932489573931492
0.7969956670507212
0.8022311931717596
0.7988066250881536
0.7981855593509574
0.7968882865260658
0.8007539854136617
0.8012415510391243
0.8022079757610232
0.8041059990887166
0.8057834570144151
0.8016478557270097
0.802782606676747
0.802794215382115
0.8014708229701454
0.8002954415516195
0.8025388238640156
0.8036735748137528
0.805856011422966
0.8023675954598353
0.8006698222997426
0.8023182584620208
0.8000139304464418
0.7981884615272993
0.7998310933368933
0.800257713259173
0.7967315690035957
0.7977676459577038
0.80025335999466
0.8022544105824958
0.8017146057828766
0.8034501072354159
0.8049099019354614
0.8051565869245346
0.8021063995890517
0.801972899477318
0.8025010955715692
0.8029509329045851
0.8049418258752239
0.8035255638203087
0.805478728498501
0.8017204101355606
0.8056789786661016
0.8069095014351262
0.804648706064678
0.8056006199048666
0.8070313928414918
0.808546328892036
0.8086783779155988
0.8085985680661929
0.807791763043106
0.8111089506020563
0.8112163311267119
0.809205122921679
0.8071735994822516
0.808171948143913
0.8073070995939857
0.8090803293389712
0.8058327940122298
0.8002228871430686
0.8079542849182602
0.8093749002376882
0.8075276649959805
0.8119912122100363
0.8084940897178795
0.8114659182921273
0.8085898615371667
0.8041553360865313
0.8019496820665817
0.8088771769950285
0.812937321697541
0.8126064735945485
0.8136048222562099
0.8137325180152596
0.8128531585836218
0.8145567360963988
0.8121711471432427
0.810776651410893
0.8120985927346915
0.8114615650276142
0.8133117024456639
0.8130476043985385
0.813471322144476
0.8135699961401054
0.8130011695770657
0.8149775516659944
0.8142897358729311
0.8167478792346381
0.8158917372137366
0.8140488552365418
0.8136802788411028
0.8131288653361154
0.8040276403274815
0.7952311438347617
0.8051565869245347
0.8105546349207271
0.8091702968055745
0.8111408745418189
0.8122930385496082
0.8159294655061832
0.816669520473403
0.8184456523947308
0.8163212593123583
0.8133610394434787
0.8129837565190137
0.8150994430723599
0.8172760753288891
0.8162167809640449
0.8146728231500803
0.8125077995989192
0.8144232359846648
0.8181641412895531
0.8180219346487931
0.8192495552414756
0.8188345440245641
0.8201042461742061
0.8203785018385286
0.8200403982946811
0.8169045967571081
0.8190928377190055
0.8189738484889819
0.8169510315785808
0.8206484042383384
0.8215771006677907
0.8207151542942053
0.8207819043500721
0.8191944138909769
0.820625186827602
0.8224680688047966
0.8196384468713088
0.8255095496112536
0.8225464275660318
0.819055109426559
0.8190507561620459
0.8202304908450846
0.8187706961450392
0.8201289146731133
0.8212883341217581
0.822198166404987
0.8209473284015684
0.820247903903137
0.822633492856293
0.8212317416830881
0.8233822543525389
0.8227234603228961
0.8245866575344851
0.8256024192541987
0.8281650409642191
0.8275062469345762
0.8272102249476884
0.8294797268471626
0.829793161892103
0.8296016182535284
0.8272914858852655
0.8314241849963288
0.8307799018483961
0.8285713456521044
0.8310875325406524
0.8325676424750921
0.8268561594339595
0.8272508554164768
0.8320974899076817
0.8309308150181821
0.8274598121131036
0.8333338170293905
0.8316128264585612
0.8324428488923843
0.8239597874446047
0.8327882078770871
0.8309598367816025
0.8310875325406524
0.8349706444863003
0.8297380205416041
0.8329623384576093
0.8330435993951865
0.8345556332693886
0.8345875572091512
0.8336472520743307
0.8346267365897687
0.8297815531867347
0.8357484277459667
0.8394022677605937
0.8384184299806424
0.8291401722151441
0.827488833876524
0.8349967640733786
0.833978100177323
0.8344859810371799
0.8346223833252555
0.8325821533568023
0.8345121006242581
0.8380498535852035
0.8391642893005465
0.8399943117343696
0.8385287126816399
0.8387928107287654
0.8405225078286206
0.8407691928176939
0.8396054201045364
0.8411000409206865
0.8419416720598777
0.841892335062063
0.8395938113991682
0.8429168033108028
0.8426062704422046
0.839805670272137
0.8436858800414431
0.843236042708427
0.8437932605660985
0.8461091972870456
0.8459147514721288
0.8422289875177396
0.8382820276925667
0.8426149769712308
0.8417936610664337
0.8434420972287118
0.8453488270854312
0.845836392710894
0.847403567935595
0.846438594301867
0.8479375683825302
0.850833940371885
0.8459466754118912
0.8521486262548286
0.8538057689461327
0.8526768223490795
0.8519135499711235
0.8540959865803366
0.853158583621858
0.8479433727352141
0.852195061076301
0.850326059512028
0.846811523961819
0.8542323888684125
0.8547518784336373
0.8535416708990071
0.8540147256427595
0.8539537799395767
0.8549666394829483
0.8552249331773898
0.8544500520940652
0.8607448725799477
0.8508919838987256
0.852627485351265
0.8582199791623738
0.8612730686741987
0.8610002640980471
0.849870417826328
0.8552713679988624
0.8488488517539303
0.8561086458735404
0.8548853785453713
0.8485412210616741
0.8649994630973766
0.8588062187834657
0.8590412950671709
0.8633103964663101
0.8625384175593276
0.8647876042244079
0.8667059427864956
0.8686300857012674
0.868839042397894
0.8672747693495353
0.8692221296750433
0.8704323372096736
0.8651997132649774
0.8646308867019378
0.8641665384872115
0.8680438460801755
0.8683921072412202
0.8693149993179885
0.8719733928472961
0.8722984365976045
0.8695442712490097
0.8688651619849725
0.8688288847806971
0.8659252573504871
0.8709286093641622
0.8715264576906223
0.8694339885480121
0.8711549791188412
0.8705339133816449
0.8724667628254427
0.8706761200224048
0.8745534276153687
0.872867263160644
0.8750729171805937
0.8744112209746089
0.8755546784533722
0.8731110459733755
0.870533913381645
0.87091119630611
0.8758245808531817
0.8773133973166478
0.8787557789586411
0.8771508754414935
0.8761206028400699
0.8776326367142719
0.8769012882760783
0.8780853762236301
0.8770710655920875
0.8778082183829654
0.8742777208628751
0.8710417942415016
0.8819742925219621
0.8778038651184524
0.8756214285092392
0.878300137272941
0.8790982357670016
0.875984200551994
0.8811587809698492
0.881428683369659
0.8795234046011104
0.8830248803577803
0.8829784455363077
0.882331260212033
0.8777951585894262
0.8751715911762231
0.8806857262260969
0.8860112198137384
0.8796119209795425
0.8803403672413943
0.8778532021162669
0.8834253806929817
0.8823486732700853
0.8752296347030638
0.8804187260026294
0.8768316360438693
0.8781898545719435
0.8832759186113667
0.8788036648682847
0.8846733165200583
0.8817218031802049
0.8818320858812022
0.8827665866633387
0.8814460964277111
0.8823718906808216
0.8792418934959325
0.8839303593764964
0.8835313101294661
0.8765486738505205
0.8855845998914587
0.8902832233892195
0.8893951574285557
0.8886144719925473
0.8909782946231379
0.8900510492818565
0.8907243541932095
0.8896186250068927
0.8887857003967276
0.8874739166901259
0.8844498489417213
0.8834805220434804
0.8833354132263784
0.8853292083733593
0.8919984096073645
0.8915340613926382
0.8924772687038012
0.8953765428694977
0.8914092678099306
0.8919345617278397
0.8909942565930191
0.8889075918030931
0.8937687371760084
0.8924917795855111
0.8938616068189537
0.8936120196535381
0.8939951069306873
0.8962791197118719
0.894199710362801
0.8943288572100219
0.8939051394640841
0.895010868650401
0.8952836732265526
0.8952517492867902
0.8942737158595231
0.8922450945964379
0.8908143216598127
0.8946335857259358
0.8903035386236138
0.8922900783297394
0.8966012612858383
0.8944043137949147
0.8931824975549164
0.8935539761266975
0.8967637831609925
0.8966854243997574
0.8967840983953868
0.8977476209409436
0.8979362624031761
0.8965490221116814
0.896508391642893
0.8955143962457446
0.8911712893498834
0.8941692375112096
0.8958931302583807
0.8960324347227986
0.8947032379581448
0.8927790950433732
0.8951966079362912
0.8958728150239865
0.8969321093888306
0.8940386395758178
0.8892268312007174
0.8930083669743942
0.8958554019659343
0.8995092419805611
0.895533260391968
0.8977505231172856
0.8965330601418003
0.8974254793669774
0.8983106431512993
0.888213971657346
0.8956580539746757
0.8974545011303978
0.8987648337488283
0.8984818715554794
0.8969901529156715
0.8986937304284481
0.8999939054296817
0.8993844483978535
0.8995440680966656
0.9016713633553801
0.8996688616793733
0.8995817963891122
0.898979594798139
0.896206565303321
0.9016017111231713
0.8970510986188542
0.8998633074942899
0.8999329597264988
0.9030992341156633
0.9003450687670684
0.899641291004124
0.9038305825538571
0.9042339850654004
0.9039611804892489
0.8976373382399462
0.8958786193766706
0.9014507979533852
0.8988649588326287
0.902784347982552
0.9029918535910078
0.9020573528088712
0.9007557267194669
0.9033546256337627
0.9046141701662076
0.898304838798615
0.8984876759081635
0.8879324605521679
0.8982555018008005
0.8996891769137677
0.8954824723059822
0.9022111681549994
0.8994105679849319
0.9009342105645024
0.9029018861244047
0.9031050384683474
0.9016162220048813
0.9024201248516263
0.9001970577736244
0.9024984836128612
0.9069039873000763
0.9056009101225009
0.9009980584440271
0.9035374627433113
0.9058679103459685
0.9061203996877257
0.9076382379146123
0.902243092094762
0.9048144203338083
0.9062597041521436
0.9050640074992238
0.9043268547083458
0.8986821217230803
0.9058446929352321
0.905690877589104
0.9073930040137099
0.9076788683834007
0.9074089659835911
0.9044052134695808
0.9038262292893441
0.9075976074458236
0.8994526495418914
0.9017061894714847
0.9036245280335723
0.9056546003848286
0.90642512820364
0.9051060890561833
0.902318548679655
0.9033256038703422
0.9039437674311968
0.9027248533675403
0.9057808450557072
0.9048782682133331
0.9036419410916247
0.903685473736755
0.9102792183858675
0.9051917032582734
0.9068720633603138
0.9071158461730452
0.9079342599015001
0.9100615551602147
0.902925103535141
0.9093853480725197
0.9091705870232087
0.9102821205622097
0.9080547002196948
0.9103865989105229
0.9100789682182668
0.9097045874701439
0.910530256639454
0.9103169466783141
0.909498532949859
0.9075134443319044
0.9096697613540394
0.9037899520850687
0.9045009852888681
0.903816071672147
0.9075018356265363
0.9111353604067691
0.9113210996926595
0.8967086418104937
0.9080126186627353
0.9097220005281962
0.9089964564426863
0.9066311827239247
0.9068198241861571
0.9037261042055439
0.9065586283153737
0.9102705118568415
0.9101573269795019
0.9080938796003123
0.9091531739651565
0.9090109673243966
0.9086685105160359
0.9098584028162721
0.9079052381380799
0.9096987831174598
0.9050553009701976
0.9088078149804539
0.903520049685259
0.9098903267560344
0.9100586529838726
0.908743967100929
0.9104301315556536
0.9103677347642997
0.9082883254152289
0.90987001152164
0.9116882249999274
0.9128041118034413
0.9127228508658644
0.9131407642591179
0.9118928284320412
0.9083434667657277
0.9090762662920925
0.9097655331733268
0.9114386378345121
0.9098409897582197
0.914786298245054
0.9081780427142312
0.9104620554954159
0.9124137690854371
0.9108451427725652
0.9091328587307621
0.9116954804407825
0.9092228261973654
0.9029541252985612
0.9096784678830654
0.9087642823353232
0.9069620308269171
0.90881652150948
0.9091647826705247
0.9126038616358406
0.9124819702294751
0.9125196985219215
0.9109438167681945
0.9124587528187389
0.9125922529304726
0.9124326332316605
0.9140926780993067
0.9145570263140329
0.9154189726876184
0.9143828957335105
0.9161329080677599
0.9155292553886158
0.9156656576766918
0.914719548189187
0.9145222001979285
0.9137241017038678
0.9134803188911363
0.9131378620827759
0.9099425659301911
0.9103749902051549
0.9108132188328026
0.9111556756411634
0.9125226006982636
0.9144960806108501
0.9140868737466227
0.9117883500837278
0.9131001337903294
0.915529255388616
0.913822775699497
0.9126764160443916
0.9107696861876721
0.915012667999733
0.9160806688936033
0.9146963307784508
0.9073189985169879
0.9083811950581742
0.9107812948930403
0.9149256027094719
0.9129535738850564
0.9125255028746057
0.9122875244145585
0.9061871497435927
0.9082767167098609
0.9084566516430671
0.9084363364086728
0.9116708119418753
0.9105781425490975
0.9134266286288087
0.9149633310019183
0.9133671340137969
0.9127286552185484
0.914043341101492
0.9137153951748416
0.9131291555537498
0.9145047871398763
0.9092141196683392
0.9126967312787859
0.9125196985219216
0.9126154703412088
0.9117274043805449
0.9141594281551736
0.9109612298262467
0.9149285048858139
0.9160226253667625
0.9112137191680041
0.9131015848785003
0.9146934286021087
