0.5067537399921723
0.5159859253939483
0.5077958460152981
0.49960006687717773
0.5005196280716954
0.501404990709392
0.5043802651528106
0.5059453241073226
0.5066492444018862
0.5089410226888426
0.510473783006357
0.5115329883078934
0.5115686118045819
0.5136086507149398
0.5126857646607313
0.5136219501537036
0.5143443946665451
0.5154700971618997
0.5200527037759007
0.5045398584179748
0.5162832628463079
0.5156444148056952
0.5159797506545223
0.5169292355862583
0.5154658223422971
0.5182387553245253
0.5192846611872979
0.5224988505485069
0.5252646588313974
0.5263181643734635
0.5296700979218677
0.5290815977565746
0.5285358457873078
0.5252912577089247
0.5211964555095775
0.5135777770178099
0.5180416386428494
0.5165236027039659
0.5165929497775195
0.5166390228332365
0.5120469166201187
0.5100486759458751
0.5089386477890633
0.5108176684943895
0.5082366274143232
0.5086166113789998
0.505913975430237
0.5022362056321223
0.4992827802666727
0.5024599211913257
0.5042539577779461
0.4793412768684271
0.4902368575295868
0.49490282903300997
0.5007041165878932
0.5043297414434007
0.51400654809241
0.5171165562367559
0.5239212578937321
0.5270322253249824
0.5291728740523445
0.5316027477814091
0.5347290638031313
0.5377839129504691
0.5403375346902127
0.5413481434440894
0.5411064031441588
0.5467326208389731
0.5512220835519708
0.5510393393966662
0.5569768456919864
0.5619852826203113
0.5615948528501853
0.5617253158691955
0.573249229452794
0.5777593168342381
0.584878664595886
0.5859122962354705
0.5880515060324757
0.588852510597722
0.5893719644565016
0.5828190756119531
0.5923534281556462
0.5931146223143564
0.5973844083262265
0.5915106946100547
0.5980650223849598
0.5894640559993323
0.5938657439605695
0.5950384722013045
0.597876042864776
0.5969781503221765
0.5981484803456503
0.6002920069337258
0.5971258805054674
0.6014522644447025
0.606682776291416
0.5856120394343661
0.5912425739202506
0.6003922524152446
0.5213983912721893
0.5152708949704141
0.4995196930473373
0.5
0.5004803069526628
0.5
0.5
0.5
0.5
0.5
0.4936998658656605
0.5031182434101281
0.5306694557489674
0.5272154015100563
0.5300876053030562
0.5351214428751107
0.5359540827377084
0.5210397121241483
0.533345492820203
0.5332737708468702
0.5293922346476979
0.5196342464348005
0.5223853303390597
0.5225083501476238
0.5268007440086029
0.5259628793664908
0.5228170871189235
0.5260217768810157
0.5315505435670614
0.5195515999224832
0.5173966158628106
0.5068097876269622
0.5110409090736371
0.5034806531164384
0.5206089598856025
0.5328723564386242
0.536254891999699
0.5436338150071499
0.5480516670429744
0.5505376495822984
0.5544399601113871
0.5553887258222323
0.5562208361556409
0.5585520621660269
0.5596941559418981
0.5626580492210431
0.5639022164521713
0.5644149356513886
0.5648349890870776
0.5669583051102581
0.5654413148189961
0.5668999774215399
0.5703765898999023
0.5713380559945811
0.5699706480018063
0.5679588131256116
0.5733254308722813
0.5716141717468202
0.5736194212388048
0.5748123165500112
0.5744995108000301
0.5763810491457815
0.5764365545269813
0.5730267366598931
0.5754797922781666
0.5759976857078347
0.5758048280273952
0.5760898810867765
0.5771854067885903
0.5776887182960788
0.5774789267705276
0.5782607059531873
0.5767677052758335
0.5777075336795364
0.5786007940091819
0.5800688643034545
0.5803525062090765
0.5818083465041017
0.58157221344171
0.5800872093023256
0.5813506623014977
0.5813516030706706
0.5818991307292842
0.5844274478813878
