0.46159588529451423
0.4630515036961291
0.4649313083932788
0.4658303668178056
0.4672156155671449
0.4689143291311661
0.4695264958964159
0.46982913461074755
0.4700205597487558
0.4714156504075042
0.4723073273999743
0.47366009784826335
0.47435198407972734
0.47542967316003043
0.4764566764068764
0.47751861843212473
0.4783802776008968
0.4791356441480499
0.4801040880339113
0.48076005129603183
0.4821753178690691
0.48313096727269866
0.4841441918463717
0.48545267370231965
0.48689500552623216
0.4882059478595323
0.48935548287852226
0.4902373179615831
0.4918617251095651
0.4934005076456873
0.49491173283546397
0.4962384222238188
0.4981758020910121
0.5005477022586198
0.5025101789948064
0.5038147240869907
0.505306265457949
0.506308663931272
0.5081599270911351
0.5093291459289434
0.5110677192260716
0.5120863568499198
0.5137147007616654
0.5151329199075254
0.5166195403237791
0.5180367752786983
0.5193797038175783
0.5211866783851001
0.5228912970947668
0.5245865659904947
0.527180401215279
0.5298780685843298
0.532081672101041
0.5339004569598538
0.5362349578717067
0.5384631661619408
0.5402041999364213
0.5416042115498744
0.5431548043772876
0.5447447648423376
0.5465650259875617
0.5479232094860259
0.549616509999872
0.5512192649471539
0.5527541107195124
0.5536940130680873
0.5548730738153047
0.5559532233729602
0.5570348492170268
0.5574531303669161
0.5585135961057534
0.5586676219880067
0.5595386309707173
0.5602034519513062
0.5612752358859638
0.5612978722776047
0.5617245190504919
0.5618514796818702
0.5619725351676028
0.5624503598694176
0.5625684627823274
0.5629060402750616
0.5628740540694819
0.5633484341030035
0.563195392411691
0.5636471360535715
0.5637179978013174
0.5639709348731328
0.5644881272125842
0.5647892896405045
0.5652567803374398
0.5657114765521429
0.5660761192957524
0.566608566594788
0.5668359147021396
0.5669363021781131
0.567468257381678
0.5677197181670822
0.5683097406361612
0.5688736820453062
0.569299836722723
0.569767327419658
0.5703686680845577
0.5707082139591738
0.5713011890010757
0.5716525451669827
0.5721697375064342
0.5724566291657112
0.5731524521609389
0.5731790253163436
0.5739250420495579
0.573854180301812
0.5743866276008476
0.5746016733214379
0.5746887742197089
0.5752945437438426
0.5753289904267747
0.5754643166811508
0.5752345080964467
0.5757349691899026
0.5760843569739278
0.5764613021042987
0.5768613757217811
0.5770454194277324
0.5772319236110359
0.5775882007316475
0.5779995925449505
0.5784252551268967
0.579014293405035
0.5792190051207454
0.579429129886631
0.5799955317731282
0.5803040756331054
0.5804059393954902
0.580806505108443
0.5813689702311766
0.5814324505468658
0.5820667616082861
0.5823615267950905
0.5826828651372995
0.5828590353157236
0.5840238252942976
0.5853638012603549
0.5870078922271552
0.5879369684753799
0.5888704735828388
0.5893295986567761
0.5903728410541472
0.5910563616626134
0.5921611159937917
0.5931270994023008
0.5938627821306357
0.5942756502303499
0.5950620187921418
0.5955841320862978
0.5957612864556627
0.5961303580585062
0.5964807300334722
0.5968561988774318
0.5973310710064239
0.5975938499876484
0.59756334006848
0.5978772969786322
0.5980505145842334
0.5984254913327226
0.5989038081300078
0.5991847946436393
0.5996527774360448
0.5999529556730242
0.6000927107866343
0.6002698651559991
0.6006837174466544
0.6008859686850127
0.6010242475122114
0.6014671334356236
0.6016467482823408
0.6018052030238282
0.6020104068350092
0.6020482981862345
0.6025512197570426
0.6025930478720315
0.6027775836734532
0.6031151611661876
0.603310030972489
0.603402544920935
0.6038129525432969
0.6038252549300585
0.6043631152792691
0.604270601330823
0.6046672302800122
0.6045550325127478
0.6047877936702744
0.6051514522229429
0.6053906106215855
0.6054171837769902
0.6058325123540568
0.6063359260203354
0.6064190901548427
0.6066769481813628
0.6070470039751472
0.6073757237494133
0.6073097829563718
0.6077005067599155
0.6078811057975735
0.6079888747056038
0.608086801704225
0.6084701440757119
0.6088874410346603
0.6091512042068258
0.6093539475406545
0.6097515606807846
0.6099523356327314
0.6104459073896008
0.6107190203757049
0.6109783546886365
0.6115368830476062
0.6113858097381757
0.6118985732183929
0.6121234608483923
0.612373445347385
0.6126190009871435
0.6128187917481495
0.613099778261781
0.6132867745405551
0.6135584112402479
0.6138320163218225
0.614037712228474
0.614296554445935
0.6145613018090414
0.6146813731038331
0.6150720969073767
0.6152462987039189
0.6154377238419271
0.6157944930580092
0.6161192760685115
0.6161330547416843
0.6166837095731268
0.6168323224052052
0.6169942218149859
0.6171994256261668
0.6174617125119211
0.6177500804576095
0.618036480021416
0.618246112691831
0.6184498402166008
0.6188041489553305
0.618985240088459
0.619203238381872
0.619373995510121
0.6194714304132716
0.6198144209561809
0.6202676408844727
0.620252878020359
0.6206913350845371
0.6208817760316043
0.6210136576176871
0.6213030097543164
0.6214580198275108
0.6216573184930463
0.6218118364707701
0.6219555283481437
0.6221720503551453
0.6223733174025627
0.6226316675245531
0.6225795054046845
0.6228531104862592
0.6230853795483154
0.6233058383190806
0.6233875261671766
0.6235632042501302
0.6237378981421428
0.6239248944209168
0.6240498866704132
0.6241837366383778
0.6243436676662766
0.6244032112182021
0.6245754446328623
0.62475555157505
0.624859875814787
0.6250655717214386
0.6251935165437577
0.6253746076768862
0.6255901454929469
0.6257013590692703
0.6257663156713708
0.6260783041996412
0.6262249486498377
0.6263223835529883
0.6263873401550888
0.6265074114498805
0.6266402772269042
0.6267987319683916
0.6268499098973193
0.6271028469691349
0.627228823409572
0.6274079461608189
0.6274295983615189
0.6275250648827878
0.6275088257322626
0.6277888280549533
0.6280083026347776
0.6280988482013419
0.6281578996577968
0.628367532328212
0.6284088683477305
0.6286499951282548
0.6286726315198959
0.6288901377178384
0.6291563613673562
0.6290879600969626
0.6290623711324986
0.6293920750977056
0.6295308460203747
0.629738510308908
0.6297749253737219
0.6298694077040499
0.630068214274115
0.6302827678992345
0.6305061792428225
0.6303664241292125
0.630430396540372
0.630571135844923
0.6308978872373071
0.6311665713641772
0.631110472480545
0.6312895952317917
0.6314716705558612
0.6315656607907186
0.6316498091161671
0.6317944851844817
0.6319357165845032
0.6320582483566473
0.6322152268117233
0.632295438373408
0.632435193487018
0.6325562489727508
0.6327648974522249
0.6328554430187892
0.6331192061909547
0.6331605422104731
0.6332023703254621
0.633396748036293
0.6335389636272555
0.6336920053185678
0.6338337288140596
0.6339980887011927
0.634100444559048
0.6344449113883687
0.63451085218141
0.6346830855960703
0.6347795363082801
0.6348218565187396
0.6349822796421087
0.6352037226038149
0.6352804894972064
0.6354300865202256
0.6355580313425446
0.6356859761648638
0.6358400020471171
0.6358296680422375
0.6359832018290206
0.6361820083990855
0.6365471432381654
0.6366248943224977
0.636574700584511
0.6370382545176825
0.6370727012006145
0.6372222982236337
0.6374880297776812
0.6375677492438954
0.637783287059956
0.6379141844550977
0.6381070858795173
0.6381700740997359
0.6383895486795603
0.6384697602412448
0.6387812566740447
0.6388388318440884
0.6390317332685079
0.6390824191019651
0.6392285714566912
0.6394633009960997
0.6396857281487467
0.6398077678254203
0.6400680863292926
0.640185697146732
0.6402191596387232
0.6405478794129891
0.6406856661447176
0.6407653856109315
0.6410321013559199
0.6410419432653289
0.6413086590103173
0.6413194851106674
0.6415556909364871
0.6416550942215197
0.6417535133156114
0.6419247625393306
0.6420969959539911
0.6424060319094387
0.6424650833658936
0.6425664550328081
0.6427362279701161
0.6427436094021728
0.6430442797346227
0.6432091317172263
0.6433252662482543
0.6433685706496546
0.6434940549946214
0.6437218951974435
0.6438941286121038
0.6438414743967648
0.6440033738065455
0.644220880004488
0.6443207753849909
0.6443704770275072
0.6445146610003514
0.6447425012031734
0.6446834497467185
0.6449629599739386
0.6450554739223847
0.6452710117384453
0.645451118680633
0.6454540712534557
0.6454481661078102
0.6456577987782254
0.6458979413678089
0.6457916487461899
0.6460918269831694
0.6461528468215061
0.6462975228898208
0.6463634636828621
0.6465312682382884
0.646552428343518
0.6466675786836052
0.6469057528913069
0.6469579150111755
0.6470248399951578
0.6470642076327945
0.6471832947366453
0.6474509946725745
0.6474352476175198
0.647584844640539
0.6479175011785687
0.647935216615505
0.6479932838810192
0.6480547958148264
0.648205869124257
0.6483367665193989
0.6484824267786544
0.6485153971751751
0.6487914627341022
0.6489617277668805
0.64900404797734
0.6491841549195277
0.6491467556637729
0.6493485148066606
0.6491915363515846
0.6493987085446473
0.649719554791386
0.6495571632861348
0.6497333334645587
0.6498406102771186
0.649825847413005
0.6500089069280154
0.6501545671872708
0.6504006149224999
0.6504517928514275
0.6504665557155412
0.6505265913629372
0.65069095125007
0.6508080699720391
0.6507244137420614
0.6510718331442047
0.6509990030145768
0.6512199538808126
0.6513247702160201
0.651325754406961
0.651431062837639
0.6515865650063037
0.6515412922230216
0.6516397113171133
0.6517105730648592
0.6518217866411827
0.651946778890679
0.6520451979847708
0.6521263937373961
0.6523522655583365
0.6523955699597368
0.6525146570635876
0.6526002816754474
0.6526662224684886
0.6528010566273942
0.6528522345563218
0.6529811635695819
0.6530864720002598
0.6533782846142415
0.6532508318873927
0.6533768083278301
0.6534604645578079
