0.5296197184623395
0.5455089891079589
0.5523796260664939
0.5589461480242859
0.5642356822362393
0.5670529288046116
0.5697299281639032
0.5723621468353832
0.5730500963030836
0.5771571250995263
0.5793927148218172
0.5841931061361353
0.5887380999012857
0.5949468684520546
0.6001616041524984
0.6050363018828557
0.6102564506334744
0.6131676874367042
0.6165119682539371
0.6211593178769427
0.6253352400392496
0.6298206902524744
0.6358139209871829
0.6394721587145679
0.6417200508236202
0.646740408813233
0.6467906025512198
0.6502096818799622
0.6515112743993235
0.6549672608883503
0.6570222515729833
0.6575606040176643
0.6592110922255805
0.6602671291051834
0.6634874018638608
0.6636281411684117
0.6654287184948177
0.6663356504468718
0.668468392215837
0.6680825893669979
0.6700332558118935
0.6709593794872956
0.672725018035299
0.6735979953998915
0.6728854411586684
0.675469926569514
0.6770111695829885
0.6768182681585689
0.6790828915136168
0.680019841289369
0.681765796018554
0.6834802566376297
0.6843985067855045
0.6871749094298286
0.687594174770659
0.6884543576530195
0.6903321939682874
0.6917454921594428
0.6921293266264001
0.6943408036706386
0.6960218017977232
0.6973642382411327
0.699869988376705
0.7012321086389328
0.7028294505360396
0.7062219567093774
0.706459146726138
0.7083738902016902
0.7099697558123856
0.7122481578406064
0.713811053054781
0.7150737700319765
0.7173787452156017
0.7194170046542389
0.720599017974279
0.7215487622322632
0.7237051245838102
0.725148932694134
0.7253792333743085
0.727964702976095
0.7285985219420449
0.7298415551004219
0.7308597006287996
0.7322164078408524
0.735011510113054
0.7353805817158976
0.7371964140018876
0.7378267882995444
0.7386166015296296
0.7400564728761898
0.7414166247565357
0.7434007536934225
0.7440030785492633
0.7454144083585368
0.7465137496395401
0.7475368161226223
0.7495568680288525
0.7496739867508215
0.7514642300723479
0.751684688843113
0.7503639046004038
0.7536707861618817
0.7559314727531659
0.7580730722405993
0.7594696391857592
0.7594056667745996
0.7609360836877241
0.7622440734482014
0.764104194326533
0.7643955148450442
0.7657310619518672
0.766682774591733
0.76832342089024
0.7683593438595835
0.7707346886954844
0.7713370135513251
0.7717680891834464
0.7735750637509682
0.7738900048520614
0.774574017555998
0.7765158262824254
0.7771368507661435
0.7773031790351582
0.7787450187636004
0.7762933991297785
0.7808315035583424
0.7802527992850836
0.7820922521536559
0.7809702744810114
0.7841098435825338
0.7848588128885708
0.7828923993886207
0.7866894080386748
0.7875289229112762
0.7886853472668526
0.7894687632558217
0.7848391290697525
0.7905316894720111
0.7910041011236507
0.7915631215780912
0.7913436469982669
0.7939773419561582
0.7947351689806635
0.7958787988540081
0.7966149736778133
0.79590241943659
0.7977605719330396
0.7985676085045907
0.7983058137143071
0.7997053332322898
0.8002456540588527
0.8012308291907096
0.8025772023978829
0.8007613701118927
0.8035298992286896
0.8047069915940253
0.8045642839075924
0.804485548632319
0.80639881582146
0.8072245520208884
0.807876086423775
0.8086949332866171
0.809294305569635
0.8091850603751933
0.8105747379837668
0.8104458089705067
0.8120392141038499
0.8126946852704999
0.8135307554748082
0.8147447550004281
0.8129141598503242
0.8155508073810385
0.8118010398961482
0.8168154927401154
0.81628304544108
0.8146492884791592
0.8180880516267199
0.8181766288114025
0.8183153997340715
0.8214372533986574
0.8215268147742807
0.8220691039827255
0.823061168451169
0.8228210258615853
0.8244980872249064
0.8218063250015009
0.8246614629210984
0.826377891922056
0.8251919418382523
0.8267814102078315
0.8267026749325583
0.8289407251322014
0.8297162675936434
0.826506820935316
0.8295528918974513
0.8284496138526845
0.8294564411852415
0.8324099981989306
0.8327485598826058
0.8338754585099546
0.8334547168827129
0.8340860753713106
0.8343370440612443
0.835947180440583
0.8368860985982169
0.8376754197328315
0.8377334869983456
0.838443088666746
0.8378978468854786
0.8394430266627169
0.8372266286637737
0.8416072625417912
0.8414871912469994
0.8423119432554871
0.8424743347607383
0.8423739472847649
0.8434860830480001
0.8435072431532297
0.8451995594761349
0.8443187085840149
0.8457526747849297
0.8456808288462428
0.847154162684794
0.8483105870403705
0.8480606025413779
0.8467437550624322
0.8499098973193592
0.8499610752482869
0.8497888418336266
0.849841003953495
0.8503409729514804
0.8506165464149369
0.8508242107034701
0.8516396128980191
0.8512936697822873
0.8535071152084074
0.8507996059299472
0.8540454676530884
0.8541537286565892
0.855118235778687
0.8559528296965838
0.8567273879670847
0.8551910659083147
0.8575550925483952
0.8568622221259903
0.8572588510751795
0.8595520159675137
0.8590953513709287
0.8587705683604265
0.8606454521028716
0.8589408333932049
0.8609859821684287
0.8609781086409012
0.8588537324949338
0.8619219477532398
0.8633007992614631
0.8601208783313633
0.8633067044071088
0.8639907171110452
0.8639523336643495
0.8655191656422878
0.8650447856087664
0.8649601451878475
0.8641068516420733
0.8641855869173467
0.8654955450597059
0.8650969477286349
0.8656047902541475
0.8682522638852117
0.8686656240803966
0.8679314176384731
0.8698181116722092
0.869457897787834
0.8703830372722953
0.8707973816584208
0.870842654441703
0.8714656473073028
0.870959773163672
0.8720089207066885
0.8727805264043667
0.872447869866337
0.8730885781688734
0.8733060843668158
0.8732027443180197
0.8744398723307512
0.8735068593187627
0.8721221026648938
0.8762665307170914
0.8762173211700457
0.8734822545452398
0.875496893401295
0.8760332774640942
0.877701481108947
0.8779839439089898
0.8768009463980089
0.8776325877430828
0.8783500629390109
0.8769879426767828
0.8789769925683744
0.8799168949169491
0.8793598428443904
0.8791866252387893
0.8810890663275801
0.8813390508265728
0.8810644615540572
0.8803076187204927
0.88250728547344
0.8815289996781697
0.8823183208127843
0.8831155154749262
0.8825171273828493
0.8834215988575511
0.8838566112534362
0.8835136207105269
0.8845524342486637
0.8837503186318172
0.8841312005259516
0.8840465601050328
0.8836656782108984
0.8847984819838928
0.8838635005900224
0.8858520583861436
0.8848782014501069
0.8859775427311103
0.8864578279102772
0.8870532634295314
0.8870827891577587
0.886647776761874
0.8856980325038901
0.8867265120371473
0.8877973117808641
0.8856114237010895
0.8879419878491785
0.8889960563468997
0.8894822466717124
0.890166259375649
0.8896220017853224
0.8903207773533728
0.8898897017212514
0.8896810532417774
0.8906426077910523
0.8903010935345544
0.8908423985520584
0.8914929487640039
0.8914988539096492
0.8921868033773496
0.891784269282515
0.8919791390888163
0.8928481796896452
0.8925735904171297
0.893344211923867
0.8918531626483791
0.8932959865677621
0.8923049062902595
0.8942152209065777
0.8943785966027697
0.8934278681538449
0.8949760005039057
0.8949809214586104
0.8951935067018483
0.8955911198419783
0.895325388287931
0.8953411353429855
0.8940331455825082
0.8956462345346696
0.8973518374352771
0.8973459322896317
0.8970900426449935
0.8981027751231961
0.8982661508193882
0.8967731331620186
0.8969926077418429
0.8952092537569029
0.8983822853504163
0.8966599512038131
0.8997040537840666
0.9002237066008703
0.9007138336894464
0.9006104936406503
0.9006784028155735
0.9014441033676062
0.9009687391431438
0.9020041080129874
0.9018968312004275
0.9023170807321987
0.9014952812965337
0.9028278758305341
0.9024981718653272
0.8993556501909823
0.9028554331768798
0.9039872527589332
0.9033298132104014
0.9046584709806381
0.9046378029708787
0.9049350286350355
0.9038022248620409
0.9045137949123234
0.9055757369375718
0.9054989700441803
0.9064703665028645
0.9054861755619485
0.9064575720206326
0.9067843234130166
0.9062804176512677
0.9068640428792308
0.9074456997253123
0.9069521279684428
0.9047755897026071
0.9075805338842178
0.9078285500013286
0.9089160809910409
0.9091237452795743
0.9091316188071016
0.9091286662342788
0.9092231485646067
0.909161144535329
0.9090578044865328
0.9103589049104238
0.9109838661579055
0.9109946922582557
0.9116895310625425
0.9111915304464389
0.910133525184954
0.9097487065270559
0.9117899185385159
0.912644196275231
0.9124877099156253
0.9123509073748379
0.9130693667617068
0.9127268683142677
0.9133734817624499
0.9137642055659935
0.9141017830587278
0.9142809058099745
0.9143133841110247
0.9136362607436744
0.9138409724593849
0.9133134461150538
0.9143862142406525
0.9159500936457681
0.9158191962506262
0.9161823627078244
0.9168722805574064
0.9165730865113678
0.915950093645768
0.9164904144723309
0.9164982879998583
0.917650775591671
0.9182097960461114
0.9186566187332872
0.9186694132155191
0.9184076184252356
0.9188081841381881
0.9172010003316724
0.9194607027320156
0.9191811925047955
0.9193691729745104
0.9200020077495195
0.9195916001271575
0.9189459708699166
0.9185001323736816
0.9200364544324516
0.9207618031559067
0.9192500858706596
0.9208183941350094
0.9212381515713101
0.9214517210054888
0.9204931190290365
0.9219192117024241
0.9205383918123188
0.921332633901638
0.92007779045197
0.9226858964453976
0.9227626633387891
0.9216082073650945
0.9227282166558569
0.9223059987422041
0.9230352842294227
0.9208562854862345
0.9243088273069683
0.9238610204288515
0.922927023225922
0.9237901586811055
0.9247930492498989
0.9247664760944941
0.9248639109976449
0.9223758762990091
0.921483215115598
0.9257408251260011
0.9247497448484985
0.9266187234452982
0.9259484894145343
0.926268351470332
0.9255056034911221
0.9265350672153203
0.9264622370856925
0.9261374540751902
0.9255272556918223
0.926431727166524
0.9250814171955872
