0.5100987832447398
0.5122344775865276
0.5156850510253793
0.519159245046813
0.5225197650145709
0.5232165722007396
0.5252154640017401
0.5267355469099849
0.5283702880628465
0.530715122979579
0.5316131972131648
0.533277464094254
0.534314309250509
0.5355937574737
0.5374573230203246
0.5384877709354636
0.5396555134868606
0.5415377786613625
0.5425603530489743
0.5436267239334569
0.5454957025302565
0.5466491743130102
0.5475905529479963
0.5478228220100525
0.5484349887753024
0.5488355544882552
0.54957123721659
0.5497021346117318
0.5499378483420811
0.549933419482847
0.5501966905595421
0.5503551453010296
0.550303967372102
0.5502193269511833
0.5502109613281854
0.5507867130286213
0.5517654909193623
0.5523963573124895
0.5532570322903205
0.5536211829384596
0.5537604459565991
0.5541231203183268
0.554613247406903
0.5547780993895064
0.5550024949240353
0.5551648864292864
0.5550718803853698
0.5548637240013661
0.5548524058055455
0.5546048817839051
0.554636867989485
0.5547426685156334
0.5546708225769464
0.5545679746236208
0.5543465316619147
0.5542987984012803
0.5542043160709523
0.5541309938458541
0.553932187275789
0.5538509915231634
0.5538923275426819
0.5537240308917852
0.5537196020325511
0.5534602677196198
0.553111372031065
0.553210283220627
0.552870737346011
0.5530149213188552
0.5527723182519194
0.552660120484655
0.5524652506783536
0.5522285527570633
0.5520184279911777
0.552028269900587
0.552015475418355
0.5516926607897346
0.5517084078447891
0.5515784946405882
0.5513890378844618
0.5512325515248562
0.5509343416697587
0.5508123019930851
0.5508265727617284
0.550572651498972
0.5503905761749026
0.5502547578250562
0.5501081133748597
0.5500313464814681
0.5500372516271137
0.5499747555023654
0.5499319431964357
0.5500554591595206
0.5501435442487326
0.5501056528975072
0.5499368641511402
0.5498787968856262
0.5498851941267421
0.5497203421441387
0.5496898322249703
0.5494344346758026
0.5494083536158683
0.5493109187127176
0.5493645571189976
0.5491627979761098
0.5492085628548623
0.5491076832834185
0.5491450825391733
0.5490397741084952
0.5491578770214052
0.5490525685907272
0.5489167502408807
0.5488522857342507
0.5489447996826968
0.5487272934847545
0.5486967835655859
0.5486593843098312
0.5484354808707728
0.5483409985404448
0.5480447570672291
0.5481072531919773
0.5479625771236626
0.5478474267835753
0.547911399194735
0.5477726282720659
0.5476397624950421
0.547647143927099
0.5476973376650857
0.5476550174546263
0.5475728375110599
0.5473858412322858
0.5472136078176255
0.5472096710538618
0.5470192301067945
0.5470418664984356
0.5469705126552192
0.5467170834879334
0.5466117750572553
0.5466132513436667
0.5465591208419163
0.5465325476865117
0.5463893479046082
0.546503021958284
0.5462313852585912
0.5462761659464029
0.5463017549108667
0.5462663240369937
0.546239750881589
0.5462648477505824
0.5462692766098165
0.5462240038265344
0.546286992046753
0.5462269563993571
0.5461428080739088
0.5461403475965565
0.5459789402822464
0.5460566913665786
0.5460335628794671
0.545905618057148
0.5458160566815247
0.5460005924829464
0.5458647741331
0.5455749299010002
0.5456054398201686
0.5454947183393156
0.54542434868704
0.5453062457741302
0.5453047694877188
0.5453288821657712
0.5452112713483317
0.545225542116975
0.5451349965504108
0.5450592138479602
0.5449475081761663
0.5449686682813959
0.5448604072778952
0.5448392471726655
0.5446340433614845
0.5445257823579837
0.5443727406666713
0.5443181180694504
0.5443569936116166
0.5442762899544615
0.5442088728750087
0.544095198821333
0.5440927383439806
0.5439387124617272
0.5440395920331712
0.5437320323641349
0.5436542812798025
0.5436222950742228
0.5435868642003499
0.543607532210109
0.5434185675494532
0.5434362829863897
0.543267986335493
0.5431986008741584
0.54323255546162
0.5432655258581407
0.5431105157849464
0.5430603220469596
0.543015541359148
0.5428182110754944
0.5428728336727152
0.5429171222650564
0.5427306180817528
0.5426819006301775
0.5427261892225187
0.5425741317221471
0.5425027778789308
0.542418137458012
0.5422646036712291
0.5423285760823886
0.5422050601193036
0.5421642161952556
0.541890611113681
0.5420254452725866
0.5420864651109233
0.5418108916474668
0.541824178225169
0.5417813659192393
0.5418163046976417
0.5417223144627843
0.541784318492062
0.541625371655104
0.5415466363798308
0.5414009761205753
0.5413896579247547
0.5413463535233544
0.5412710629163742
0.541310430554011
0.5411967565003352
0.5412740154891971
0.5410811140647775
0.5412444897609696
0.5411790410633986
0.5411785489679282
0.5411131002703572
0.5410757010146025
0.5412179166055648
0.5410068076487383
0.5408493370981917
0.5408793549218898
0.5408493370981917
0.540763712486332
0.5406603724375358
0.5407322183762228
0.5406372439504243
0.5407115503664635
0.5405506351476237
0.5405959079309058
0.5405516193385647
0.5405378406653918
0.5405417774291554
0.5405471904793305
0.5404733761587618
0.5404108800340136
0.5403803701148452
0.540307047889747
0.5403867673559611
0.540336081522504
0.5403523206730292
0.5400915100736864
0.5401102097015638
0.5401677848716073
0.5400550950088725
0.5402002631726577
0.5400477135768156
0.5399650415377787
0.5400462372904042
0.5400157273712358
0.5399625810604264
0.5399655336332492
0.539885814167035
0.5398080630827026
0.5397883792638842
0.5397362171440158
0.5398006816506457
0.5396540372004491
0.5397755847816523
0.5395940015530534
0.5395861280255261
0.5396289403314558
0.5394936140770799
0.5394818037857889
0.5394074973697497
0.5392549477739077
0.5393568115362926
0.5392642975878463
0.5393538589634699
0.5392559319648487
0.5392889023613694
0.5391422579111729
0.5390827143592474
0.5391412737202319
0.5391383211474092
0.5391678468756367
0.5391565286798161
0.538953293250517
0.5389857715515671
0.539034981098613
0.5389616588735147
0.5388765263571256
0.5388248563327274
0.5389139256128803
0.5389518169641055
0.5388504452971912
0.5388189511870819
0.538717087424697
0.5386870696009991
0.5386088264211963
0.5385738876427938
0.538567490401678
0.5385669983062074
0.5385364883870389
0.5385054863724001
0.5383982095598403
0.538501057513166
0.5383898439368425
0.5383736047863175
0.5383101244706283
0.5381713535479591
0.5380803158859244
0.5380689976901039
0.5381664325932545
0.5377934242266473
0.5377978530858815
0.5379189085716142
0.5379981359423579
0.5379021773256185
0.5377638984984199
0.5378096633771725
0.5380148671883535
0.5379302267674348
0.5378121238545248
0.5378721595019207
0.5380360272935831
0.5377063233283763
0.5379184164761437
0.5377614380210676
0.5379440054406075
0.5378406653918114
0.5378490310148092
0.5377565170663631
0.5380001043242397
0.5376541612085077
0.5379484342998416
0.5377383095339561
0.5379095587576755
0.5380124067110011
0.5377028786600832
0.5375537737325342
0.5376699082635623
0.5377225624789014
0.5378928275116799
0.537510469331134
0.5376871316050285
0.5374863566530815
0.5372944394196029
0.5376723687409146
0.5376979577053784
0.5372447377770866
0.5378785567430366
0.5374366550105653
0.5371286032460586
0.5374843882711998
0.5377668510712427
0.5375227717178955
0.5378081870907611
0.5376462876809803
0.537274263505314
0.5376664635952693
0.5376010148976983
0.537684671127676
0.5378318076733432
0.5387933622226181
0.5383967332734289
0.5378008056587043
0.5381083653277405
0.5370341209157307
0.5380247090977626
0.5380822842678061
0.5386506545361853
0.5378214736684634
0.5386043975619622
0.5399960435524176
0.5385975082253758
0.5355051802890174
0.5358270107266971
0.5381811954573683
0.5383430948671489
0.5382003871807162
0.5383362055305626
0.5383086481842169
0.5375670603102367
0.5389601825871032
0.5379691023096009
0.5329428391743426
0.5401746742081938
0.5404226903253045
0.5411209737978846
0.5356631429350345
0.5450045912507394
0.535440223686917
0.545601503056405
0.5313888016786361
0.545648744221569
0.5311270068883525
0.5416731049157386
0.5393976554603406
0.5276601942989756
0.5521040526030374
0.54532740587936
0.5412563000522606
0.5431725198142241
0.5183364614202073
0.5461492053150248
0.5162509608164061
0.5317583653769501
0.5472549438371439
0.530228440559296
0.49651448778274576
0.4873118103897101
0.5149459236287514
0.5
0.5
0.5
0.4980119342993496
0.5492538356381444
0.51622291137459
0.5
0.49950347567030784
0.5
0.5
0.5
0.5
0.5
0.5
0.5
0.4980119342993496
0.5
0.5
0.5
0.5
0.5
0.5
0.5
0.5
0.5
0.5
0.5
0.5
0.5
0.5
0.5
0.5
0.5
0.5
0.5
0.5
0.5
0.5
0.5
0.5
0.5
0.5
0.5
0.5
0.5
0.5
0.5
0.5
0.5
0.5
0.5
0.5
0.5
0.5
0.5
0.5
0.5
0.5
0.5
0.5
0.5
0.5
0.5
0.5
0.5
0.5
0.5
0.5
0.5
0.5
0.5
0.5
0.5
0.5
0.5
0.5
0.5
