0.5176683751384769
0.5195038726305461
0.5203562196779309
0.5223140207075472
0.5234119192588879
0.5242028784302837
0.5249579493049477
0.5243119599637717
0.5241584902737995
0.522498184335514
0.5204955229349827
0.5193943188826273
0.5190571577791189
0.5187823289804607
0.518626498218335
0.5180669241179743
0.5160127913444983
0.5145442044650708
0.5139718805750817
0.5126978460410958
0.5117557782518811
0.5116882515882932
0.5116967514480455
0.5118516377813099
0.5118237771298996
0.5115314763973061
0.5107962385287309
0.5103230796691853
0.5100624173034478
0.5115659480507462
0.5129018426751514
0.5136635245518448
0.514431817430568
0.514768034105215
0.5152723591171857
0.5163244528687498
0.5167281962069847
0.5171380783328187
0.5178761494879779
0.5180182860316138
0.5182822538983662
0.5188262449225144
0.5186656920160818
0.5189679092517195
0.5189154934499136
0.5186784418057102
0.5191747391723592
0.5188843272974885
0.5192096830402299
0.5194084853155478
0.5194339848948049
0.5195185112778973
0.5195855657270545
0.5197489519200711
0.5195359832118326
0.519725341198537
0.5196710365390083
0.519653564605073
0.5197489519200711
0.5198599223112819
0.5200388915805111
0.5203118315214466
0.5196833141142061
0.5198490613793761
0.5198608667401432
0.5199732537746461
0.519538344283986
0.51977586814262
0.5197220356975221
0.5198145897259362
0.5197560351365315
0.5202046388456812
0.5204610512815427
0.5209044606319552
0.52107351339814
0.5224821290448707
0.5222960765591813
0.5229727598383516
0.5233132264428748
0.5234057804712889
0.5237023311337585
0.5239351328480858
0.5242647385207033
0.5243842087716664
0.5243719311964686
0.5247803966790103
0.5249045890742803
0.5250013930325705
0.5254618021024875
0.5253928587956077
0.5259047392384693
0.5259264611022807
0.5260794585778223
0.5262211229070276
0.5267443364962255
0.5270635534513679
0.5272916330213885
0.5274002423404458
0.5277350423718008
0.5281647575037234
0.5284022813623575
0.5291398803030861
0.5292428230489752
0.5294307643923875
0.5296352332408738
0.5300125325709903
0.5301438081827206
0.5306476609802605
0.5311250697696821
0.5312265958722792
0.5314504255124235
0.5315061468152442
0.5319580560254089
0.5317450873171704
0.5323943821593611
0.5325110191237401
0.532672516459034
0.5327863201368289
0.5328916239548714
0.533176369256574
0.5334814197787959
0.533520141362112
0.5335154192178051
0.5339484398507425
0.5343753216960809
0.5345179304541474
0.5342922119562805
0.5348300641928296
0.5349504788726541
0.535053893832974
0.5353613054273494
0.5356323565105621
0.5361102375144143
0.5362925122846585
0.5365281472855697
0.5364001771748543
0.5365215362835402
0.5369640012050912
0.5370740271674406
0.5371354150434295
0.5372893569478326
0.5377134055065869
0.5379249575715335
0.538084093834674
0.5386276126443914
0.538490670459493
0.5389898011127261
0.5392122141095783
0.5394955427679888
0.5394530434692273
0.53951018141534
0.539860092308477
0.540088644092928
0.5401188658164918
0.5404593324210151
0.5405740805276713
0.5410661279644442
0.5411591542072889
0.5412200698688472
0.5411544320629821
0.5415015096695349
0.541079822182934
0.541634201924557
0.5420856389202912
0.5423628287911028
0.5420776112749696
0.541105321762191
0.5424478273886258
0.5422773579791489
0.5421432490808347
0.5423113574181582
0.54261640794038
0.542776488632382
0.5429327916089384
0.5429370415388146
0.5425559644932525
0.542822765646589
0.5432888412896743
0.5426707125999087
0.5431910929025227
0.5432897857185357
0.5433643955985836
0.5433544790955394
0.5437280007102105
0.5436141970324155
0.5434338111198943
0.5435580035151643
0.5430938167298017
0.5442545198004233
0.5437492503595913
0.5443824899111387
0.5445066823064086
0.5443291296804714
0.5447083178683108
0.5448377046223182
0.5449108978590742
0.5447163455136323
0.5446856515756379
0.5447111511548949
0.5447201232290778
0.5450648397634772
0.544770650173161
0.5444745717251221
0.5450421734708044
0.5448547043418228
0.5452650586820873
0.5451843100144403
0.5454855828212168
0.5452881971891909
0.5453198355560466
0.5453080301952796
0.5452943359767897
0.5454279726606732
0.5449670913763256
0.5451314219982037
0.544879731706649
0.5452164205957268
0.5448126772574918
0.5450209238214236
0.545083256126274
0.5450195071781315
0.5448683985603127
0.5446667629984105
0.544645041134599
0.5448480933397932
0.545086089412858
0.5452456978904292
0.5453273909869376
0.5450648397634772
0.5450195071781316
0.5453958620793867
0.5456673853770302
0.5456277193648528
0.5449869243824144
0.5457353842550486
0.5457774113393796
0.5458175495659877
0.5458902705883131
0.5455158045447805
0.5457448285436624
0.5459686581838067
0.5457533284034147
0.5462619033452615
0.5464961217028808
0.5464460669732283
0.5470264185085391
0.5471118893204929
0.5472823587299699
0.5476440749838739
0.5475047717268221
0.5477559898039459
0.5476374639818443
0.5479137094237945
0.5480671791137668
0.5483212304774749
0.5480034301656246
0.5480005968790403
0.5483623131329445
0.5482145100161402
0.5482659813890849
0.5485663097669999
0.5486352530738798
0.5485530877629408
0.5486928632344232
0.5489374703095177
0.5488978042973403
0.5489218872333052
0.5491480779456027
0.5492066325350077
0.5492514929059226
0.5493171307117877
0.5494129902412166
0.5493964627361426
0.5497289016953443
0.5498139002928675
0.5499437592613055
0.5501633389715738
0.5500651183699913
0.5501860052642464
0.5502299212063001
0.5503352250243427
0.550328614022313
0.5503985017580544
0.55046461177835
0.5504835003555775
0.5506756916288659
0.5506539697650544
0.5505864431014666
0.5507592735830971
0.5507271630018105
0.5508338834631451
0.5509963252273004
0.5511880442861582
0.5512626541662062
0.551346708334868
0.5515464550390474
0.5517990897594635
0.5518496167035466
0.5517957842584487
0.5519898643894597
0.5522354158934155
0.5522524156129202
0.5524809673973713
0.552635381516205
0.5529890701247874
0.5527081025385303
0.5530273194936728
0.5532818430718115
0.5533540918797062
0.5534565624111647
0.5534645900564863
0.5535694216600981
0.5536345872515326
0.5535146447861389
0.5536378927525474
0.5537365855685603
0.5537762515807378
0.5539405822026159
0.5540033867218969
0.5541370234057804
0.5540831909606825
0.5541341901191964
0.5541544953397158
0.5542366606506548
0.5543254369636234
0.5545138505214664
0.554396269128226
0.5544274352806512
0.5545313224554017
0.554601210191143
0.5546951808628491
0.5548274009034406
0.5549208993607161
0.554925621505023
0.5547962347510155
0.5550087312448233
0.5550776745517032
0.5552556993920712
0.5554634737415721
0.5557085530310972
0.5557732464081009
0.5558157457068624
0.5558846890137424
0.5558993276610936
0.5561807674617814
0.5564551240460088
0.5563545423722731
0.5565193452085818
0.5567715077145673
0.5566803703294451
0.5567818964320421
0.5572536386482956
0.557451968709183
0.5575813554631904
0.557680520493634
0.5580611253247655
0.5581310130605067
0.5584403135126048
0.5583619259171113
0.558462507590847
0.5585961442747306
0.5588133629128453
0.5588492512095772
0.5588280015601965
0.5586551710785661
0.558760002682178
0.5588190294860135
0.5590386091962816
0.5589531383843277
0.5590338870519748
0.559224661681971
0.5593455485762262
0.5599240112538143
0.5600633145108661
0.5603631706743506
0.5605751949537277
0.5609850770795615
0.5609609941435966
0.5611451577715634
0.5611300469097815
0.5611649907776521
0.5612915442450755
0.5612174065794581
0.5610521315287187
0.5610006601557742
0.5611102139036929
0.5613165716099018
0.5614615414401217
0.5615682619014564
0.561842618485684
0.5616678991463309
0.5619134506502865
0.5618076746178132
0.5618478128444214
0.5618615070629112
0.5622581671846859
0.5622945276958485
0.5625825784985659
0.5627554089801963
0.5631525413164016
0.5631700132503369
0.5633140386516956
0.5632559562767215
0.5634113148244165
0.5634599529107769
0.5637513092145091
0.5639893052875738
0.5641333306889326
0.5642428844368512
0.5644482977141989
0.5644950469428365
0.5647325708014705
0.5647920698197368
0.5647368207313468
0.5648732907018145
0.5647184043685501
0.5649611225859218
0.5649394007221102
0.564833624689637
0.5649781223054264
0.5650631209029496
0.5651877855126501
0.5655117246120994
0.5656444168671216
0.5657931644127872
0.5659168845936264
0.5659985776901347
0.566041549203327
0.5663640716594842
0.5665156524917339
0.5665416242854215
0.5666795108991813
0.5667758426430408
0.5669822003492497
0.5669973112110316
0.5672456960015715
0.567357138607213
0.5674350539882759
0.5675899403215403
0.5677079939292113
0.5679011296313611
0.5680937931190803
0.568116459411753
0.5682142077989046
0.5683719274187531
0.5686108679206793
0.568739782460256
0.5690080002568846
0.5690892211389623
0.569351300147992
0.569342328073809
0.5693409114305169
0.5693021898472008
0.5693088008492304
0.5693149396368293
0.5693300504986112
0.5693815218715558
0.569378216370541
0.5695033531946723
0.5696143235858832
0.5697526824140735
0.5698098203601862
0.5698433475847648
0.5700865380165672
0.5701937306923325
0.5702022305520847
0.5702022305520849
0.5702045916242383
0.5702097859829758
0.570206480481961
0.5701753143295358
0.5702555907827521
0.5702990345103751
0.5704600596312384
0.5704506153426246
0.5704194491901995
0.5705559191606672
0.570597946244998
0.5706461121169278
0.5706791671270758
0.5707835265162569
0.5708486921076914
0.5708543586808595
0.5708623863261812
0.5709053578393734
0.570949273781427
0.5709166909857099
0.5710309668779354
0.5710413555954105
0.5711518537721906
0.5711476038423144
0.5712958791735492
0.5714073217791906
0.57149657030659
0.5716703452170817
0.5717010391550762
0.5718285370513608
0.5721368930745977
0.5719612293063832
0.5719805900980411
