0.5055475751316769
0.5060570945023852
0.5059107080288731
0.5099174474732278
0.5119007480821012
0.5134368616251166
0.5163202029388738
0.518076368406588
0.5195860379414851
0.5208086011025264
0.5222403552563606
0.5237571080077179
0.525685159528201
0.5304214702679628
0.5384595043070678
0.5460824618616016
0.5610393817390902
0.5587396974616585
0.5237013867048971
0.5260511257119813
0.5242694606650102
0.5234794459224756
0.5243327373987219
0.5237981906631874
0.5228178735050872
0.5228636783048635
0.523553583588093
0.524704842370101
0.5257503251196356
0.5263009271458132
0.527241578291736
0.5278464849774424
0.5287894971955185
0.52928060020343
0.5301853630526208
0.5310230714526544
0.5316378946414051
0.5321875522387214
0.532527546628814
0.5332783675736017
0.5341094649716057
0.534703982939837
0.5354363875218281
0.5356469951579133
0.5366263678871521
0.5368846691807363
0.5375311307363428
0.5378446811183171
0.5382597576028885
0.5391697148108168
0.5399828680604548
0.5406765510591298
0.5411322379847399
0.5418641703523003
0.5422872744821933
0.5430187346353229
0.5433563679532621
0.5438795815424602
0.5443097688888133
0.5444004340595047
0.5448296769769966
0.5451932820886233
0.5457920499867308
0.5460333515608105
0.546590092374587
0.5469149759028976
0.5473649962553395
0.5478754600549091
0.5487235571724178
0.5491570500197858
0.5497917062146251
0.5501458670376382
0.550941548353341
0.5518363946994874
0.5526311315863288
0.5536827531234623
0.553988275860115
0.5542338273640707
0.5546498482775034
0.5555031397537495
0.5555470556958032
0.5559781874710178
0.5564461519718258
0.5565958439463528
0.557121418607704
0.5578689340514771
0.5584417301558968
0.5589989431841041
0.5595098791981044
0.5600982583787367
0.5604897241417739
0.5610049100856502
0.5611848237837409
0.5616150111300942
0.5622780001907746
0.5625976893603478
0.5633900651750358
0.5640233047265831
0.5643207998179142
0.5650055107424061
0.5651518972159182
0.5658356637115487
0.5663305444349057
0.5667715927131647
0.5671625862617711
0.5674969140786955
0.568026738669923
0.5682935398232596
0.5685660075497643
0.5688361142041156
0.5691227483635409
0.5697030998988517
0.5703637278873788
0.5708798582601164
0.5712590464479559
0.572037728044154
0.572417388446424
0.572708744750156
0.5733519008047478
0.5734963984205372
0.5738888086124356
0.5741239713989164
0.5742552470106466
0.5748530704798926
0.5753375624857746
0.5757639721166823
0.5762838802048655
0.5765006266285495
0.576939313834655
0.5772372811404167
0.5777642724450602
0.5780594064642378
0.5783233743309902
0.5790184739729572
0.579168165947484
0.5793121913488428
0.5794666054676765
0.5797952667114326
0.5801805936868709
0.5806627246205993
0.5801598162519207
0.5805234213635475
0.5804086732568913
0.5804790332070632
0.5808657768257934
0.5810126355137363
0.5815452933915479
0.5821199783536906
0.5827102463920457
0.5823083919115335
0.5822928088353209
0.5824760280344263
0.5830379632069405
0.5834775948419073
0.5841972496342699
0.5843190809573864
0.5848800717010392
0.5851397896379155
0.585680002946618
0.586287270704478
0.5863127702837347
0.586787818001003
0.5870428137935725
0.5874243630535652
0.5879551320736541
0.5883456534078298
0.588970393099625
0.5882875710328557
0.5897254639742889
0.5893528867884791
0.5905457004403871
0.5901877619019286
0.5911964119258698
0.5917271809459589
0.5918537344133822
0.5931282411617986
0.5931088803701405
0.5935773170853791
0.593761480713346
0.5944731078603869
0.5948003524608512
0.5948178243947864
0.5949684607981746
0.5956413663618995
0.596244384189883
0.5966216835199997
0.5972185625603844
0.5974003651161978
0.5978725795468819
0.5986352058524368
0.5990417824772557
0.5991126146418584
0.5994455258154907
0.5999843224809014
0.6006732833352695
0.6008758633260329
0.6010076111521938
0.601765043099011
0.6020186222482885
0.6023524778507822
0.6026825557378304
0.6038744249608771
0.6039041744700102
0.6044221937004706
0.6041412261142135
0.6050101006666724
0.6055734524824784
0.6062180251803624
0.6064498824658282
0.6069792348426251
0.6076653624104091
0.6082079367912653
0.6083850172027718
0.6084912654496757
0.6093015854127296
0.6097412170476966
0.6098800480903176
0.6101279606664268
0.6109052256193328
0.6111588047686102
0.611490771513381
0.6118326547611964
0.6122888139012372
0.6123289521278454
0.6131713826721858
0.6133744348773801
0.613326741219881
0.613851371452371
0.6148208276785656
0.6148250776084417
0.6147542454438389
0.6157784785439928
0.615663258222906
0.6167054354714259
0.6170544019357014
0.6170515686491173
0.6180465244545686
0.6179185543438533
0.6189578983057891
0.6193521973554102
0.619570832636817
0.6195061392598132
0.6197087192505767
0.6201662950339097
0.6208052011586254
0.6212802488758935
0.6214049134855941
0.6217949626053393
0.6217581298797459
0.6229613322491291
0.6226780035907185
0.6230543584919738
0.6234798236940201
0.6242958102302423
0.6248251626070392
0.6253507372683906
0.6257993409775405
0.6259013392945683
0.6266738821031677
0.6265851057901989
0.6276390883994858
0.6282066901451682
0.6280985530405415
0.6289390947271591
0.6290925644171316
0.6294070592279671
0.6298244967846919
0.6301531580284481
0.6303835986706219
0.6303939873880969
0.6312883615198126
0.6314224704181269
0.6318852405601975
0.632036821392447
0.6324334815142216
0.6326757275171626
0.6328693354337431
0.6335162692037803
0.6338850686741447
0.6344994196484647
0.6344177265519563
0.6347563042987568
0.6355959015565132
0.6358452307759145
0.6362683349058075
0.6364203879524877
0.6372486520639076
0.6377227553523145
0.6380400834497342
0.6386251571293518
0.6385104090226956
0.638693628221801
0.6391412875020895
0.6400757998604134
0.6396201129348031
0.639956801823881
0.6412771133720738
0.6408459815968592
0.6417715218810001
0.6420709058300538
0.6422437363116841
0.6426167857119247
0.6429874740400117
0.6434478831099286
0.643668407249058
0.6434261612461173
0.6450378290980421
0.644810693956883
0.6450883560421252
0.6448994702698516
0.646054506767305
0.6460002021077764
0.6465739426410575
0.6471552386052296
0.6473351523033204
0.6480141966546442
0.6478281441689545
0.6487102407254725
0.6486535749937903
0.6491862328716022
0.6495087553277594
0.6499483869627263
0.6502269934768299
0.6502104659717559
0.6506434866046932
0.6509929252833995
0.6511648113361685
0.6516554421296492
0.6518986325614515
0.6517616903765532
0.6523292921222357
0.6529044492988089
0.6528166174147016
0.6528071731260879
0.6529223934471748
0.6536722699631011
0.6543966468997706
0.654297481869327
0.6544967563590757
0.654543977802144
0.6553325759013864
0.6556754035780632
0.6563808919375053
0.6559379548015235
0.6570712694351655
0.6570641862187052
0.6575500948678791
0.6572771549269437
0.6576511487560456
0.658647521204789
0.6581913620647482
0.6585238010239498
0.6585710224670182
0.6592462891028964
0.6593898422898246
0.6597746970508319
0.660045275919614
0.6602624945577287
0.6605028517029469
0.6606416827455681
0.6610652590898917
0.6615544732400804
0.661514807227903
0.6620814645447239
0.662248628453186
0.6627642866114931
0.6631855018836634
0.6636133281578631
0.6638012695012755
0.6640175437105289
0.6645303685822517
0.664513368862747
0.6651159144763
0.6656084341275035
0.6656882383662891
0.6657864589678716
0.6657567094587384
0.6668465803647572
0.6663361165651878
0.6668187197133469
0.6677083717007558
0.6670000500547296
0.6681343091172329
0.6687330770153403
0.6687519655925677
0.6689767396615733
0.6693833162863925
0.6693441224886456
0.6698257812079434
0.6696935611673518
0.6701676644557587
0.6701752198866497
0.6711630924756409
0.6712320357825207
0.670842931091637
0.6714605875669718
0.6721575760666616
0.6727317888143733
0.6730188951882294
0.6729041470815731
0.6731105047877821
0.6733843891575788
0.6737291056919783
0.6741030995210802
0.6738995751014554
0.6745450922282005
0.6748081156660916
0.6749039751955204
0.6754866878029846
0.6752047757878662
0.675405466920907
0.6759253750090901
0.6760760114124784
0.6760184012519349
0.6767711110544453
0.6769505525381053
0.6772655195633717
0.6770261068470147
0.6773273796537913
0.6779001757582112
0.677998868574224
0.6781452550477362
0.6783454739663463
0.6785603315323075
0.6789555750107901
0.6785721368930746
0.6791076280574704
0.679475955313404
0.6794768997422653
0.6797413398234484
0.6798669488620104
0.6805441043556114
0.6803741071605651
0.6804940496259588
0.6808746544570903
0.6814214787678226
0.6814653947098763
0.681748251153856
0.68199946923098
0.68199946923098
0.6823054641820632
0.6824225733608729
0.6827739008973019
0.6825491268282962
0.6830770625618012
0.6832735037649657
0.6833972239458048
0.6836550530249584
0.6841423783174245
0.6841282118845039
0.6844087072563304
0.6848974491920883
0.6852936370994323
0.6850452523088923
0.6855278554570516
0.6857091857984344
0.6861455119323865
0.6859311265808559
0.6865204501903497
0.6867405021150484
0.6865761714931704
0.6872202719766236
0.687315187077191
0.687488489773252
0.6875876548036958
0.6881222015392301
0.6878700390332448
0.6885212227331582
0.6886964142869421
0.6891979060123286
0.6891558789279977
0.6895001232479665
0.6897182863149425
0.6904077193837412
0.6906003828714604
0.6904029972394345
0.6909828765603145
0.691032931289967
0.6913795366820892
0.6913937031150097
0.6915325341576308
0.6919650825761376
0.6922318837294741
0.6923522984092985
0.6922262171563058
0.692833012699735
0.6929727881712173
0.6931144525004226
0.6932835052666075
0.6936131109392251
0.6936584435245707
0.6942137676950552
0.6942166009816393
0.6942760999999056
0.6943894314632697
0.6950089767963272
0.6950136989406341
0.6953650264770631
0.6952809723084014
0.6954878022290409
