0.5115843644135427
0.5129703137676006
0.5145111494549229
0.5157261571850732
0.5169303039833175
0.5174643785044214
0.5180404801098559
0.518330419770296
0.5186420812945476
0.5189183267364977
0.5193088480706736
0.5194727064781209
0.5197735070704668
0.5199878924219973
0.5202570546474872
0.5204870230752304
0.5204289407002562
0.5205200780853783
0.5205526608810954
0.5204279962713948
0.5208633779764856
0.5208855720547277
0.5210569858930661
0.521191567005811
0.5215910604141698
0.5220335253357209
0.5220434418387653
0.5220349419790129
0.522360769936185
0.5223451868599724
0.5224939344056378
0.5224141301668523
0.5222616049057413
0.522335270356928
0.5222970209880426
0.5224297132430649
0.5225345448466767
0.5225506001373199
0.5224911011190537
0.5224948788344992
0.5224037414493772
0.5223664365093532
0.5222639659778947
0.522607265869002
0.5226662926728376
0.5229722876239209
0.5230067592773608
0.5227697076331574
0.5226275710895215
0.5228726503790466
0.5225907383639281
0.5224589905377672
0.5223503812187099
0.5223338537136359
0.522264910406756
0.5224476573914308
0.5222408274707911
0.5225883772917748
0.5223834362288577
0.5222389386130684
0.5219338880908465
0.5216590592921884
0.5215905881997391
0.5213313424772936
0.5210853187589072
0.5205422721636205
0.5202830264411749
0.5196271205969546
0.5193414308663907
0.5190680187110246
0.518439501303784
0.5181363396392848
0.5181103678455972
0.5176834860002588
0.5173279085339536
0.5170535519497261
0.5168165003055227
0.5165657544428295
0.5162852590710031
0.5162961200029088
0.5161459558139513
0.5161681498921934
0.5163159530089976
0.5163872573880309
0.5163301194419181
0.5164845335607517
0.5166554751846595
0.5167971395138647
0.5168188613776762
0.5166970300545597
0.5168061115880477
0.5168632495341605
0.5169619423501735
0.517167355627521
0.5172806870908853
0.5174450177127633
0.5174015739851403
0.5174303790654121
0.5177222075835749
0.5176466532746654
0.5175583491761275
0.5176296535551608
0.5176938747177338
0.5176716806394916
0.5176655418518928
0.5178709551292404
0.5178799272034234
0.5179913698090648
0.517887954848745
0.5179573703700555
0.5180296191779502
0.5181377562825769
0.5183053924054697
0.5183068090487618
0.5184909726767286
0.5187001636695217
0.5186888305231853
0.5185924987793257
0.5187761901928618
0.5187464406837288
0.5188130229184552
0.5189102990911761
0.5190052141917436
0.5190477134905052
0.5189244655240967
0.5189494928889229
0.519089740574836
0.519260209984313
0.5193404864375293
0.5194434291834185
0.5194566511874776
0.5195595939333668
0.5196186207372022
0.5197262856273983
0.5198698388143262
0.5198868385338309
0.5199175324718254
0.5200200030032838
0.5199770314900914
0.5200960295266239
0.5199383099067755
0.5201555285448901
0.5201739449076868
0.5202499714310269
0.5201663894767958
0.520089890739025
0.5201966112003596
0.5201966112003596
0.5200908351678863
0.5199326433336072
0.5198514224515296
0.5197555629221007
0.5198495335938069
0.5197843680023724
0.5196946472605424
0.5196847307574981
0.5198976994657365
0.5197163691243538
0.5196530923906422
0.5198212007279658
0.5198684221710341
0.5200143364301155
0.5199661705581857
0.5200365305083577
0.5203255257399364
0.5203911635458014
0.5201909446271914
0.5201999167013744
0.5202103054188495
0.5201640284046425
0.520260360148502
0.520299081731818
0.5203359144574115
0.5204738010711712
0.5205356611615909
0.5206329373343117
0.5205965768231491
0.5205715494583228
0.5205389666626057
0.5205521886666648
0.5205196058709476
0.520512994868918
0.5204879675040917
0.5204761621433247
0.5203996634055539
0.5202938873730806
0.5203288312409512
0.5203038038761248
0.5202159719920176
0.5202551657897645
0.5202206941363245
0.5201564729737516
0.5201465564707071
0.5201947223426369
0.5202414715712746
0.5200799742359806
0.5203198591667682
0.5204171353394891
0.5204638845681269
0.5203340255996887
0.5203968301189698
0.5204808842876314
0.5204723844278791
0.520572966101615
0.5206556036269846
0.5208496837579958
0.520865739048639
0.5209266547101972
0.5210593469652196
0.521224622015959
0.5212628713848444
0.5213634530585801
0.5212605103126909
0.5214083134294951
0.5213577864854118
0.5213955636398666
0.5212893153929626
0.5211707895708609
0.5212076222964543
0.5211863726470736
0.5211424567050199
0.5210999574062583
0.5209455432874246
0.5213091483990514
0.5210659579672491
0.5211920392202418
0.5209738761532656
0.5211349012741289
0.5208407116838127
0.5209072939185393
0.5207571297295817
0.5207561853007204
0.5204799398587701
0.5209408211431178
0.5203826636860491
0.5207457965832452
0.5210919297609367
0.5208529892590106
0.5204799398587701
0.5209214603514597
0.5214541182292713
0.5209342101410883
0.5212973430382843
0.5208501559724263
0.521302065182591
0.5212727878878888
0.5198216729423965
0.5208421283271047
0.5215693385503583
0.5195449552860155
0.520949793217301
0.5198603945257125
0.5205427443780511
0.5209134327061382
0.5194996227006698
0.5189509095322149
0.5194816785523039
0.5191634060260228
0.5193674026600784
0.5175659046070185
0.5208015178860661
0.5168113059467854
0.5167829730809441
0.5196809530420526
0.5183743357123497
0.5181590059319577
0.5171305229019276
0.5201040571719455
0.5200865852380104
0.5180919514828006
0.5240848248226126
0.5132725310032386
0.5144766778014829
0.5211637063544007
0.5174761838651883
0.521227455302543
0.5067451109278919
0.5196219262382171
0.5198660610988808
0.5144544837232408
0.5141678495638156
0.5154456618132468
0.5140115465872591
0.5147642563897696
0.50308544909009
0.5044071772815748
0.5220240810471071
0.4877488688103313
0.5004249929876158
0.5042456799462809
0.5048590864917395
0.5192389603349321
0.5150631681243926
0.5247813411078717
0.4995140913508261
0.5335276967930028
0.5
0.5291545189504373
0.5014577259475219
0.5
0.5019436345966958
0.5
0.5
0.5029154518950437
0.5019436345966958
0.5
0.5
0.5
0.5
0.5
0.5
0.5
0.5
0.5
0.5
0.5
0.5
0.5
0.5
0.5
0.5
0.5
0.5
0.5
0.5
0.5
0.5
0.5
0.5
0.5
0.5
0.5
0.5
0.5
0.5
0.5
0.5
0.5
0.5
0.5
0.5
0.5
0.5
0.5
0.5
0.5
0.5
0.5
0.5
0.5
0.5
0.5
0.5
0.5
0.5
0.5
0.5
0.5
0.5
0.5
0.5
0.5
0.5
0.5
0.5
0.5
0.5
0.5
0.5
0.5
0.5
0.5
0.5
0.5
0.5
0.5
0.5
0.5
0.5
0.5
0.5
0.5
0.5
0.5
0.5
0.5
0.5
0.5
0.5
0.5
0.5
0.5
0.5
0.5
0.5
0.5
0.5
0.5
0.5
0.5
0.5
0.5
0.5
0.5
0.5
0.5
0.5
0.5
0.5
0.5
0.5
0.5
0.5
0.5
0.5
0.5
0.5
0.5
0.5
0.5
0.5
0.5
0.5
0.5
0.5
0.5
0.5
0.5
0.5
0.5
0.5
0.5
0.5
0.5
0.5
0.5
0.5
0.5
0.5
0.5
0.5
0.5
0.5
0.5
0.5
0.5
0.5
0.5
0.5
0.5
0.5
0.5
0.5
0.5
0.5
0.5
0.5
0.5
0.5
0.5
0.5
0.5
0.5
0.5
0.5
0.5
0.5
0.5
0.5
0.5
0.5
0.5
0.5
0.5
0.5
0.5
0.5
0.5
0.5
0.5
0.5
0.5
0.5
0.5
0.5
0.5
0.5
0.5
0.5
0.5
0.5
0.5
0.5
0.5
0.5
0.5
0.5
0.5
0.5
0.5
