0.5666794283425338
0.5643764215407903
0.5576981939112043
0.556600821012083
0.5632249181399185
0.5649172344628236
0.5848293855794375
0.5974309663869268
0.595799177806888
0.5986577603947787
0.6179754601830793
0.616698964532711
0.6159076750162145
0.621660271065869
0.621965370257553
0.6247338993743499
0.6319012699015711
0.6286224377819092
0.6241296061366273
0.6200973758516942
0.6269990148248681
0.6283803268104439
0.6277194425936188
0.626484282962769
0.6253322874664269
0.6253770681542385
0.6306016457640914
0.6341427647695075
0.6384623788091881
0.6230184545643331
0.641031117164979
0.6468447330529701
0.6388353871757952
0.6403013395822896
0.6453507312046596
0.64734962300566
0.6484499484776043
0.6530904087640236
0.651677110572868
0.6567988402293952
0.6540244059669529
0.6627522112309965
0.6548776995127271
0.6444944850860626
0.6649750064710555
0.6699072793714563
0.6683414315844589
0.6610013355471067
0.6780859060904688
0.6790031720474026
0.6803977706106805
0.685155349619069
0.6850835036803821
0.6866149047844474
0.6810128899487531
0.6878402225058879
0.6941100108949938
0.6886443065046164
0.6961497466200423
0.6964558300026672
0.6933526759659587
0.6944776062114258
0.7046895714143709
0.697676226769403
0.6882683455651865
0.6943270249974658
0.7029485376398905
0.7014136918675318
0.708370445533397
0.7106439266069131
0.7039110763801064
0.7126083717249816
0.7137234600610395
0.686502707017183
0.7088103788839866
0.7148995682354342
0.7102846969134788
0.7020765444662389
0.7091971659237665
0.7179175897557533
0.7051826510757699
0.7123879129542166
0.7087355803724771
0.7148946472807296
0.7126654547995548
0.7061825890717406
0.7213627501444301
0.7172340691472872
0.725503241432864
0.7222691900010136
0.7105671597135217
0.7200842861121799
0.7138258159188948
0.7105061398751849
0.7212544891409294
0.7219306283173386
0.6963003278340024
0.6932198101889351
0.6955641530101971
0.712333782452466
0.712873119088088
0.72149167915769
0.7232484599872252
0.7292825346459815
0.7287599292563551
0.7273840303209544
0.7257168108670426
0.723659851800528
0.720799792926226
0.7281142999991144
0.7301633855381015
0.7125030632943037
0.7266281716783309
0.7284853399838396
0.7241519472709862
0.7310358708072237
0.7206275595115658
0.7244816512361931
0.7198746534417649
0.7179712281620333
0.7307755523033512
0.7262551633117238
0.7292116728982356
0.7262955151403013
0.7218597665695926
0.7142381919231386
0.7306761490183188
0.7307607894392375
0.7311652919159539
0.7329171517907846
0.7308897184524976
0.729781519453026
0.728598521942045
0.7332384901329938
0.7362850531905994
0.7352880677674516
0.7349071858733168
0.72531624515409
0.7266596657884403
0.7372180662025878
0.7273968248031865
0.7256715380837606
0.7246971890522537
0.7345710846669941
0.7218607507605336
0.7167085111848379
0.7347969564879343
0.7429303104236646
0.7360734521383024
0.7319939806882053
0.7403172834755325
0.7279794658402088
0.7392691201234569
0.7347634939959432
0.7369730026582997
0.7432974136446264
0.7230368589349282
0.7301673223018652
0.7396874012733462
0.7451821392964807
0.7319191821766957
0.7411774663578932
0.738306581383241
0.7343796595289859
0.7432285202787623
0.7422905863120692
0.7413241108080897
0.7362958792909495
0.7433535125282585
0.7390742503171555
0.7471495369873719
0.7426586737239718
0.724786750427877
0.7495844253751982
0.7394246222921216
0.7411597509209567
0.7490824879953311
0.737848932595715
0.7417689651133837
0.7464340301733259
0.7501478746888727
0.7434027220753044
0.7373066433872703
0.7505627111704687
0.7430464449546927
0.7404841038400178
0.7420858745963587
0.7493324724943236
0.7542111069884447
0.7462342394123199
0.7561430738054629
0.7396470494447687
0.7436969951666382
0.7507605335495928
0.7454281870317097
0.7514908032277525
0.7557385713287463
0.7451398190860212
0.7538735294957104
0.7566046593567525
0.7609656094159516
0.7516167796681898
0.7611201273936754
0.7541540239138715
0.7591980024860663
0.7530305699548158
0.7594627498491727
0.7458868200101766
0.7603337588318835
0.7396755909820552
0.7571558062836654
0.7600399778360201
0.7579106807353482
0.7567079994055487
0.7416311783816554
0.7574018540188945
0.7595572321795007
0.7652458558179955
0.7579441432273393
0.7457588751878573
0.7479231110669319
0.7569707783867734
0.7604400514535024
0.7609685619887743
0.7671482969067864
0.7613386177825587
0.7680527683814882
0.7506129049084556
0.7645072205168381
0.7678052443598478
0.7674169810336562
0.7553183217969752
0.7686609983829744
0.7618100452432576
0.7693085960220971
0.7605182946333051
0.7618120136251394
0.7702627691393151
0.7726686238943845
0.7743191121023008
0.766482983830727
0.7732315811125886
0.7754405976794746
0.771114586398678
0.7711145863986779
0.7657576351072718
0.7741173529594129
0.7719737850900978
0.7779734130659222
0.7611821314229531
0.7490933140956811
0.7678815191577688
0.7675350839465662
0.7724343864504465
0.7702849134354858
0.767702396406522
0.7755611610697368
0.771197258437715
0.7733496840254984
0.7711992268195967
0.7813226148378594
0.7718497770315423
0.7823560153258212
0.7828052984903495
0.781135126463615
0.7817901055347946
0.7737089137189328
0.7816326349842481
0.7857455689263363
0.7796790159665297
0.7838519855560138
0.7851324179701455
0.7894018382718394
0.7800559610969005
0.7879334253879926
0.7768898188399735
0.7869738392205996
0.7850251411575857
0.7881100876618872
0.7834209099238925
0.7905444839542429
0.7837693135169768
0.7766221189040442
0.7828156324952291
0.7848637338432753
0.7856845490879996
0.7850290779213495
0.7832063562987729
0.7881578209225214
0.7840773652814835
0.7805086889297219
0.7799831309672727
0.7859542174058105
0.7959565499383403
0.7958709253264807
0.7979957935679185
0.7966208788234588
0.7964368351175074
0.7940565693269019
0.7933691119546721
0.794154496325523
0.8025201193233097
0.7999868118413918
0.793451783993709
0.7957626643229799
0.7995153843806928
0.7919735292004532
0.7826453674624506
0.7882523032528495
0.7786849831162044
0.7940176937847357
0.7865329216790692
0.8029059221721487
0.7981877108013972
0.7933661593818494
0.7927510400437767
0.7978284811079628
0.7905188949897792
0.7821158727362378
0.7990282098649394
0.7971671047956672
0.7993175620015689
0.8017583555350406
0.7995714832643253
0.8058270008847876
0.8008489631056341
0.7995626255458569
0.8025309454236599
0.7795874862090244
0.7909627651041322
0.8026707005372699
0.7958591150351898
0.8098858043251256
0.8071103858717422
0.8010595799669903
0.7987585415471286
0.8086703285130941
0.8109526673050785
0.8163086344055437
0.8001196776184154
0.8081654385604042
0.8068097155392924
0.8066773418577391
0.8089139157709709
0.8055120597836947
0.8084606958426791
0.8204186157748093
0.8106170581942262
0.7958906091452991
0.802458115294032
0.8014345567154793
0.8062393768890316
0.8108483430653415
0.802481735876614
0.8118896170808307
0.800019290142442
0.8185073169675503
0.8138619357264265
0.8143530470059435
0.8215957081401449
0.7826660354722099
0.7928474907559866
0.8053368737962114
0.8106337894402218
0.8054864708192306
0.8072717931860524
0.8077442048376923
0.8197759390903909
0.8155823014911476
0.8241585413502902
0.8245576307768319
0.826448753669802
0.8250817124528694
0.8165910972055868
0.8078160507763791
0.8132478005792948
0.8210504663588774
0.8207114125797318
0.8240660274018443
0.8230926625612781
0.8292635397608219
0.8160232190326782
0.8222285429151539
0.8211164071519188
0.8041095876928892
0.8301621060898783
0.8249449099120822
0.8311669650405537
0.8287881755363595
0.8286523571865132
0.8312043642963084
0.828846734897344
0.8213299765860975
0.8237471495369875
0.8317269696859348
0.8356558599220718
0.8315921355270293
0.8320763574699601
0.8258208398494975
0.8365977306525285
0.830786083146419
0.826493042262143
0.8290233971712384
0.8255619976320364
0.8402618735255589
0.8393475601414478
0.8302329678376243
0.8422017138701046
0.8175496991820389
0.8310331150725889
0.8423955994854649
0.840073893055844
0.8441464751693547
0.843203620247957
0.8368762566888077
0.82257891489012
0.8241339365767674
0.8413838511982032
0.8446277445394627
0.8442517836000327
0.8436632374173647
0.8452133381493077
0.8375878267390899
0.8474179258569596
0.8439890046188081
0.837529759473576
0.8299386947462903
0.8454849748490005
0.8380622067726116
0.8407451112775488
0.8255265667581636
0.8453206149618675
0.8386079406493495
0.8395601453846857
0.8329837815174848
0.8336628732667167
0.7960943366700687
0.8070798759525738
0.8228574409263991
0.8388741642988673
0.8494040231757285
0.8433965216723767
0.8452605793144716
0.8509226297975618
0.8496195609917889
0.8520219710785649
0.8539598430412287
0.8509974283090713
0.8474661512130646
0.8571968470459016
0.8488194137568242
0.8468785892213376
0.8502573167215024
0.8244045890855192
0.848491678173499
0.8464908179906168
0.8562421818332131
0.8502474748120933
0.8387166937483207
0.84105808399676
0.8535267990272256
0.8616119276068512
0.8557938828596259
0.8622782248738514
0.8579044803324203
0.854249195177858
0.8516588046213669
0.8612812394507035
0.8620656396306134
0.8595185534755228
0.8622900351651422
0.8678733503729592
0.8640851994413733
0.8443246137296605
0.8448885551388055
0.8631521864293847
0.8511037209306903
0.8615243346131095
0.8620523530529112
0.870010028905688
0.859314825950753
0.866246482747625
0.8571801157999059
0.8633096569799313
0.8616306272347287
0.8663970639615852
0.862857913338051
0.8669698630891982
0.8710650815943499
0.8484040851797576
0.8250433290061738
0.8593246678601622
0.8558366951655556
0.8475813015531517
0.8604358194324564
0.8618358310459096
0.8710572080668226
0.8658311541705583
0.8733798986873845
0.8618220523727367
