0.5274884529797856
0.5304587412394703
0.533141153648937
0.536067645411751
0.5378337760552249
0.5390374415759653
0.5415018556920191
0.5427227445542255
0.5444376972687717
0.5459031575797957
0.5474803235626138
0.5486155878129604
0.5494806916500257
0.5499585163518405
0.5500106784717089
0.5509643594934566
0.5517261232817257
0.5521163549897989
0.5524435984776535
0.5529780141585708
0.5533682458666441
0.5540837526806901
0.5538554203823975
0.5544651266702951
0.5545861821560277
0.5552785604829622
0.5548450243734886
0.5550851669630722
0.5552426375136188
0.5552096671170981
0.5550172577881489
0.5557007783966152
0.5559025375395029
0.5560467215123472
0.5562666881876419
0.556510767540989
0.556534388123571
0.5567450049849272
0.5569821950016879
0.5569073964901783
0.5568562185612507
0.5564669710441184
0.5564635263758252
0.5563370578399175
0.5562730854287579
0.5560983915367452
0.5558454544649298
0.5555098453540774
0.5555492129917141
0.555543799941539
0.5554842563896136
0.5552052382578639
0.5551727599568137
0.5554552227568567
0.5553868214864629
0.5554537464704452
0.5555718493833551
0.5557903397722386
0.5553248174571852
0.5552342718906209
0.5550856590585427
0.5549523011860484
0.5551215820278861
0.5552524794230279
0.5552234457902708
0.5552972601108396
0.5553774716725243
0.5552628134279075
0.5553917424411675
0.5553799321498765
0.5551018982090677
0.555068927812547
0.5551373290829407
0.5551137085003588
0.5552116354989799
0.555169807383991
0.5551599654745818
0.5552490347547346
0.5550605621895492
0.5551240425052384
0.5551245346007088
0.5551894912028092
0.5551186294550633
0.5551063270683019
0.5550413704662014
0.55528692610596
0.5552003173031594
0.5552583845686734
0.5554099499735744
0.5553518827080604
0.5552593687596143
0.5552598608550847
0.5555285449819548
0.555514766308782
0.5554557148523271
0.5554522701840339
0.5556471399903352
0.5558488991332231
0.5559935752015377
0.5562292889318872
0.5565083070636369
0.5567228606887565
0.5568242323556709
0.5569452878414035
0.5568921415305941
0.5570304203577928
0.5570806140957795
0.557357171750177
0.557139173456764
0.5572120035863918
0.557291723052606
0.5571376971703527
0.5574122864428682
0.5573305985947721
0.5572582605606149
0.5573994919606362
0.5574083496791045
0.557507752964137
0.5575727095662375
0.5579348918324947
0.5577100042024953
0.5579516230784902
0.5580362634994089
0.5582518013154696
0.5585244222061034
0.5586882899977659
0.5588201715838487
0.5590799979922505
0.5593447453553569
0.5595479807846561
0.5597221825811982
0.5599598646934294
0.5601891811826629
0.5602226436746541
0.5605282349618085
0.5607816641290944
0.5611330202950013
0.5611344965814128
0.5612112634748042
0.5613160798100119
0.561612813378698
0.5619075785655023
0.5622397430080615
0.5623785139307307
0.5624410100554789
0.5626983759865285
0.5630590819663741
0.5633971515545788
0.5638385611915797
0.5640063657470059
0.5640693539672245
0.5643596902947947
0.564672663014006
0.564708093887879
0.5648724537750119
0.5649974460245084
0.5651923158308096
0.5654359030886864
0.5655520376197145
0.5659225855089693
0.5659742555333674
0.5661179474107412
0.5663147855989243
0.5664117284066048
0.5664993214003463
0.5666779520561225
0.566737495608048
0.5669239997913516
0.5670898359648958
0.5671897313453989
0.5672669903342609
0.5675228799788989
0.5677197181670822
0.5679342717922019
0.5682403551748267
0.5683249955957456
0.5687462293184576
0.5688382511714333
0.5690385340279096
0.5693702063749984
0.5697092601541439
0.5699297189249092
0.5701162231082127
0.570184132283136
0.5703962254309034
0.570594539905498
0.5708125381989109
0.5709714850358688
0.5710290602059125
0.5711993252386909
0.5714719461293247
0.5715177110080772
0.5718872747063912
0.571983725418601
0.5722794747963463
0.5722962060423419
0.5725363486319254
0.5728296375323184
0.5730338571525584
0.573115052905184
0.5731957565623391
0.5735672886425349
0.5737710161673046
0.573960472923431
0.5740953070823365
0.574193726176428
0.5744889834587028
0.5745795290252671
0.5749431875779356
0.5751247708065346
0.5753688501598817
0.5757576055815437
0.5760715624916959
0.5762905449760498
0.5765169088924604
0.576755083100162
0.5770537850507301
0.5772644019120861
0.5774405720905101
0.5777363214682554
0.5779892585400709
0.578088169729633
0.5783972056850805
0.5786993523039418
0.5789016035423
0.579376475671292
0.57973964212849
0.5799551799445506
0.5799930712957759
0.5803094886832805
0.580672163045008
0.5810564896074357
0.5811416221238249
0.5820534750305837
0.5821066213413932
0.5823295405895108
0.5828181913916755
0.5829515492641697
0.5833403046858314
0.5834682495081506
0.5839268824866174
0.5845169049556966
0.5847521265905756
0.5850454154909686
0.5852255224331562
0.585252095588561
0.5854612361635056
0.5858303077663491
0.5860984997977488
0.586148201440265
0.5864449350089512
0.5867913702201537
0.5867785757379218
0.5870329890961485
0.5874055053672853
0.5875122900843748
0.5877603062014856
0.5881387276182677
0.5882445281444163
0.5884674473925338
0.5885629139138027
0.5888256928950272
0.5890318808971492
0.5893020413104306
0.5894978953076729
0.5896878441592697
0.589877300915396
0.5899594808589625
0.5901361431328569
0.5901922420164891
0.5904850388214117
0.590534740463928
0.5906272544123741
0.5905824737245624
0.590857062997078
0.5908944622528327
0.5909249721720011
0.5912507393734444
0.5914052573511682
0.5916955936787385
0.5917384059846682
0.5920095505888907
0.5921365112202688
0.5922969343436382
0.5923535253227409
0.5924908199589985
0.5925616817067445
0.5928037926782099
0.5930006308663931
0.5931443227437668
0.5931738484719944
0.5933116352037227
0.5933697024692366
0.5935724458030653
0.5935714616121244
0.5936674202288638
0.5938440825027582
0.5938918157633926
0.5939735036114887
0.5939838376163683
0.5940960353836326
0.5940674938463462
0.5942672846073521
0.594398182002494
0.5943824349474393
0.5944818382324718
0.5944759330868263
0.5945960043816181
0.594773158750983
0.5946619451746594
0.5949178348192976
0.5951692956047017
0.5952278549656862
0.5953243056778958
0.5954699659371515
0.5954492979273923
0.5954133749580489
0.5955546063580703
0.5956215313420526
0.5957849070382447
0.5959118676696229
0.5958887391825114
0.5959955238996006
0.5959315514884411
0.5960201286731236
0.5962081091428386
0.5962715894585277
0.5962750341268208
0.5964639987874767
0.5966214693380233
0.5966096590467325
0.5965944040871481
0.5968094498077383
0.5968566909729022
0.5968891692739525
0.5969472365394666
0.597059434306731
0.5969698729311076
0.5970220350509763
0.5971263592907132
0.5971440747276497
0.5972060787569275
0.5972907191778463
0.5973802805534696
0.5974004564677584
0.597387169890056
0.5974570474468611
0.5975234803353728
0.5975357827221344
0.5975913895102961
0.5976942374636218
0.5976725852629217
0.5977099845186764
0.5977090003277357
0.5977350813876698
0.5978088957082386
0.59789648870198
0.5979629215904919
0.597884678410689
0.5980086864692445
0.5980844691716951
0.598090866412811
0.5982286531445392
0.5984500961062453
0.5983871078860268
0.5985809935013873
0.5985868986470327
0.5987281300470542
0.5987812763578637
0.5988639483969005
0.5989057765118895
0.5990199426610358
0.5990583261077316
0.5991562531063526
0.5991961128394597
0.5992354804770964
0.599440192192807
0.5994825124032663
0.5996380145719311
0.5996813189733314
0.5996773822095678
0.5997516886256069
0.5998200898960006
0.5999623054869629
0.600007578270245
0.6001192839420391
0.6001921140716667
0.6002742940152332
0.6002629758194128
0.6003623791044452
0.6004229068473117
0.600458829816655
0.6004858950675303
0.6006320474222563
0.6005646303428036
0.600566106629215
0.6006222055128472
0.6006842095421249
0.6007166878431751
0.6006246659901995
0.6007777076815118
0.6007964073093892
0.600811170173503
0.6009440359505266
0.600905652503831
0.6009725774878132
0.6010857594460186
0.6010247396076818
0.6010887120188413
0.6012550402878563
0.601316060126193
0.6013628091958865
0.6014853409680305
0.6015335663241355
0.6015079773596715
0.601690052683741
0.6016890684928001
0.6018135686468261
0.6018740963896924
0.6018785252489264
0.6019892467297795
0.6019675945290794
0.602030582749298
0.6021211283158623
0.6021944505409605
0.6021408121346806
0.6021752588176127
0.6022667885751178
0.6024601820950078
0.6024882315368241
0.6023976859702598
0.6025654905256859
0.6026102712134976
0.6027952991103898
0.6029212755508271
0.602897654968245
0.603002963398923
0.6030679200010235
0.6031535446128833
0.6033011732540207
0.6032519637069749
0.60334349346448
0.6035521419439542
0.6036594187565141
0.6036525294199278
0.6037327409816124
0.6038916878185703
0.6039025139189204
0.6040816366701671
0.6042833958130549
0.6042125340653091
0.6042745380945866
0.6044074038716103
0.6044270876904287
0.6045545404172773
0.604669198661894
0.6046450859838416
0.6047154556361171
0.6049093412514774
0.6049472326027028
0.6051652308961157
0.6052341242619799
0.6053207330647804
0.6054580277010382
0.6055923697644733
0.6056455160752827
0.6057734608976019
0.6058590855094615
0.6058984531470982
0.6060795442802268
0.6061769791833773
0.6063009872419329
0.6063314971611012
0.6063895644266153
0.6064309004461339
0.6065598294593937
0.6067527308838134
0.606756667647577
0.6068260531089116
0.6069102014343599
0.607037162065738
0.6070558616936155
0.6071931563298733
0.6073028936197854
0.6073688344128267
0.6073826130859996
0.6074495380699819
0.6075164630539641
0.6075942141382965
0.6076414553034605
0.6077753052714251
0.607794496994773
0.6076950937097405
0.6079002975209215
0.6078274673912936
0.6079411414449695
0.6079888747056039
0.608057768071468
0.6080607206442907
0.6081827603209644
