0.5738802613617463
0.5664801296769983
0.5845114919055217
0.5998235345642937
0.5818635261789868
0.6043306369782189
0.6055028083888498
0.5845134602874035
0.5901927341119596
0.5878257548990564
0.5606133674781977
0.5527811759703877
0.564175154493373
0.564051638530288
0.5479153359584986
0.559255676075204
0.5566401886497195
0.5729255961490577
0.555743590702545
0.524319358150036
0.527004231036855
0.5228283088745481
0.52290556786341
0.5249108569055265
0.5308671804799505
0.5335466403165946
0.5305049982136935
0.523610248577106
0.5184865505386969
0.5162160220380035
0.5134238723386246
0.5098827533332086
0.5093773712850482
0.5086825324807615
0.509702646391021
0.5100387475973438
0.510246411885877
0.511771907844297
0.5136620465463264
0.5148012475604367
0.5097439824105395
0.5109451874539276
0.5138716792167415
0.5095500967951789
0.5188797348195929
0.5182218031755905
0.5173173317008886
0.49950445986124875
0.5000295257282275
0.5
0.49430547121585966
0.5
0.5
0.5
0.5
0.5
0.5
0.5
0.5
0.5
0.5
0.5
0.5
0.5
0.5
0.5
0.5
0.5
0.5
0.5
0.5
0.5
0.5
0.5
0.5
0.5
0.5
0.5
0.5
0.5
0.5
0.5
0.5
0.5
0.5
0.5
0.5
0.5
0.5
0.5
0.5
0.5
0.5
0.5
0.5
0.5
0.5
0.5
0.5
0.5
0.5
0.5
0.5
0.5
0.5
0.5
0.5
0.5
0.5
0.5
0.5
0.5
0.5
0.5
0.5
0.5
0.5
0.5
0.5
0.5
0.5
0.5
0.5
0.5
0.5
0.5
0.5
0.5
0.5
0.5
0.5
0.5
0.5
0.5
0.5
0.5
0.5
0.5
0.5
0.5
0.5
0.5
0.5
0.5
0.5
0.5
0.5
0.5
0.5
0.5
0.5
0.5
0.5
0.5
0.5
0.5
0.5
0.5
0.5
0.5
0.5
0.5
0.5
0.5
0.5
0.5
0.5
0.5
0.5
0.5
0.5
0.5
0.5
0.5
0.5
0.5
0.5
0.5
0.5
0.5
0.5
0.5
0.5
0.5
0.5
0.5
0.5
0.5
0.5
0.5
0.5
0.5
0.5
0.5
0.5
0.5
0.5
0.5
0.5
0.5
0.5
0.5
0.5
0.5
0.5
0.5
0.5
0.5
0.5
0.5
0.5
0.5
0.5
0.5
0.5
0.5
0.5
0.5
0.5
0.5
0.5
0.5
0.5
0.5
0.5
0.5192443775632023
0.4802822265942171
0.4803432464325539
0.48105383229189524
0.5225753718027327
0.519189262870511
0.4743883991445413
0.5207595395167426
0.5010137166691435
0.5220035568660605
0.4808107371294891
0.47907068754594945
0.484275581336984
0.47770758309278066
0.5145089428509846
0.47595572321795004
0.4868029836732564
0.4807324939496862
0.47802301628934424
0.5019860973187686
0.4845821568150794
0.5131970163267435
0.4843267592659116
0.5141275688613796
0.48526912209183876
0.5219769837106557
0.4770457146850146
0.4803589934876085
0.4807324939496862
0.5189422309443411
0.48104054571419297
0.5164694512052894
0.5177370891371894
0.47851757223715463
0.5195243798858928
0.4833696335758708
0.5019860973187686
0.48526912209183876
0.48574793098459446
0.5213761351412265
0.518743424374276
0.5239945751395336
0.47801268228446464
0.49950347567030784
0.5
0.5
0.5
0.5
0.5
0.49950347567030784
0.5
0.5
0.5
0.5
0.5
0.5
0.5
0.5
0.5004965243296922
0.5
0.5
0.5
0.5
0.5
0.5
0.5
0.5
0.5
0.5
0.5
0.5
0.5
0.5
0.5
0.5
0.5
0.5
0.5
0.5
0.5
0.5
0.5
0.5
0.5
0.5
0.5
0.5
0.5
0.5
0.5
0.5
0.5
0.5
0.5
0.5
0.5
0.5
0.5
0.5
0.5
0.5
0.5
0.5
0.5
0.5
0.5
0.5
0.5
0.5
0.5
0.5
0.5
0.5
0.5
0.5
0.5
0.5
0.5
0.5
0.5
0.5
0.5
0.5
0.5
0.5
0.5
0.5
0.5
0.5
0.5
0.5
0.5
0.5
0.5
0.5
0.5
0.5
0.5
0.5
0.5
0.5
0.5
0.5
0.5
0.5
0.5
0.5
0.5
0.5
0.5
0.5
0.5
0.5
0.5
0.5
0.5
0.5
0.5
0.5
0.5
0.5
0.5
0.5
0.5
0.5
0.49801390268123136
0.47593111844442715
0.4807689090145001
0.47910808680170425
0.49801390268123136
0.4804318236172363
0.5
0.5
0.47742462819726733
0.47802301628934424
0.5180968109260942
0.48027336887574884
0.4807324939496862
0.4819031890739058
0.5294223881786858
0.47802301628934424
0.48355712195011524
0.48027435306668975
0.5160423123369319
0.5197394256064831
0.5196242752663959
0.4802905922172148
0.4802684479210443
0.501232207058027
0.5191641660015176
0.5182218031755905
0.5219769837106557
0.49950347567030784
0.49467208234135085
0.5127250967705742
0.5397180096116088
0.5360144991009415
0.5331623137541668
0.5252661498351973
0.540517664751103
0.5522900646908706
0.5315088729734277
0.5474099539103382
0.5465389449276274
0.5620232210010601
0.5543937728270786
0.5378165527137589
0.5493473337775315
0.5347261931592825
0.5396579739642128
0.5422788744398723
0.5543421028026806
0.5342168743473584
0.5539312030848481
0.5287113102238739
0.553733380705724
0.5458313116411089
0.5447728142841537
0.5409492324786946
0.5059705943430673
0.5528559744818973
0.5491445904437028
0.5562834194336376
0.5841965508044284
0.5786033936872025
0.5629616470632235
0.5865221939978131
0.54920610237751
0.5460694858488107
0.536771341934506
0.5518614495361016
0.5708026962895018
0.5649546337185785
0.5393474617223538
0.5457806258076516
0.5611955164197495
0.5524475352414172
0.5766527272423068
0.6022722016252929
0.5664319043208935
0.5773278822277752
0.5748900412671262
0.5590101204354454
0.5817478837434293
0.5616403707250436
0.5514530102956214
0.5597344849679596
0.5590027390033886
0.5768938540228313
0.5643715005860858
0.5647169516063473
0.5693613486565302
0.5694327024997465
0.5615439200128338
0.5608525258768403
0.5815815554744144
0.5777899598745353
0.5766576481970114
0.6028961786818336
0.5815175830632549
0.5906621931907765
0.5854878093189103
0.6113616970601232
0.6087806563175708
0.5963946133261422
0.5906080626890262
0.6000710585859341
0.5880516267199967
0.5954227247719877
0.5950797342290783
0.5980298465744742
0.6016477324732816
0.5899132238847394
0.6100832330278733
0.6108558229164924
