0.4902501886496651
0.4990272382727907
0.50032441131388
0.507091716320014
0.5166346977497094
0.5211254569855154
0.5290123824068014
0.529622955665676
0.5332217018419195
0.5337628595794836
0.535496358754525
0.5358302143570187
0.5373531058959748
0.5379334574312856
0.539107854720397
0.5401283101051055
0.5412583192377326
0.5418958087191561
0.5423538567169197
0.5433653400274452
0.5443494349009909
0.5442899358827246
0.5432203701972251
0.5427028231811953
0.5431651211088351
0.5426825179606759
0.5426357687320382
0.5425842973590936
0.5427991549250548
0.5426253800145631
0.5433587290254155
0.5425309371284264
0.5426702403854781
0.5430163735631696
0.542767516558199
0.5406959118507878
0.5411884315019914
0.5421196383593003
0.5413631508413443
0.5417560332476736
0.5422825523378865
0.5431868429726465
0.5435712255192234
0.545048784472834
0.5454770829614646
0.5450804228396897
0.5457731614095035
0.5478891542733989
0.5474443282796945
0.5483925348565082
0.5489247205198892
0.5522472212541826
0.5535264501469059
0.5552231165963539
0.5561505457382175
0.5576998812852921
0.5602191452729919
0.5610535481720107
0.5625410236286656
0.563506229924984
0.564930900862358
0.5663362110080739
0.568636839714367
0.5696011015818239
0.5695175196275928
0.5716420123512407
0.5718091762597028
0.5726483013030286
0.5728234928568123
0.5746311296974711
0.5769090921110913
0.5783696513451972
0.57763299683333
0.5786685630798203
0.5767353172005996
0.5769345916903482
0.576999285067352
0.577912547776295
0.5780221015242137
0.578607647418262
0.5785618426184856
0.579371690367109
0.5788862539323657
0.5776594408414484
0.5786288970676429
0.5786765907251419
0.5792937749860461
0.5787460062464526
0.5791998043143399
0.5793839679423067
0.5792465535429776
0.5801239279551886
0.5799407087560833
0.5811864104242279
0.5814026846334813
0.580999413509677
0.5795648260692587
0.5815009052350637
0.5797556006992551
0.5800738732255362
0.5799728193373698
0.5810404961651465
0.5806060588889173
0.5807581119355976
0.5803147025851851
0.5801121225944217
0.5794713276119833
0.5780372123859956
0.5788706708561531
0.5786723407952657
0.5786246471377667
0.5788267549140995
0.5795308266302496
0.5791861100958501
0.5791242500054304
0.5793990788040886
0.5792635532624822
0.5791209445044156
0.5807075849915143
0.5795638816403974
0.5781264609133949
0.5782001263645816
0.5768269268001522
0.5768354266599045
0.5771357550378197
0.5776386634064983
0.5780570453920844
0.5773298351688307
0.5768033160786181
0.5775040822937533
0.5774530831352394
0.5762631027699153
0.5781746267853247
0.5791506940135488
0.5786624242922214
0.5774233336261063
0.5770743671618307
0.5781510160637905
0.575081150049913
0.576719734124387
0.5765209318490689
0.577785522094441
0.5786638409355134
0.5769600912696052
0.5785722313359607
0.5780362679571341
0.5788867261467963
0.5792593033326061
0.58037325717459
0.581235520725019
0.5799048204593513
0.5804171731166436
0.5816742079311248
0.5810319963053943
0.5845575492448818
0.5835366216457429
0.5839446149138539
0.5842019717785767
0.5847270742254975
0.5851955109407362
0.584237387860878
0.5854325625849396
0.5850259859601207
0.585590282204788
0.5881695174251848
0.5885288726069353
0.5879475766427632
0.5898392676520837
0.5908918336180786
0.5912162449319586
0.5922140340239942
0.5911114133283467
0.5932453503406083
0.5934663466941684
0.5939966434998266
0.5951781240053983
0.5944353307059322
0.5954402030144281
0.5955691175540048
0.5959865551107295
0.5943286102445976
0.5969890663470719
0.5941675851237344
0.5976331668305251
0.5965621845017336
0.5948475739039195
0.5980515488161113
0.596514963058665
0.596935233901974
0.5969399560462807
0.5972502009272402
0.5972974223703087
0.5969867052749186
0.5992273627485147
0.5972752282920667
0.5964885190505467
0.5971576468988262
0.5981450472733867
0.5978824960499263
0.598578067906324
0.5998809075205815
0.5971930629811275
0.5995267466975684
0.5958765291483802
0.6002020133334467
0.5990299771164886
0.6013849104823104
0.6002742621413413
0.6009339457010072
0.5998530468691712
0.5982276847987563
0.5997491596944206
0.6000589323609495
0.5999692116191193
0.5992042242414112
0.5991881689507678
0.601091193106425
0.6022419796740022
0.6023623943538265
0.6001722638243135
0.6009018351197206
0.6031727143168805
0.6023279227003866
0.6024714758873146
0.6039150354019159
0.6040397000116166
0.6032274911908398
0.604470831786831
0.6047064667877424
0.6038663973155555
0.6051579037834764
0.6051087934826853
0.6057406163909407
0.6059040025839574
0.6063058570644696
0.6039745344201821
0.6066080743001073
0.6057741436155193
0.6113335241079632
0.6060551112017762
0.6085663475441544
0.6115412984574643
0.6118831817052797
0.6132889640654263
0.6110270569424494
0.6087391780257848
0.6082636580940859
0.6070911496626972
0.6127558339731839
0.6112999968833848
0.6140926730264507
0.6140737844492232
0.6133295745064653
0.6102752915688004
0.6137824281454912
0.6139250369035578
0.6123771179997752
0.6146385529083214
0.6144482504927559
0.6139283424045725
0.6155725930522147
0.6132337149770362
0.6157175628824346
0.6153303470492737
0.6141653940487759
0.616367329939056
0.615178766217024
0.6150243520981904
0.6149662697232162
0.6157827284738691
0.616693157896228
0.6156127312788228
0.6181612725612249
0.6148959097730444
0.6151509055656138
0.6159909750378008
0.6174572008450748
0.6175251997230934
0.6166860746797678
0.6172834259345832
0.6191996720942993
0.6173740911052745
0.6180484133122914
0.61784724996482
0.6178694440430621
0.6163375804299229
0.6175615602342562
0.6171568724671598
0.6187543738861642
0.6187402074532438
0.6159310038051039
0.6201233235207175
0.6194400292395175
0.6223304537697351
0.6186958192967594
0.6193021426257577
0.6199197991010926
0.6220386252515722
0.619603887646965
0.6184814339452288
0.6168239612935276
0.6206692034025882
0.620128517879455
0.6211371679033962
0.6189975643179665
0.6195354165545157
0.6199363266061665
0.622176511865332
0.6193328365637523
0.6205483165083332
0.619632220512806
0.619372030361499
0.6188063174735394
0.6188894272133398
0.6205039283518489
0.6198461336499058
0.6198064676377284
0.619523138979318
0.620209266547102
0.6196241928674844
0.6199670205441611
0.6196402481581276
0.6194877228970167
0.6180663574606574
0.6205275390733831
0.62096717070835
0.6196128597211479
0.6220712080472894
0.6197913567759465
0.6170204024966921
0.6212561659399287
0.6214441072833409
0.6211527509796089
0.6201020738713366
0.6174236736204963
0.619283726262961
0.6192572822548428
0.6210856965304516
0.6185244054584211
0.6228753892227444
0.6204420682614293
0.6181310508376612
0.6213208593169324
0.6186967637256208
0.6212911098077993
0.6211107238952779
0.6229202495936594
0.6207560908578342
0.6229221384513822
0.6225679776283691
0.6182698818802823
0.6228201401343545
0.6236729593961698
0.6158615882837932
0.6210975018912188
0.6226756425185651
0.6223696475674817
0.6257148145944481
0.6246438322656565
0.6265034126936906
0.6262795830535463
0.6237877075028262
0.6247958853123368
0.6173755077485665
0.62264447636614
0.620644176037762
0.6257370086726902
0.6257993409775406
0.6253700980600486
0.6205572885825161
0.6203830414575936
0.6263338877130749
0.626677659818613
0.6255160123191301
0.6241659512618041
0.6183114367501825
0.6253611259858657
0.6252520444523777
0.6261851401674094
0.6257072591635571
0.6227247528193562
0.6265988000086886
0.6198461336499059
0.6246239992595677
0.626486412974186
0.6260718087040452
0.6260897528524113
0.6264165252384448
0.6260670865597384
0.6265534674233432
0.6216632147791783
0.6246419434079338
0.6264524135351768
0.6274648412745634
0.6266686877444301
0.6270171819942749
0.62572992545623
0.6259509218097902
0.6235634056482513
0.6274015645408517
0.6221458179273376
0.6278917231199018
0.6176437255451951
0.6235634056482512
0.6259537550963743
0.6273359267349866
0.6256453990731374
0.6270667645094968
0.626743297624478
0.6269576829760086
0.6231922451057336
0.6278133355244083
0.6282439950851921
0.6259424219500378
0.6297588589788269
0.6302036849725313
0.629923189600705
0.6292668115420541
0.6275951724574323
0.6298665238690229
0.6308515631714299
0.6222043725167423
0.6311268641845188
0.6284475195048171
0.6290661204090132
0.6258399514185794
0.6312080850665964
0.6257988687631099
0.6289362614405751
0.6310640596652377
0.6246202215441222
0.6240559252994548
0.6264151085951526
0.6313025279527332
0.6279531109958907
0.6270998195196447
0.6308553408868753
0.6297135263934812
0.6317789923132935
0.6238727061003493
0.6312331124314225
0.6320198216729425
0.6296785825256106
0.6245970830370187
0.6253200433303961
0.6302787670670101
0.6314819694363933
0.6227393914667076
0.6237168753382235
0.6268774065227923
0.6318465189768814
0.6244832793592239
0.6308912291836075
0.6308057583716535
0.6303495992316127
0.6327342821065675
0.6319678780855672
0.6250480478183221
0.6292965610511871
0.6225845051334431
0.6304256257549528
0.6282652447345731
0.6303510158749046
0.6323300665539018
0.6323668992794953
0.6313039445960253
0.631885712774628
0.6302291845517882
0.6321359864228907
0.6287124318004308
0.6308581741734596
0.6315721623926539
0.6321378752806134
0.6263107492059715
0.631854546622203
0.6313709990451825
0.6328084197721849
0.6324835362438742
0.6319574893680922
0.6324183706524399
0.6337462376315235
0.632742309751889
0.6339814004180042
0.6258205906269214
0.6290401486153256
0.621418607704084
0.6265090792668588
0.6338907352473129
0.6323314831971939
0.6334751865483109
0.6329661393920334
0.6340748988752797
0.629915634169814
0.6298669960834535
0.6321950132267263
0.6325043136788243
0.629896273378156
0.6312987502372878
0.632582229059887
0.6340475104383001
