0.507783982675397
0.5233070876552759
0.533186757974049
0.5451880877298858
0.5522288048913859
0.556190211750395
0.5606743599841715
0.5617340091666265
0.5628833790909117
0.5664297094653493
0.5677197992899784
0.5714625708675807
0.5735483420079124
0.5760232178391279
0.5782180705129476
0.5822205600274262
0.5850302358899967
0.5891970560263533
0.5945736895341227
0.5970424265777392
0.6021451757157118
0.6062255806112533
0.6106648684741147
0.6139637584868739
0.6177556403652673
0.6204208186120485
0.6240672584457911
0.6282246342935343
0.6311089200361528
0.6353909604935963
0.6375102588585067
0.6428335321356087
0.6459118980092384
0.6480585848111284
0.650942870553747
0.6526881750895555
0.6563166707749322
0.6581932509224708
0.660468380049507
0.6611852015552855
0.6643934263973533
0.6662407292501895
0.6670756043636392
0.6703008289252116
0.6716494733392455
0.6730151174727839
0.6765605034183603
0.6792015987291764
0.6807684062101864
0.6821316892715714
0.6845815377379607
0.685590187761902
0.6844257069758348
0.6874998229195884
0.6908601008083366
0.6920094707326218
0.6976401556040993
0.699130936561769
0.699396793286244
0.7033454503556247
0.7064563990249716
0.7095569589768436
0.7079457633393492
0.7120993614716469
0.7157911338907352
0.7190409136027033
0.7212537104248892
0.7217953403768838
0.7226297432759027
0.7232955656231672
0.7274463304688807
0.7311551026074736
0.7341045539415266
0.7361331871357456
0.7269089504467621
0.7375791077225005
0.7369538958162746
0.742831076620569
0.7436867291689688
0.7475225269894157
0.746508682606737
0.7502013994546868
0.7524850284414752
0.7525643604658302
0.7563637977751143
0.755295648732907
0.7578512732317695
0.7577993296443942
0.7617205982767951
0.7609405000373048
0.7607199758981755
0.7587900355199695
0.7656612277008541
0.7661934133642352
0.7646020507328296
0.7677252769773742
0.769153253415763
0.7685252082229531
0.7710718606476327
0.7721008158920932
0.7664427425836362
0.7732284639525671
0.7763082464694888
0.7739575630335433
0.7779657191211901
0.7770146792577922
0.7790810896064659
0.7790980893259707
0.7817481567109699
0.7821301781853932
0.780840560575195
0.7828663604828299
0.7817396568512175
0.7842556153379024
0.7856231483291638
0.7869944590358704
0.7840053416896399
0.7857940899530713
0.7893781974819638
0.7853332086687236
0.7857043692112413
0.7856222039003022
0.7908335623573323
0.7866780753673119
0.7906645095911473
0.790201739449077
0.7934940184598066
0.7907806743410954
0.7937631806852965
0.7946868321117146
0.7945489454979549
0.793361798419215
0.7954980965036299
0.7971007922813718
0.7957946471660996
0.7962437230896802
0.7959098674871865
0.7980433322850172
0.798321938799121
0.7989858722886628
0.79954308531687
0.800574401633484
0.8018191588727674
0.8018616581715291
0.8031158596994261
0.8039290129490642
0.8040923991420809
0.8015046640619319
0.8023253727424609
0.804794582000508
0.8066305517070079
0.8059463129969465
0.8054863761414602
0.8064260828585218
0.8052757685053752
0.809935580507366
0.809653196277817
0.8111198942995217
0.8118622153845573
0.8096616961375692
0.8120671564474742
0.8135404654712086
0.8119623248438623
0.8132977472538371
0.8140665123469908
0.8154453784845883
0.816200921573683
0.8114202226774371
0.815834483175472
0.8164011404922931
0.8156795968422077
0.8185903265929446
0.8198832497041577
0.817145350435051
0.8212961152807645
0.815347157883006
0.8211582286670048
0.822536150375741
0.8225474835220775
0.823238805448599
0.8238536286373497
0.8201014127711338
0.8238130181963108
0.819389313409662
0.8240283479767028
0.8223019320181217
0.8248046685007476
0.8264432525752214
0.8249633325494574
0.8250048874193576
0.8272346839610478
0.8234163580745363
0.8275595674893587
0.8285408290763203
0.8283878316007787
0.8297005877180803
0.8303749099250974
0.8317575537781405
0.8309576225325616
0.8324857084302553
0.8296779214254077
0.8311134532946873
0.8323884322575344
0.8342347906815094
0.8342055133868067
0.8318822183878409
0.8335557463301856
0.8357940427316283
0.8359366514896949
0.8362218690058281
0.8371946307330373
0.8331911967896976
0.8382297247650969
0.8389021581143912
0.8358318198860829
0.8398758642704617
0.8398598089798186
0.8403424121279777
0.8403801892824323
0.8419621076252242
0.8414917820522628
0.8424805990701154
0.8408391817090575
0.8433608067689106
0.8434174725005926
0.8440502398377092
0.8420707169442815
0.8432295311571802
0.84287725919189
0.8457162123491628
0.8442098483152806
0.8384611098361322
0.8465085881638509
0.8484097234617851
0.8481698385309976
0.8486977742645023
0.8492729314410756
0.8489896027826653
0.8490623238049905
0.8419932737776492
0.8493324304593419
0.8506621862961483
0.8524462124152729
0.8511976774605443
0.8533641972685229
0.8538760777113845
0.8493343193170646
0.8522781040779495
0.8543719028636027
0.8552691102819026
0.8541679062295472
0.8543284591359798
0.8536116376302012
0.8564742015090084
0.8574960735370089
0.8566763092853413
0.8566404209886094
0.8552171666945272
0.8551350013835881
0.854051741479599
0.8571976340168166
0.8594236528430613
0.8612492338320861
0.8612275119682746
0.861648727240445
0.8603860258527957
0.8566725315698958
0.8617696141347001
0.8604115254320526
0.8623957704697872
0.8625506568030517
0.8627707087277505
0.864662399737071
0.8646019562899434
0.8633449214754624
0.8655260799307922
0.8656899383382397
0.8666409782016375
0.8654642198403726
0.866737309945497
0.8654009431066609
0.8666457003459442
0.8597560918022631
0.8685978348023925
0.8683003397110614
0.8624741580652808
0.8656455501817553
0.8659156568361066
0.8652989447896333
0.866300983811545
0.8690879933814426
0.8707804099010145
0.8683825050220004
0.8705339139681972
0.8684438928979894
0.8714367879596654
0.8693845440439121
0.8718240037928263
0.8693193784524778
0.8733350899710154
0.8717663936322828
0.8710533498419497
0.8696008182531654
0.8725450752284809
0.8736703622168013
0.874377739433966
0.8754562771936485
0.8757405502809202
0.8722168861991555
0.8737903046821949
0.8715850632909002
0.8739971346028346
0.8759322693397782
0.871818337219658
0.8746251797956445
0.869869036049794
0.8761239883986358
0.8750435617812307
0.87476023312282
0.8775406316906882
0.8802719199577651
0.879132938750955
0.8811337112937636
0.880674246652708
0.8799196479924748
0.8821626665382244
0.8815242326279394
0.8818425051542207
0.8833998683466167
0.8788930538201675
0.8815006219064052
0.8845671824192678
0.8843735745026875
0.885247171199453
0.8847022357464434
0.8861566561929505
0.8825111607880692
0.883218538005234
0.8859177156910244
0.8864343182781929
0.8885309503504304
0.8878896831535612
0.8852773929230167
0.8880691246372212
0.8857448852093941
0.8895178785105602
0.8872059166579306
0.8861491007620598
0.8872918596843153
0.8837096410131454
0.8844944613969425
0.8915011791194335
0.8866855363553168
0.8913009602008233
0.8914133472353263
0.8915739001417586
0.89229261050526
0.890640804426727
0.8921943899036777
0.8899372049250076
0.8922095007654596
0.8938405294090425
0.8954583360485662
0.8956254999570284
0.8941484132178487
0.8944714078884364
0.892536273151493
0.8934854241571681
0.8950201210568913
0.8930150985842067
0.8967956473162637
0.8966152614037425
0.8974473032306078
0.8982283458989593
0.8944515748823476
0.89765602200897
0.8951230638027807
0.8976720772996133
0.8986807273235549
0.8990485823650578
0.898976333557163
0.8996770997722983
0.8958191078736089
0.8992634399310189
0.8998244306746717
0.9013770717227609
0.897348138200164
0.9014044601597407
0.9015045696190458
0.9020268387793823
0.9021722808240331
0.9011560753692008
0.9023309448727428
0.8996213784694775
0.9015036251901843
0.9011650474433839
0.9043166065537696
0.9024612760556117
0.9002154242232782
0.8986438945979613
0.903559646821383
0.9035190363803441
0.9035020366608395
0.9051481761662042
0.9048185704935869
0.9046192960038382
0.905967940417872
0.9042245247397863
0.9057082224809958
0.9069492020048335
0.9054305603957534
0.9080173510470411
0.8946820155245216
0.9014375151698886
0.9072268640900758
0.9078615202849154
0.9071810592902995
0.9086189522317327
0.9094358831968162
0.9091261105302874
0.9024305821176173
0.9101007611152193
0.9074535270168042
0.9096464908329013
0.9082723468396104
0.9104228113569458
0.9073911947119538
0.9070257007426042
0.9093367181663723
0.9105399205357556
0.9088342820121247
0.9089948349185573
0.9089674464815773
0.9108648040640662
0.9108024717592159
0.9128736042521964
0.913231542790655
0.9132173763577346
0.9107070844442178
0.9140144743167294
0.9145272991884523
0.9132627089430801
0.9102216480094746
0.9101215385501693
0.9142486926743487
0.9156747802550146
0.9148399051415651
0.9122058930472091
0.9157106685517467
0.9144290785868698
0.9156766691127375
0.9164794336449005
0.9143148026946445
0.909841043178343
0.9160431075109483
0.911533459697915
0.9150637347817094
0.9162301044254991
0.9160119413585232
0.9170715905409783
0.9182001830303133
0.9192201662005911
0.9101243718367535
0.9151411779483416
0.9109158032225803
0.9170772571141466
0.9172415877360246
0.9196649921942954
0.9195705493081586
0.9178866326483391
0.9191531117514339
0.9208365561968229
0.9200248195904768
0.918117073290513
0.9212705212586215
0.9208039734011055
0.9208729167079854
0.9191181678835633
0.921861733725838
0.9204705900130425
0.9154433951839794
0.9229610489204705
0.9226843312640897
0.9206944196531868
0.9219495656099451
0.9220251199188547
0.9212431328216418
0.9188423946560438
0.9222971154309287
0.9212129110980779
0.9227117197010695
0.9232490997231879
0.9241056967004488
0.9253060657832479
0.9252484556227044
0.9224831679166182
0.9235805942535281
0.9220666747887548
0.9227372192803264
0.9187403963390159
