0.5591734961316375
0.551427913426628
0.5603520647833844
0.5951171334848332
0.5976765220266853
0.6087826246994527
0.602651607233016
0.6266112435941472
0.6422775949916492
0.6583897848853861
0.6787364563024143
0.6946409819076179
0.7110257926919885
0.7189504981482449
0.7283135986646498
0.7414904390771044
0.7519356575330467
0.7569835728690051
0.764707995468785
0.7593909039104859
0.7677762107270907
0.7754194375742449
0.7677575110992132
0.7836128271573711
0.7937371993665747
0.79750320600199
0.8135686468260334
0.8180486839890834
0.8238062009934423
0.8226871758936207
0.8260550772934355
0.8406102771186432
0.8331442046408538
0.8355662985464483
0.8480320610040912
0.8619977304556902
0.8641363773703009
0.8716979163693589
0.8599269927160029
0.8657583240409306
0.8675510278398092
0.8732608115835337
0.8702639501684442
0.865224892550954
0.8766287129833485
0.8755982650682094
0.879353937698745
0.8892253728361332
0.8932861446583529
0.8919200876323613
0.8944159958585246
0.8970989003634617
0.9015907478178026
0.9000760779597328
0.9055078277626486
0.9100626634372081
0.9074466839162532
0.9087458159582624
0.908880650117168
0.9180296891039237
0.9101286042302494
0.9008161895473017
0.9032894613818239
0.9194971177968295
0.9242015504944083
0.9278460095486205
0.9203887947892995
0.9192353230065458
0.9295112606206504
0.9235775734378675
0.9306470169664676
0.9227803787757256
0.9354912047776565
0.9297080988088339
0.9367804949102565
0.9293951260896223
0.9336035265529795
0.9430684908317694
0.9330071068427844
0.9330169487521935
0.9291736831279164
0.9292750547948307
0.9397242100145367
0.9484195369775299
0.9450122679400785
0.9473782629620408
0.949603518679452
0.9468851833006418
0.9496005661066292
0.955361035683811
0.9571689944422738
0.952746040353797
0.9537440099678859
0.9551258140489322
0.9577860821622282
0.9419494657319476
0.9544762480279275
0.959282544487891
0.9529300840597483
0.9631617330815118
0.9640435681645725
0.9655424909675877
0.9650351405375455
0.9627641199413816
0.9479914139182315
0.9244077384965302
0.9158073859593352
0.9304688784061619
0.9447918091693134
0.9427929173683127
0.9543994811345359
0.950177301998006
0.8891358114605099
0.9270744038509423
0.9399643526041201
0.9474697927195459
0.9585596562417882
0.9635888719498692
0.9673258449525276
0.9676338967170344
0.9689901118336166
0.9694261084204423
0.973863825373033
0.9684369965248217
0.9702853071118622
0.9753696375126345
0.9750320600199003
0.9764227218194148
0.9781450559660179
0.9747997909578442
0.9737408015054185
0.9733431883652883
0.9751531155056329
0.9736551768935587
0.9767189632926303
0.9780564787813354
0.9754867562346035
0.9758745274653244
0.9570882907851187
0.9670286192883709
0.9607849119591994
0.9595389262279996
0.9564731714470462
0.9629589897476829
0.9698778520623228
0.9697804171591723
0.9754867562346036
0.9747446762651529
0.9788517050615956
0.9735636471360537
0.975434594114735
0.9797355085265382
0.9581246438459032
0.9753430643572297
0.9776076877122777
0.979678425451965
0.9821497289046054
0.9802797661168648
0.9778950714670253
0.9763430023532005
0.970475255963459
0.9787513175856222
0.9787631278769132
0.9698699785347955
0.9772573157373116
0.9750104078192002
0.9750045026735548
0.9823947924488934
0.9848090128269605
0.984979277859739
0.9840679170484508
0.9861740856620111
0.9867222800161013
0.986515599918509
0.9800553705823358
0.9807157627036905
0.9768793864159997
0.9774846638446631
0.9742407705034039
0.9793605317780492
0.9811399489992255
0.9846308742666547
0.9701081527424973
0.9582762092508044
0.9706543787147057
0.9664676304520488
0.9817816414927028
0.9828209471263101
0.9845836331014908
0.9882910803759215
0.9896187539552174
0.9828849195374696
0.9532873453713008
0.9652629807403674
0.9659627404993588
0.9756816260409049
0.9817186532724841
0.9799923823621173
0.9809313005197512
0.9843238066930888
0.988016491103406
0.9883658788874312
0.9897624458325911
0.9877901271869953
0.9907869886020847
0.9909464275345132
0.9915507207722356
0.9918459780545104
0.9724141121170635
0.9707144143621017
0.9785259378601524
0.9800848963105634
0.9825030534523942
0.9824961641158079
0.9806311222827718
0.9807728457782636
0.9877783168957043
0.9866720862781148
0.9875863996622257
0.9912023171791512
0.9918538515820376
0.9938192808910472
0.993304549028948
0.9935663438192317
0.9897722877420002
0.9887467607815659
0.9866159873944824
0.99126530539937
0.9885115391466868
0.9878609889347413
0.9935584702917042
0.9913588035387569
0.9930624380574826
0.9950751085316559
0.987232090923496
0.9771618492160427
0.9439695176381779
0.9320937776496142
0.9555578738719943
0.9493515657985774
0.9788428473431273
0.9764670104117559
0.953905417282196
0.8930519072144149
0.8692738540818826
0.9070293869573048
0.9314855476481281
0.9419632444051206
0.9268372138341816
0.926186663622236
0.9513091215800595
0.9660178551920501
0.9656477993982657
0.9717586409504134
0.9783281154810283
0.9811773482549802
0.9829794018677975
0.9825709626273174
0.9803191337545013
0.9839635928087137
0.9891798047955688
0.9873157471534737
0.9888806107495304
0.99141588661333
0.9921087570357351
0.9904090592807729
0.9884022939522451
0.983654556853266
0.9878383525431003
0.9897437462047137
0.9885824008944328
0.9904011857532456
0.9884780766546957
0.9896384377740356
0.9929029991250542
0.9903903596528955
0.9920595474886892
0.9917229541868959
0.9933704898219895
0.9928715050149449
0.9938724272018565
0.99012659648073
0.9921874923110082
0.9899878255580609
0.9899710943120653
0.9930772009215965
0.9902633990215174
0.9734494809869072
0.9468704204365281
0.9644874382789257
0.9626538905559989
0.9441766898312409
0.9645415687806761
0.9676683433999662
0.975318459583707
0.9795741012122279
0.9841929092979471
0.9885883060400782
0.9915497365812946
0.9926628565354707
0.9936431107126231
0.9938507750011565
0.9944068428827739
0.9939550992408935
0.9958585245206251
0.995919544358962
0.9965080905416297
0.9962590902335781
0.9965149798782162
0.9969194823549328
0.9973397318867038
0.9970297117403153
0.9965494265611483
0.9946735586277622
0.9908647396864171
0.9835896002511656
0.9728333774578938
0.9668741013106471
0.9664164525231212
0.9749208464435768
0.9830906154441211
0.9854379108382059
0.986313840775621
0.9851411772695197
0.987277363706778
0.9841181107864374
0.9766520383086482
0.9787719855953814
0.9739041772016105
0.9751462261690466
0.979526860047064
0.9900882130340344
0.9857095475378987
0.989529192579594
0.9876808819925537
0.9876228147270396
0.9913912818398072
0.9893284176276471
0.9894681727412571
0.990254541303049
0.9898293708165733
0.9925014492211606
0.99588509767603
0.9955721249568187
0.9945298667503886
0.9958988763492027
0.9965159640691571
0.9954353224160313
0.9953250930306488
0.996025836980581
0.9955701565749369
0.9966852449109947
0.9955347257010638
0.9608547895160043
0.9504371284064078
0.9482256513621694
0.9482497640402219
0.9637310875408316
0.9745291384490923
0.9686909177875782
0.9810060990312608
0.9839517825174227
0.9897398094409501
0.991123581903878
0.9949491320912187
0.9946676534821168
0.9919237291388427
0.9946548589998848
0.9904051225170093
0.9899553472570107
0.9893225124820016
0.9931805409703925
0.9949038593079367
0.9954422117526177
0.996166576285132
0.9970257749765516
0.997502123391955
0.9971163205431159
0.9979391041697218
0.9979991398171176
0.9980050449627631
0.9982028673418872
0.9981703890408371
0.998404626484775
0.9981457842673142
0.9983731323746657
0.998650674220004
0.9984489150771163
0.9985158400610985
0.9953585555226399
0.9846643367586458
0.9601609349026585
0.9453011279812373
0.9255164295914721
0.945040809477365
0.9630859503790612
0.9674163905190918
0.9756550528855001
0.982269800199397
0.9858640655156226
0.9881906928999481
0.9811675063455711
0.9657757442205848
0.9526771469879328
0.9762032472395905
0.9862902201930392
0.9888560059760073
0.99180267365311
0.9873216522991193
0.9839744189090637
0.9791607410170433
0.9844310835056488
0.9918194048991056
0.9934521776700853
0.9945938391615481
0.9954313856522676
0.996682292338172
0.996891925008587
0.997631052405215
0.9977294714993066
0.9964195133569473
0.9953359191309987
0.9851180487824083
0.9856249071169799
0.985906385726082
0.9390510234109499
0.9587870043491399
0.9732585479443696
0.9804057425573021
0.9835512168044699
0.9895567499259396
0.9923439786706139
0.9960287895534036
0.9960986671102087
0.9966832765291129
0.9966261934545397
0.9956203503129235
0.9962758214795736
0.995931354650253
0.9969312926462237
0.9962295645053505
0.9956311764132736
0.9953979231602764
0.9957168010251333
0.9971448620804025
0.9976359733599195
0.9976969931982564
0.9973289057863538
0.9976999457710792
0.9981674364680143
0.9979607563704219
0.9968053162057864
0.996494311868457
0.994841855278659
0.9743234425424407
0.9795908324582235
0.9634353381630864
0.9623487913643151
0.9657560604017663
0.9677746360215852
0.974027201069225
0.9403816495630685
0.9369232025966894
0.9418215209096287
0.9662747290276291
0.9779984115158213
0.9577024259322502
0.9731266663582868
0.9689025188398751
0.9684793167352811
0.9842785339098068
0.9776332766767415
0.9813131666048267
0.9909346172432221
0.9927356866650985
0.9949717684828598
0.9948713810068863
0.9961557501847819
0.9968978301542326
0.9967118180663994
0.9972334392650849
0.997492281482546
0.9973121745403581
0.9977885229557616
0.9976034950588695
0.9980345706909907
0.9977107718714292
0.997960756370422
0.9975050759647777
0.9979223729237262
0.9966635927102945
0.9959461175143669
0.9930545645299553
0.9789579976832143
0.9862321529275252
0.9756639106039684
0.9837470708017121
0.9921451721005488
0.9944924674946337
0.9780318740078124
