0.497519929810047
0.5121921043858332
0.49983425273482984
0.512827705009534
0.4921272410116344
0.5086249965764454
0.49515932987105704
0.4883863582917548
0.5053530227862352
0.5067663605772726
0.5017254715297198
0.5024833756909678
0.5009689840117637
0.5034858869273101
0.49805258768785876
0.5
0.5
0.5
0.5014563093042299
0.5
0.5
0.5
0.5
0.5
0.5
0.5
0.5
0.5
0.5
0.5
0.5
0.5
0.5
0.5
0.5
0.5
0.5
0.5
0.5
0.5
0.5
0.5
0.5
0.5
0.5
0.5
0.5
0.5
0.5
0.5
0.5
0.5092993187834624
0.48828766547574187
0.5004854364347432
0.5120504400566279
0.5238014961642021
0.5090377119888634
0.509057544994952
0.5102130537068361
0.5103032466630968
0.5084918321069924
0.49004099765687203
0.5106725183478916
0.5102040816326531
0.4894507296185168
0.5102040816326531
0.5102040816326531
0.48979591836734687
0.5
0.5
0.5
0.5
0.5
0.5
0.5
0.5
0.5
0.5
0.5
0.5
0.5
0.5
0.517237715577693
0.5104486887077475
0.5
0.5101941651296087
0.4995462019321125
0.4917716635453293
0.48974586363769446
0.4771825987093436
0.5138410771777822
0.5063139791526774
0.5111834543618919
0.4895933383765835
0.5074501270729033
0.5189126601633295
0.5120088851867277
0.48864938172964595
0.510274441582825
0.5115994752753246
0.5
0.48955131129225254
0.48915040124060183
0.48979591836734687
0.5118610820699235
0.4876487593510263
0.503433943339935
0.5029877007029384
0.500001416643292
0.4994248428234267
0.48980583487039125
0.5170068027210886
0.5105492703814831
0.5
0.48979591836734687
0.48979591836734687
0.5102040816326531
0.5102040816326531
0.5014577259475219
0.48979591836734687
0.5102040816326531
0.5102040816326531
0.48979591836734687
0.5
0.5102040816326531
0.5
0.5
0.5
0.48979591836734687
0.5
0.5103051355208195
0.5
0.48979591836734687
0.5102040816326531
0.5102040816326531
0.5
0.5
0.5
0.5
0.5
0.4980563654033042
0.5
0.5
0.5
0.5
0.5014577259475218
0.5058252372169193
0.5
0.5
0.5
0.5
0.5
0.5
0.5
0.5
0.5
0.5
0.5
0.5
0.5
0.5
0.49951598020854876
0.48978694629316394
0.5
0.5
0.5
0.5
0.5
0.5
0.5
0.5
0.5
0.5
0.5
0.5
0.5
0.5
0.5
0.5
0.5
0.5
0.5
0.5
0.5
0.5
0.5
0.5
0.5
0.5
0.5
0.5
0.5
0.5
0.5
0.5
0.5
0.5
0.5
0.5
0.5
0.5
0.5
0.5
0.5
0.5
0.5
0.5
0.5
0.5
0.5
0.5
0.5
0.5
0.5
0.5
0.5
0.5
0.5
0.5
0.5
0.5
0.5
0.5
0.5
0.5
0.5
0.5
0.5
0.5
0.5
0.5
0.5
0.5
0.5
0.5
0.5
0.5
0.5
0.5
0.5
0.5
0.5
0.5
0.5
0.5
0.5
0.5
0.5
0.5
0.5
0.5
0.5
0.5
0.5
0.5
0.5
0.5
0.5
0.5
0.5
0.5
0.5
0.5
0.5
0.5
0.5
0.5
0.5
0.5
0.5
0.5
0.5
0.5
0.5
0.5
0.5
0.5
0.48979591836734687
0.48979591836734687
0.5140856842528765
0.4909282885721275
0.503418832478153
0.473136665467242
0.5104581329963611
0.520515828155502
0.5123786290859536
0.48455669925890665
0.5039444071395045
0.5073169626034504
0.5047929764714437
0.4973707100499508
0.5345698740415228
0.5483637297762364
0.5279210948574904
0.5286364997199768
0.5332217018419195
0.5570671139481754
0.5396721509650646
0.53380866437926
0.543416339185959
0.5079969513836355
0.5178227892573106
0.5148365051976642
0.5145706484731891
0.5210621802518036
0.5219036663672827
0.5235852219549489
0.5459577972519009
0.5393274344306653
0.5411719039969174
0.5647231265128569
0.5676263008327029
0.5325582405668083
0.5283900037871597
0.5092322643343051
0.5162215101228608
0.5288013025562857
0.5117675836126482
0.5164580895526335
0.5123828790158296
0.5159717086890289
0.5185891932783109
0.5164481730495891
0.5180485077551775
0.5253253321320198
0.5311184587676525
0.5253961642966224
0.5255468007000107
0.5376029073298068
0.5390733830669572
0.5440349400901552
0.545944103033411
0.5427623221994615
0.5399663405553808
0.5454969159675532
0.5495735431476492
0.5604500581295964
0.5577267975078412
0.543956080280231
0.47490085858027786
0.5196601756071025
0.5222030503163364
0.5264067031782864
0.5210050423056908
0.5247983408273763
0.5255288565516447
0.5350992264183196
0.538741888536617
0.5405830526018544
0.5455280821199784
0.5442483810128245
0.5433303961595745
0.5446549576376434
0.5414963153107973
0.5381398151374946
0.5423661342921176
0.542260830474075
0.5398690643826598
0.5409051028435808
0.539753844061573
0.5372699961561745
0.5389491906716872
0.5384500600184541
0.5348758689926061
0.5355534967006378
0.5372397744326107
0.5356989387452885
0.5319783612459283
0.5342874898119737
0.534294573028434
0.5362150691180262
0.5333539218825112
0.5349410345840405
0.5325912955769563
0.5309749055807246
0.5338379416739625
0.5331754248277125
0.5319500283800873
0.532304661417531
0.535378305146854
0.5312700395999022
0.5304545252781107
0.5313998985683401
0.5338653301109421
0.5222153278915341
0.5199524763396959
0.5232863102203258
0.5232069781959708
0.5275447399562352
0.5251293631432858
0.5206305762621584
0.5115395040426277
0.5106800737787827
0.5082604470359573
0.500485908649174
0.5145772594752187
0.5144554281521022
0.500485908649174
0.5063168124392614
0.5
0.5
0.5
0.5
0.5
0.5
0.5102040816326531
0.5
0.5
0.5
0.5
0.5
0.5
0.5
0.5
0.5
0.5
0.5
0.5
0.5
0.5
0.5
0.5
0.5
0.5
0.5
0.5
0.5
0.5
0.5
0.5
0.5
0.5
0.5
0.5
0.5
0.5
0.5
0.5
0.5
0.5
0.5
0.5
0.5
0.5
0.5
0.5
0.5
0.5
0.5
0.5
0.5
0.5
0.5
0.5
0.5
0.5
0.5
0.5
0.5
0.5
0.5
0.5
0.5
0.5
0.5
0.5
0.5
0.5
0.5
0.5
0.5
0.5
0.5
0.5
0.5
0.5
0.5
0.5
0.5
0.5
0.5
0.5
0.5
0.5
0.5
0.5
0.5
0.5
0.5
0.5
0.5
0.5
0.5
0.5
0.5
0.5
0.5
0.5
0.5
0.5
