0.5482214193411236
0.5533333070882416
0.553515382412311
0.5530434628561418
0.5551535682334658
0.5541811875838408
0.554120167745504
0.5557785294809475
0.5565112596364595
0.5548642160968364
0.5564335085521273
0.559021438631266
0.5600061216676524
0.5607979032796195
0.56305465310714
0.56368847207309
0.5654796995855573
0.5672920872032542
0.5708681449870726
0.575114436801655
0.5785177690753427
0.5824013865281975
0.5878508517680499
0.5914682455713868
0.5958444505901701
0.5947347753042872
0.5953922148528191
0.594824828775381
0.5952937957587275
0.5997093684151475
0.6018307919882921
0.6039241661196206
0.6048768629504273
0.6060795442802267
0.6059338840209711
0.6082265568178351
0.6101531105846782
0.6087073340924727
0.6123586824832712
0.613334015705719
0.6133714149614738
0.6154362475555157
0.6149854881045762
0.6157718566663681
0.6164844109075913
0.6165139366358189
0.6173278625439563
0.61835240531345
0.6184882236632965
0.6196102013359408
0.6195816597986542
0.6205353408204018
0.6209004756594818
0.6222330701934821
0.6216199192372913
0.6228299819991476
0.6227871696932179
0.6240676021073497
0.6241699579652049
0.6256300052260539
0.6256806910595111
0.6262903973474085
0.6270378903670343
0.62769926667933
0.6268902617258969
0.6279704112835522
0.6287636691819306
0.6286873943840096
0.6296942217165667
0.6305081476247043
0.6312768007495598
0.6314086823356425
0.6329794510773447
0.6331949888934052
0.6345610459193968
0.634734263524998
0.636081620923112
0.6376144983135887
0.6377921447784242
0.6385868789632139
0.6392379212706298
0.6402314620254846
0.6417604026521977
0.643059534694207
0.6424975616669439
0.6435004522357374
0.6453428576771323
0.6449452445370021
0.6477059001262717
0.6475415402391387
0.6485562410992232
0.6494803963927434
0.6499370609893285
0.6516466006536996
0.6540490107404757
0.6501545671872708
0.6541799081356177
0.6550410752089191
0.6558855110362252
0.6582938262686467
0.6569937100356966
0.6591392462868936
0.6583203994240515
0.659487649879978
0.6601116269365186
0.6597120454145069
0.6619983209702549
0.6621036294009328
0.6635011805370337
0.6642983751991756
0.666415369913086
0.6665137890071777
0.666885813182844
0.6671239873905457
0.6670403311605678
0.6696031643707132
0.6689275172897744
0.6687223134785933
0.6702369833366632
0.6719780171111436
0.6722457170470729
0.6714888742135084
0.6742170515017278
0.6749630682349421
0.6759708797584402
0.6760053264413722
0.6760397731243044
0.6791330852516034
0.676659321321611
0.6795154434321493
0.6802895096071797
0.6816762346429306
0.6813927876519468
0.6841249017039298
0.6835068297930345
0.6840038462181972
0.6855864252511901
0.6869357510311861
0.6849841003953494
0.6872595498507476
0.6873146645434387
0.6891127813924924
0.689855845552884
0.6860302953655433
0.6911323412032522
0.6907888585648724
0.6914285826764679
0.6915043653789184
0.6938014670350166
0.6932079998976441
0.6942650209681881
0.692577133504517
0.6953692832038958
0.6944018235089753
0.6960178650339595
0.6951566979606579
0.6967648659581147
0.6968037415002809
0.6968721427706746
0.6987608051862926
0.6981368281297518
0.6983730339555716
0.6995107586832705
0.7002931904812989
0.69737211176866
0.699001931966817
0.7010082051998745
0.7002400441704895
0.7016671210348178
0.7025971814739833
0.702849134354858
0.7035823566058405
0.7049877812694685
0.7007813491879931
0.7037949418490783
0.7033894551814209
0.70441990309656
0.7057185430430988
0.7065506764836432
0.7045921365112202
0.7064640676808427
0.708067314723595
0.7094924232060414
0.7048549154924448
0.7092444070889306
0.7084417993766134
0.7102098984019691
0.710916547497547
0.7100120760228451
0.7112718404272176
0.711783619716494
0.711525761689974
0.7140846581363558
0.709859526427003
0.7132313645905815
0.7148405167789793
0.7128672139424425
0.7160441822997196
0.7159841466523237
0.7157430198717993
0.7161603168307478
0.7172380059110508
0.7161445697756932
0.719406178553889
0.7167724835959975
0.7182182600882031
0.7194731035378712
0.7163281213861739
0.7173708716880746
0.7201374324229896
0.7195725068229036
0.7214552640928761
0.7206915319227253
0.7230545743718647
0.7212229950308199
0.7224089451146237
0.7231392147927835
0.7258181825339571
0.7232642070422799
0.7238163381601339
0.7250711816098017
0.7251892845227117
0.7244039001518607
0.7238921208625844
0.725232588924112
0.7255445774523824
0.7267334801090091
0.7284558142556121
0.7245288924013571
0.7247798610912906
0.7282491341580197
0.7287377849601844
0.7280208018597274
0.7317026601696943
0.7288780321692652
0.7294705151156965
0.7293543805846685
0.731470391107638
0.7311618472476608
0.7306810699730233
0.7323551787635216
0.7332832708208055
0.7339279158871055
0.7351679964726596
0.7309231809444887
0.7361797447599213
0.7311047641730877
0.7315107429362155
0.735809688966137
0.7336543108055307
0.737368647416548
0.7365507847446469
0.738869538601445
0.7368425973586283
0.7379453833079248
0.7374198253454757
0.7394984366126904
0.7400038186608506
0.739104760236324
0.7408202050463408
0.7403325384351167
0.7398419192510701
0.7420888271691815
0.7401194610964084
0.7400791092678309
0.7438170664614301
0.7418486845795979
0.7441556281451052
0.7440365410412543
0.743654674956179
0.7446344370378608
0.7452318409389969
0.7449587279528928
0.7454547601871144
0.744931170606547
0.7460378933196071
0.7484280010196217
0.7449833327264155
0.7481898268119201
0.7488457900740406
0.7478591386557724
0.7476189960661888
0.7484093013917443
0.7485697245151137
0.7449951430177066
0.7505828870847575
0.7506699879830286
0.7485864557611094
0.7486425546447415
0.7512792021754556
0.7508835574172074
0.7515547756389123
0.7488758078977387
0.7532633311123424
0.751628589959481
0.7496985915243445
0.7513574453552585
0.7548842935920312
0.7534793610238735
0.753175738118601
0.7544773306379624
0.7530054730858224
0.7558896446381769
0.7561430738054629
0.7554000096450713
0.753714090563282
0.7534877266468712
0.7546077359376338
0.7571184070279107
0.7563192439838868
0.7571341540829652
0.7558399429956606
0.758884045575914
0.7545447477174152
0.7585031636817796
0.7584677328079066
0.7574776367213452
0.7596330148819512
0.7600060232485585
0.7604154466799794
0.7589932907703558
0.7591458403661977
0.7574805892941677
0.7615226614885102
0.7605118973921892
0.7621535278816373
0.7615325033979192
0.7578053723046703
0.761993104758268
0.7616584798383563
0.7631593710232536
0.7633778614121368
0.7632385983939971
0.7640599057341917
0.7616191122007199
0.7647813176938831
0.7653678954946691
0.7646287680980413
0.7658786905930046
0.7647468710109511
0.7662428412411435
0.7625885402775221
0.7666256915171599
0.7678943136400007
0.768475970486082
0.7677009201201107
0.764782301884824
0.7701166167845891
0.7696117268318993
0.7693361533684427
0.7676246453221897
0.7718054884392012
0.7717159270635778
0.770271134762313
0.7695034658283985
0.7717110061088732
0.7689355876554899
0.7689493663286626
0.7740090919559123
0.7751979946125387
0.7750818600815106
0.7735858898513184
0.776514349996014
0.7738727815105954
0.7761634859255775
0.7722257379709723
0.7780157332763815
0.7759917446063875
0.7791406635218485
0.7774202977571273
0.7762579682559054
0.7785909928813469
0.7800067515498548
0.7797016523581706
0.7796150435553701
0.7808812052008587
0.7827959486764108
0.7838214756368453
0.7842486145052029
0.7824928178666086
0.7858095413374958
0.7832309610722957
0.7824012881091034
0.7856343553500127
0.7839120212034095
0.7871470568262009
0.787882247459065
0.7878005596109691
0.7852337896370599
0.788047591537139
0.788345309296766
0.7898191352307878
0.7906438872392756
0.7905179107988383
0.7911039965041538
0.7918121218861428
0.7879540933977519
0.7925000713538433
0.7922412291363822
0.7937745986223295
0.7941131603060047
0.7949379123144922
0.7927057672604947
0.7949093707772058
0.7949664538517789
0.7954270552121276
0.7962813329488427
0.7961061469613597
0.793480817626466
0.7951967545319532
0.797849149117722
0.7973855951845505
0.7994199178594241
0.7997821001256811
0.798658154071155
0.7972960338089272
0.7995301472448068
0.8017445768618678
0.8019551937232239
0.8003342312435351
0.8022297829957394
0.8013479479126786
0.8041834020134577
0.8011432361969681
0.8025712972522372
0.8044786592957327
0.8048984167320334
0.805364431142557
0.8066138615420501
0.8056429571788365
0.8056213049781361
0.807335765597212
0.8055937476317905
0.8081742962788725
0.8084774270886746
0.8056350836513091
0.8094301239194814
0.8089705067500734
0.8100294962024992
0.8064942823427287
0.8104989552813162
0.8098641521244254
0.8080306044014989
0.8110963591824523
0.810418251624161
0.8126503966781587
0.8119378424369355
0.8082116955346272
0.8130519465820525
0.8101771248436367
0.8093474518804444
0.8130834406921619
0.8143658414881754
0.8133905082657276
0.8149120674603838
0.8124269853345708
0.812119917761005
0.8150921744025716
0.8138806353543039
0.814535122330013
0.8143412367146525
0.8170772875303991
0.8130873774559255
0.8134220023758368
0.8152614552444091
0.8170694140028718
0.8179719170956918
0.8162574564766161
0.8156492264751299
0.8159434995664638
0.8104753346987342
0.8186057360616418
0.8142349440930335
0.819236602454769
0.8184197239738087
0.8197208243976997
0.8203674378458815
0.8166727850536826
0.8197139350611132
0.8209185847727946
0.8203881058556408
0.8213152137219838
0.8216262180593132
0.8210603082682866
0.8189147720170895
0.8231359669626785
0.8227678795507759
0.8237894697474468
0.8204934142863187
0.8232767062672295
0.8234208902400736
0.8227196541946709
0.820704031147675
0.8223722347925276
0.8219618271701656
0.8261407019052952
0.8235453903940997
0.8251555267734382
0.8250531709155831
0.8253356337156259
