0.5056944338196198
0.5047046723729058
0.5024914033362894
0.5029154518950437
0.5
0.4990291271305135
0.5
0.5
0.5
0.5
0.5
0.5
0.5
0.5
0.5
0.5
0.5
0.5
0.5
0.5
0.5
0.5
0.5
0.5
0.5
0.5
0.5
0.5
0.5
0.5
0.5
0.5
0.5
0.5
0.5
0.5
0.5
0.5
0.5
0.5
0.5
0.5
0.5
0.5
0.5
0.5
0.5
0.5
0.5102040816326531
0.48979591836734687
0.5192630432708972
0.5120542177720735
0.5
0.5
0.5
0.5
0.5
0.5
0.5
0.5
0.5
0.5
0.5
0.5
0.5
0.5
0.5
0.5
0.5
0.5
0.5
0.5
0.5
0.5
0.5
0.5
0.5
0.5018831911495683
0.5004854364347433
0.49388435090821003
0.5009708728694865
0.4990291271305134
0.5098107270118932
0.5
0.5
0.5
0.5
0.5
0.5
0.5
0.5
0.5
0.5
0.5
0.5
0.5
0.5
0.5
0.5
0.5
0.5
0.5
0.5
0.5
0.5
0.5
0.5
0.5
0.5
0.5
0.5
0.5
0.4821885438890259
0.5101941651296087
0.5
0.49951598020854887
0.5
0.4853830745126039
0.5087076341018152
0.5
0.5
0.5
0.513341946524549
0.5102451642881225
0.4995145635652568
0.5
0.5
0.5
0.5
0.5
0.5
0.5
0.5
0.5
0.5
0.5
0.5
0.5
0.5
0.5
0.5
0.5
0.5
0.5
0.5
0.5
0.5
0.5
0.49465500485908653
0.49999999999999994
0.5
0.5
0.5
0.5
0.5
0.5
0.5
0.5
0.5
0.5
0.5
0.5
0.5
0.5
0.5
0.5
0.5
0.5
0.5
0.5
0.5
0.5
0.5
0.5
0.5
0.5
0.5
0.5
0.5048590864917395
0.5
0.5
0.5
0.5
0.5
0.5
0.5
0.5
0.5008353473278802
0.4969915218621114
0.5097087286948655
0.5
0.4954431307438983
0.5
0.5
0.5
0.5
0.5
0.5
0.5
0.5
0.5
0.5
0.5
0.5
0.5
0.5
0.5
0.5
0.5
0.5
0.5
0.5
0.5
0.5102040816326531
0.5
0.5
0.5
0.5
0.5
0.5
0.5
0.5
0.5
0.5
0.5
0.5
0.5
0.5
0.5
0.5
0.5
0.5
0.49154452840417023
0.5
0.5
0.5
0.5
0.5
0.5
0.5
0.5
0.5
0.5
0.5
0.5
0.5
0.5
0.5
0.5
0.5
0.5
0.5
0.5
0.5
0.5
0.5
0.5
0.500485908649174
0.5093644843748967
0.484835777987441
0.48834574785071605
0.5165053109957018
0.515514132905696
0.500485908649174
0.5
0.5
0.5
0.5
0.5102380810716622
0.4970732149586199
0.5205696606006002
0.5
0.4724179551037408
0.5
0.5004840197914512
0.5
0.5
0.5
0.5
0.5
0.49260039987117993
0.5
0.49951598020854887
0.5056330459436309
0.49533735471142504
0.5
0.500485908649174
0.5
0.5
0.5
0.5
0.5
0.5
0.5
0.5
0.5
0.5
0.5
0.5
0.4976294835579657
0.5122265760392731
0.4892533439864909
0.5162786480689736
0.49999999999999994
0.49999999999999994
0.5040903213985859
0.4991689026019959
0.49871085460423237
0.5
0.5
0.5092232922601222
0.5
0.5
0.5097087286948655
0.5
0.5
0.5
0.5
0.5
0.5
0.5
0.5
0.5
0.5
0.5
0.5
0.5
0.5
0.5
0.5
0.5
0.5
0.5
0.5
0.5
0.5
0.5
0.5
0.5
0.5
0.5
0.5
0.5
0.5
0.5
0.5
0.5
0.5
0.5
0.5
0.5
0.5
0.5
0.5
0.5
0.5
0.5102040816326531
0.5
0.5
0.5
0.499514091350826
0.5
0.5
0.5
0.5
0.5
0.5
0.5
0.5
0.5
0.5
0.5
0.5
0.5
0.5
0.5
0.5
0.5207967957417593
0.5004854364347434
0.5
0.5
0.5
0.5
0.5
0.5
0.5
0.5
0.5
0.5
0.5
0.5
0.5
0.5
0.5
0.5
0.5
0.5
0.5
0.5
0.5
0.5
0.5
0.5
0.5
0.5
0.5
0.5
0.5
0.5
0.5
0.5
0.5
0.5
0.5
0.5
0.5
0.5
0.5
0.5
0.5
0.5
0.5
0.5
0.5
0.4973914874849009
0.5
0.5
0.5
0.5
0.5053601060026954
0.489906416544127
0.4972786282359674
0.4858330948650459
0.48228345898959335
0.4951796350915766
0.5081513655024693
0.5
0.5
0.5
0.5
0.5
0.5
0.5
0.5
0.5
0.5
0.5
0.5
0.5
0.5
0.5
0.5
0.5
0.5
0.5
0.5
0.5
0.5
0.5
0.5
0.5
0.5
0.5
0.5
0.5
0.5
0.5
0.5
0.5
0.5
0.5
0.5
0.5
0.5
0.5
0.5
0.5
0.5
0.5
0.5
0.5
0.5
0.5
0.5
0.5
0.5
0.5
0.5
0.5
0.5
0.5
0.5
0.5
0.5
0.5
0.5
0.5
0.5
0.5
0.5
