0.5132712218396078
0.5131218049748745
0.5126641094907533
0.5115662316048477
0.5111449183542313
0.5107084415269194
0.5100572357741585
0.5098706280380847
0.5092144669526666
0.5090582575301131
0.5093645630731819
0.5099363217758588
0.5104398573216115
0.5107844470143745
0.5109874733330649
0.5112082896841411
0.5117676018332505
0.5119745290208604
0.5121449445929118
0.5126401414653025
0.5131095848399011
0.5134448072719753
0.5135994058879599
0.5138253457683633
0.5143531663255984
0.5149827199916699
0.5155932286194346
0.5160216449447999
0.516352668929231
0.5162740758007015
0.5164860165428928
0.5168655782047753
0.5172543453997797
0.517469003165099
0.5176354402389987
0.5177951688534131
0.5179847394385171
0.5183307199883577
0.5185975834123513
0.5189768604337156
0.5194583039937963
0.5198389912795461
0.5201958334527961
0.5204466082184102
0.5206940966798598
0.5209926004850896
0.5212628537188905
0.5216139966126744
0.5218738151838431
0.5221621172141373
0.5224692378641445
0.5227800200262718
0.5232816407176295
0.523719793042537
0.5241267966380125
0.5245926949443394
0.5250415859797052
0.5254593412238445
0.52596158294906
0.5265183009879923
0.5269551724305681
0.5275458144439849
0.5279568224140228
0.528346023038907
0.5287530266343825
0.5291685629763007
0.5295260649980246
0.5298729253458305
0.5301983535564383
0.530624149895216
0.5310379654558197
0.5314387587127168
0.531737191357817
0.5318848615648253
0.5319680154107481
0.5320968799362488
0.5324158843278898
0.532815564899125
0.533223978758986
0.533489412511286
0.5337530672603474
0.5341220842848521
0.5345263902645077
0.5348770220991793
0.5351668443686047
0.5354632327772562
0.5357537601788743
0.5359901217837044
0.5362984456868112
0.5365961990761293
0.5369141101894164
0.5372455934801381
0.5374947703773888
0.5377147004613971
0.5379758322604111
0.5383095409224568
0.5387159170149718
0.5389978987319419
0.5393131381058198
0.5395737070929001
0.5397680518757862
0.5399060572433818
0.540002589193659
0.5400948321288555
0.540196254720763
0.540313623650791
0.5403811804901386
0.5404806623512404
0.5405852483343613
0.5406898084410716
0.5408840432492119
0.5410207159816542
0.541163430856005
0.5412827728623524
0.5413665542112358
0.5414923847275768
0.541588644975541
0.5416536077047116
0.541729425588189
0.5418278400473476
0.541907177122686
0.5419461469972651
0.5420143054631623
0.5421389586028147
0.5422121823761149
0.5423135273387902
0.5423965129880433
0.542543639790426
0.5426603424028773
0.54275785118766
0.5428833194342506
0.5430060900650212
0.5430888298883723
0.5431956347737145
0.5432994638718212
0.5433906782196906
0.5435219363131849
0.5436340005790106
0.5437163781326112
0.5438572881273128
0.5439955651972213
0.5440849423199279
0.5442403625119536
0.5443575891217225
0.5444753267906036
0.5446106086659686
0.5447463951313429
0.5448690299109572
0.5449957531634688
0.5451441802554913
0.5453010171810051
0.5454699060448227
0.5455875272698555
0.5457642955007442
0.5458966598107979
0.5461140540065534
0.5462387524299244
0.5464066191755175
0.5465182241350525
0.5466500903241993
0.5467801128190808
0.5468892271740817
0.5470503983983951
0.547153295945715
0.547284871025241
0.5474688134910084
0.5476268213241084
0.5477929608192844
0.5479312702347063
0.5480457798213472
0.5481479916437824
0.5482432103662144
0.5483017104618019
0.5483910099552762
0.548474907748008
0.5485189493990928
0.5485707604425032
0.548628820639108
0.548683051126923
0.5487278561321245
0.5487867379047705
0.5488383031222788
0.5489182353550642
0.5489544041081804
0.5490115262848958
0.549062535159573
0.5491291927936472
0.5491889220187451
0.549247596780105
0.5493232076522964
0.5493752903980196
0.5494603332219268
0.5495367333246457
0.5496101964547454
0.5496846105429398
0.549756022967488
0.5498449537221095
0.5498989771986385
0.5499805461144034
0.5500744386707846
0.5501614222254977
0.5502337662008326
0.5503532828729523
0.5504425241445026
0.5505299670055062
0.5506568131709689
0.5507723901595529
0.5508605122763385
0.5509715285475292
0.5510590166922515
0.5511751306163585
0.5513047132122573
0.5514236023814164
0.5515252384537126
0.5516163687032472
0.5517484289654746
0.5518513006363837
0.5519556343244999
0.5520589200179811
0.5521541646168237
0.5522607301453664
0.5523676450054542
0.5524678125914407
0.5526186009059435
0.5527423289639116
0.5528524848444449
0.552967712501484
0.553054282033625
0.5531487568092481
0.5532521201319613
0.5533407791842699
0.5534100115212132
0.5534703941256822
0.5535603728749386
0.5536077525830092
0.553694716730414
0.5537534497136982
0.5538075637576647
0.5538762138753661
0.5539273715394053
0.5539941714937386
0.5540420622609215
0.554101176921264
0.5541742583743052
0.554250949586645
0.5542950882742701
0.5543549921651404
0.5543950682562788
0.5544477914431678
0.5545065826483762
0.5545633878390599
0.5546249866348338
0.5546727415508602
0.5547212404136954
0.5547833243921709
0.5548293908723962
0.5548989013807549
0.5549524526127878
0.5550065601876516
0.5550555183567775
0.5551230687270223
0.5551830373089195
0.5552224470824813
0.5552865041372759
0.5553380434783733
0.5554127292688806
0.5554749426294098
0.5555323817921568
0.555598379577757
0.5556630317899987
0.5557081990649507
0.5557741127522161
0.555825729722546
0.5558947938628191
0.5559655787844069
0.5559921409200348
0.5560429945362477
0.5561008024378478
0.5561313560098325
0.5561971920678657
0.5562815232904775
0.556353880204018
0.5564264764743576
0.5564911804394208
0.5565639254991224
0.5566383460564195
0.5567131030070563
0.5568022925257852
0.5568685555445954
0.5569672352369642
0.5570495157540246
0.5571534548268771
0.557283690802147
0.5573707196405786
0.5574687912372951
0.5575674709296639
0.5576783125350819
0.557797615726813
0.5579283692302979
0.5580783424378621
0.5582091735705794
0.558351726717363
0.558485772994115
0.5586328480436761
0.5587951642991649
0.5589399492863751
0.5591073373183697
0.5592451744892954
0.5593853664135988
0.5595464988232961
0.5596665783073494
0.5598062591725408
0.5599254006367046
0.560090873814304
0.5601877745034343
0.5603316538162686
0.5604501613083692
0.5605625490293293
0.5606878232028393
0.5608102315638596
0.5609284802918528
0.5610243653318614
0.5611392048427393
0.5612566966857183
0.5613721119467352
0.5614339630375139
0.5616016486482318
0.5617122961805694
0.5617888774181635
0.561930447261339
0.5620176831110567
0.5621369927718904
0.5622750498923076
0.5624136116027342
0.5624922694222905
0.5626357347125529
0.5627661906373143
0.5628277247420613
0.5630052045742455
0.5631247924064948
0.5632708259305235
0.56342017810423
0.5635605641016139
0.5636957165949251
0.5638056331186592
0.5639195928315719
0.5640815403482075
0.564181623835859
0.5643600222806247
0.5644657274185103
0.5645806057440043
0.5647647940356737
0.5649021072092819
0.5650162674643777
0.565170380897661
0.5652453642668918
0.5653813059907307
0.5655013337219625
0.5656465392008474
0.565807561635799
0.5659005614560098
0.5660765598636789
0.56617601584837
0.5663099521503763
0.5664623771478586
0.566627500993913
0.566812006271614
0.5669517712351402
0.5671375768024809
0.5672910562637009
0.5675102618082084
0.5676847981986706
0.5679184751258861
0.5681093848152461
0.5683141513225589
0.5685581982213797
0.5689378439815971
0.5691635574434064
0.5695666860463733
0.5699341310789252
0.5703493180892982
0.5707242090590415
0.5711984783842438
0.5716704835235059
0.5721042239203817
0.5726007146133096
0.5730679584929952
0.573401990610175
0.5736823291750631
0.5739334209267088
0.5741230173882235
0.5743251056870244
0.5745287336322645
0.5747669130549494
0.5749554291763156
0.5751906975027917
0.5754302677825541
0.575674314681375
0.5759132251126633
0.5761581453403467
0.5763961759736698
0.5766540667522382
0.5769712533260245
0.5772407173292977
0.5775282171908589
0.5778322779552957
0.578135814722415
0.578495412733409
0.5787632529919082
0.579085123196039
0.5794050462002613
0.5797455862347431
0.5800692742567286
0.58039839632497
0.5807554390404033
0.5810287845052879
0.5814834071656336
0.5818308626708866
0.5821819279354381
0.5824648347340924
0.582858518447138
0.5832208011357468
0.5835646533508037
0.5838601102086685
0.5842112207569389
0.5845462620541377
0.5848968227286799
0.5852035422943206
0.585587160083587
0.5859262445699646
0.5862303635563255
0.5866678883782726
0.5870160813612316
0.5873117322921769
0.5876700429517366
0.5880492488129714
0.588431624534522
0.5888050405488532
0.589212160588177
0.5895835323660592
0.5899958341566345
0.5904180789580376
0.5907348967929709
0.5911619934213883
0.591524444306667
0.5919340549505248
0.5923531945826388
0.5926952419180465
0.5931280119495195
0.5935052382653323
0.5939146807125204
0.5942432140924174
0.5946874991266712
0.5951437584699961
0.5954771889606263
0.5958815531622061
0.5963980269133302
0.5968432952511922
0.5973310009026727
0.5977973132315715
0.5981937592514637
0.5986857862635384
0.5990749480738066
0.5994465074556667
0.599880422518315
0.6003577776054984
0.6007328949938358
0.6011065180194527
0.6015418174700757
0.601919470746666
0.6023620932215292
0.602757335988322
0.6031481991725965
0.6035551962989695
0.603984000770496
0.6043678385092538
0.6047276241242259
0.6051965823161229
0.6055260407777041
0.6059273062790973
0.6063781703907825
0.6067570010440615
0.607182777975531
0.6075597908109553
0.6080183143402204
0.6083742249626836
0.6087354143729385
0.6091347003289099
0.6095246190241923
0.6099388097927517
0.6102749055536885
0.6106458891854095
0.6110197450987231
0.6113460531072963
0.6117113503977567
0.6120705408552816
0.6123652990500563
0.6127545902423781
0.6130525765193929
0.6134282631887666
