0.48806899717921803
0.5
0.5
0.5
0.5
0.5
0.5
0.5
0.5
0.5
0.5
0.5
0.5
0.5
0.5
0.5
0.5
0.5
0.5
0.48056208438035286
0.5124948256152675
0.49747809227585815
0.4985447531755039
0.49759614788613216
0.490067433515168
0.49812054092458835
0.5122142609956998
0.4958283902265662
0.5
0.49977223555579
0.4909468825822366
0.4986897573202688
0.5
0.5077437704263175
0.492159352448005
0.512117857676144
0.5070435888261666
0.4865769946825583
0.48993877243635875
0.4998670422136201
0.4967537919969577
0.49809699340938274
0.5123613031558383
0.4960092024312511
0.5004557365842542
0.5012532756066994
0.5
0.5
0.5
0.5
0.5
0.5133126798864979
0.5414710555929184
0.5218224325494473
0.5417457982386329
0.5367856647400584
0.5325988282657779
0.5251813999189908
0.514696109385815
0.5236379602508856
0.4997152749732531
0.5069379495324825
0.49982906632843055
0.5
0.5
0.5
0.5
0.5
0.5
0.5
0.5
0.5
0.5
0.5
0.5
0.5
0.5
0.5
0.5
0.5
0.5
0.5
0.5
0.5003135428237462
0.5090572194104893
0.5000569670730317
0.4959087750049071
0.5131171667110465
0.4984390879198404
0.5057235909327216
0.5074240097085341
0.4954470866369032
0.4999430329269682
0.5
0.5
0.5
0.5
0.5
0.47533269270418665
0.5229133029947701
0.48646658487518174
0.5139732564872592
0.5177877267832437
0.5198477059910733
0.5114561062958202
0.5134805954779762
0.5038791415863672
0.49016603711246765
0.4876579541422915
0.5000569670730317
0.5
0.49977239132766565
0.5000569670730317
0.5000569670730317
0.5
0.5
0.5
0.5
0.5
0.5
0.5
0.5
0.5
0.5
0.5
0.5
0.5
0.5
0.5141404840862869
0.5277658760131938
0.5363105540287676
0.522930937669195
0.5480412277269421
0.5445962872630179
0.526825448747295
0.5139335865829218
0.5189967177437887
0.5132171982172065
0.5161085384159863
0.5171042971502223
0.5175092001790493
0.5179244944900827
0.5161897345061797
0.503938549085451
0.5013672097527628
0.5023883333407541
0.4847598054144461
0.4799018193233428
0.49383785931330637
0.4798336561467472
0.5
0.5
0.5
0.5
0.49568357430615084
0.530531333064947
0.5333398415688387
0.5314535415118873
0.5268514756315216
0.5096793787724134
0.5091501243533374
0.499508345017414
0.49108555200405773
0.5035380401216167
0.49965913219306335
0.5
0.5045818609699922
0.4998860398919572
0.5
0.5
0.5
0.5
0.5
0.5
0.5
0.5
0.5
0.5
0.5
0.5
0.5
0.5
0.5
0.5
0.5
0.5
0.5
0.5
0.5
0.46906375741573114
0.5333214929399837
0.5161091290510147
0.5119592299827526
0.530083573298826
0.5246106387855433
0.5093818869423563
0.5213483213743586
0.49254027958896834
0.5000569865445161
0.503443110144385
0.5002277644442101
0.5
0.5
0.5
0.5
0.5
0.5
0.5
0.5053474018529766
0.5127034820427285
0.5368657120126689
0.4995419203471158
0.5372906317275196
0.5331029125459434
0.5188932657468588
0.5116341730211964
0.49268452434583965
0.5086477016398455
0.5
0.5
0.5
0.5
0.5
0.5
0.5
0.5
0.5
0.5
0.5
0.5
0.5
0.5
0.5
0.5
0.5
0.5
0.5
0.5027542674386842
0.5187276153380725
0.5061893358599878
0.499999928604557
0.4876070751534005
0.5052730272728385
0.5
0.5
0.5
0.5
0.5
0.5
0.5063254285553656
0.5108722797963007
0.5039855597394295
0.5088283386011704
0.49982966994444883
0.5
0.5
0.5090007975390225
0.5099031515623095
0.5010244012878751
0.509215412240728
0.4999430329269682
0.468339229969512
0.48763705474897234
0.5049023680946798
0.5108066349316951
0.49994303292696823
0.49994303292696823
0.5
0.5
0.5
0.5
0.5
0.5
0.5
0.5
0.5
0.5014507748735655
0.5141982819426554
0.533039240791763
0.5296415576206205
0.5157095612089294
0.5182633891865942
0.5141805628917979
0.5014469649531064
0.4999430329269682
0.5002842577111201
0.5000569346205577
0.4840887401740562
0.4999430913414216
0.5
0.5
0.5
0.5
0.5
0.5
0.5
0.5
0.5
0.5
0.5
0.5
0.5
0.5
0.5
0.5
0.5036610414889434
0.5071563611736574
0.5
0.4977088228762008
0.48752611921151545
0.4871602759805129
0.5000569865445161
0.5
0.4949258804314034
0.5
0.5058669335108129
0.5329676181814285
0.5224737601950907
0.5260981888027567
0.5292523421177724
0.5174996786231489
0.5123324399253754
0.5134581318754055
0.5140786621231299
0.5090561809313183
0.49891908597373047
0.5
0.5
0.5
0.5
0.5
0.5
0.5
0.5
0.5
0.5
0.5
0.5
0.5
0.5
0.5
0.5
0.5
0.5
0.5
0.5
0.5
0.5281601865544753
0.5341572739579059
0.5353459626506553
0.539150846485791
0.5353064939516572
0.5370065817122338
0.5293256587472548
0.5177027013011067
0.5417363675496599
0.5451988712925662
0.5306533543675559
0.5353392255170324
0.533487792398252
0.5322618093222691
0.5251019692433883
0.5
0.5
0.5
0.5
0.5
0.5
0.5
0.5
0.5
0.5
0.5
0.5
0.5
0.5
0.5
0.5
0.5
0.5
0.5
0.5
0.5
0.5
0.5
0.5
0.5
0.5
0.5053023643094232
0.50705372048858
0.5132895023294971
0.5136949245979097
0.5035340939007665
0.48527086048604795
0.48397549402044343
0.5240318489100039
0.4868597725608594
0.5158099237303252
0.5145370598102603
0.4901811794368818
0.5118333338547364
0.5007170893391559
0.4839725213738161
0.5274786261839619
0.49189080822484327
0.5331025750402127
0.5267276954048166
0.5239290005290922
0.4978263462658995
0.5331906705263995
0.534350781570458
0.527556564045756
0.5365905539752859
0.5080568069914676
0.5127695747514768
0.5025981061333242
0.4999430264364734
0.4998860658539364
0.49982909878090465
0.5
0.5
0.5
0.5
0.5
0.5
0.5
0.5
0.4923913876378064
0.5
0.5
0.5
0.5
0.5
0.5
0.5
0.5
0.5
0.5
0.5
0.5
0.48892430160555767
0.4999999221140622
0.5
0.5
0.5
0.486116649846982
0.49937679566840987
0.5028653457670272
0.4796936367020035
0.5356224966729399
0.5367002433377375
0.5371252474290209
0.5282966167555836
0.5338521168534668
0.5088357182937803
0.5371243841932098
0.5326288597853082
0.5371539289256289
0.529919960905413
0.5175070128822952
0.5168520310880682
0.5050783838236931
0.5
0.5
0.5
0.5
0.5
0.5
0.5
0.5
0.5
0.5
0.5
0.5
0.5
0.5
0.5
0.5
0.5
0.5
0.5
0.5
0.5
0.5
0.5
0.5
0.5
0.5
0.49541758733794805
0.5
0.5
0.5
0.5
0.5093808095202162
0.5
0.5
0.5
0.5001139341460635
0.5279538731956441
0.5217330908882551
