0.5020749711555649
0.5093218475881478
0.5176015421409252
0.5260118996297499
0.5316037402385122
0.5379214271068237
0.5435336647963542
0.5458731834371512
0.5471758666449857
0.5475822880212194
0.5479767803721006
0.5484971291157338
0.5487961181036648
0.5487980458962651
0.5489206547994686
0.5489218386452601
0.5489569399964331
0.5493415410893079
0.549733730439633
0.5497973799409583
0.5500197876912952
0.5502726390388715
0.5504789322544181
0.5507706564400332
0.5508797837332394
0.5511604522223644
0.5512879258907877
0.5515253484284582
0.5516583596487805
0.5518205335840103
0.5520313228259235
0.5522119531111156
0.5524028369240648
0.5525779749410769
0.5526700238031927
0.5528830901692513
0.5529688187180433
0.5531558146002783
0.5533217923678873
0.5536595054044954
0.5537932152879077
0.5538755410886869
0.554284097268807
0.5544749163907293
0.5550099370592536
0.5550746798389328
0.5556825555419043
0.5560065864263322
0.5562629052129479
0.5566765137622656
0.5568864943663431
0.5573762830688884
0.5577441615313203
0.5580322371430207
0.5584058860450484
0.5587492660156093
0.5592104418769754
0.5595650328024908
0.5598397950008638
0.5602509970439824
0.5608438708978255
0.561054802459998
0.5615150920542962
0.5619780275115929
0.5624145108080074
0.5630980167904784
0.5635845580034755
0.5641544341972707
0.5644357560657671
0.5643392435227981
0.5646047096206115
0.5649053935134463
0.5652991483866214
0.5658120447239603
0.5657654477773146
0.56583971954525
0.5661521707358702
0.5658753190173298
0.566533272044192
0.5667135594669418
0.5669269686954429
0.5670786303388081
0.5673195785374424
0.5674632637771962
0.5673091826894264
0.5674816489670291
0.5677600726775223
0.5678707525553732
0.5677011650284656
0.5676759549352992
0.5682368520145665
0.5678656419642514
0.568429767125759
0.5685049639753785
0.568853027576284
0.5688820285636242
0.5692507932931241
0.569367198326852
0.5696517159320751
0.5697213105387686
0.5702710354776976
0.570518737419536
0.5707545426815351
0.5711303910784761
0.5717602811378872
0.5722268716382014
0.5727417410518596
0.5730004986901878
0.5744218705249983
0.5750867066771179
0.576009621211784
0.5771287889146284
0.5779828786658205
0.579791148124959
0.5823170027995171
0.585551625302534
0.5898174292427661
0.5946612927916911
0.5977318911961103
0.6022671526705128
0.6052731506155118
0.6101686181965611
0.6133429745389575
0.6160143063947132
0.6184481768981822
0.6214826906478201
0.6226750433093486
0.6242870596003088
0.6265386890120169
0.6280189296812678
0.6288477899319853
0.6306615840048175
0.6316262954119364
0.6326798275989309
0.6342750500993188
0.635176797729997
0.6361598684505381
0.637181255666287
0.6379502508407504
0.6385319654924607
0.6397781152119242
0.6405323931777775
0.6411353911773239
0.6417454210914897
0.6426556885304052
0.643163952990221
0.643856541592863
0.6446896455749421
0.6452245562687209
0.6459769452565899
0.6466381587112058
0.6471516825515052
0.6477769924862149
0.6483889178474677
0.6491329487546666
0.6496602841292003
0.6501985393490675
0.6505553944605229
0.6509975511599928
0.6516123617410436
0.6520232273908225
0.6524600147350633
0.6529493958841395
0.6533613806886831
0.6538362775168458
0.6540323236737382
0.654545245887488
0.6547861552715062
0.6555768413472749
0.6558577427240967
0.6562610912765547
0.6566116001982754
0.6572927643655742
0.6573335132433918
0.6581877905985617
0.6587669176091977
0.6589285675471098
0.6597697837839572
0.6602821690621841
0.6607201531904217
0.6613243156284516
0.6616395550023294
0.6624175875132448
0.6630206890184343
0.663752887936821
0.6643433423462597
0.6648722949964647
0.6656020227176255
0.6663904834220704
0.6668011097150499
0.6674387044757599
0.668134889899495
0.6681083018874565
0.6689106000025462
0.6692423873410942
0.6699872204170263
0.6704504146384305
0.6706261348746841
0.6710862303959019
0.6717624974524673
0.6718172195920864
0.6723705672285195
0.6729173810712399
0.6732101597205927
0.6727019858282143
0.6739782168751667
0.6741695535253038
0.6745719123050511
0.6748918288401706
0.6750554777308126
0.6751731830541803
0.6758622265885502
0.6761674906060866
0.676401542741258
0.6766616071383288
0.6767752951489285
0.6772513370082668
0.6773764817997231
0.6774364503816201
0.6780956907599167
0.6783031936976656
0.6784262748453651
0.6788924254466967
0.6792676722170877
0.6794726910194053
0.6795290951257227
0.6799135344910301
0.6801038878375589
0.6793997454175205
0.6803209262326668
0.6808880401196152
0.6810453816351386
0.6794145855390816
0.681449564701843
0.6817004882568191
0.6813994032796177
0.6821185928325034
0.6822660301518149
0.6824790447650521
0.6827708853945154
0.6829513280757298
0.6829841846482708
0.6832850173304674
0.6834713468951257
0.6831710640866573
0.6838326592183316
0.6839808922372734
0.6841104942404803
0.6844537577671929
0.6846116879710606
0.6848044478237887
0.6849768105957486
0.685216562010386
0.685357316746623
0.6854465709563786
0.685481685245757
0.6859142547350467
0.6858964258880447
0.6862580357899744
0.6863393135961183
0.6865154349167386
0.6866515189608364
0.6865647553556149
0.6871095249618866
0.6873341451453421
0.6874749775108114
0.6876618310727873
0.6878799368698383
0.6880330993450267
0.6879255116982596
0.6882918311069441
0.6883596208339885
0.6886502452721468
0.6888604134802022
0.6886330698045161
0.68874881498977
0.6893276314834771
0.6894882722413702
0.689524098132044
0.689894939443506
0.6895925477075622
0.6902212733284899
0.6895726681550088
0.6902703285341562
0.6907253587479709
0.6910255315816936
0.6907303140806282
0.6913521501071956
0.691562137180376
0.6917308901930369
0.6909969381478224
0.6921802599420017
0.6922232406602459
0.692501457359453
0.6927751521558829
0.6928522573907946
0.6929418415247871
0.6930095148079831
0.6934528812296553
0.6933889859024279
0.693851727286644
0.6939319182835368
0.6942482121211526
0.6943256408111986
0.6945443482347993
0.6941774854214889
0.6948587983781493
0.6951092885032453
0.6952684866512396
0.6954868900270139
0.6957329746931809
0.6953020030722544
0.6960640827759468
0.6957207545582074
0.6964191459459582
0.6961718192120757
0.6958889318207294
0.696890297163666
0.6967206190693207
0.6973605621143056
0.6974225167107273
0.6976491681924262
0.6977023765620166
0.6979782126314353
0.6982195425071281
0.6980988937420385
0.6985067706663766
0.6987695520865754
0.6988911841552734
0.6990013076902932
0.6992323969764346
0.6994407279593273
0.6996409919711708
0.6993606081225638
0.6999207418477145
0.7002318409958733
0.7003802357423823
0.7005386123143355
0.7007240814883365
0.7008587293916384
0.7009210074431943
0.7011720215656077
0.7014456193254972
0.7016922085816736
0.7017566214371158
0.7019887069650708
0.7022386666237462
0.7022430656135727
0.7022582680048843
0.7022237618111584
0.7024907222716922
0.7025811538581366
0.7032577120243231
0.7032533389109072
0.7037048499328611
0.7038159373641812
0.7039830407556574
0.7042266218790848
0.7041445548424132
0.7046644184033447
0.7045459497258602
0.7050879634943878
0.7053027182962475
0.7055543211070052
0.7049494405985772
0.7059266438429823
0.7061919676205366
0.7064285168293447
0.7065137472572298
0.706911926996642
0.706916435961214
0.7071922979070435
0.7075177261176513
0.7075995279211129
0.7077574904704942
0.7082084516187196
0.7085209222166478
0.708709315425063
0.7086930068171922
0.7091482569804982
0.7090460839726791
0.7096097821734093
0.7098227709102359
0.7101683309684019
0.7102435601635346
0.710531616367927
0.7106560301507798
0.710557039941482
0.7112569968520829
0.7115241190401839
0.7117913964867494
0.7117250817151175
0.7121166694388928
0.7124988187418496
0.7126648870768961
0.7126074996669706
0.7129822095018387
0.7132439364582996
0.7130307018955713
0.713833556353492
0.7140307022578409
0.714236432661454
0.7144971892525123
0.7146695649626774
0.7143851702704054
0.7150457950366768
0.7150998637969244
0.7155495958156395
0.7157302584463452
0.7159884985564584
0.7161131128814946
0.716117796511839
0.7164453659954361
0.7162048706339897
0.7168728572391173
0.717052510689804
0.7174078067475121
0.7175422605777333
0.7178180448943305
0.718005053714771
0.718113689356173
0.7184114168690805
0.718615348862147
0.7188059803800915
0.7189355694450928
0.7190263827085956
0.7192800103484942
0.7188807632071389
0.719455297154868
0.7195739534363303
0.7199703347651959
0.7195002056657126
0.7200011988541097
0.7204091081239613
0.7204411172440505
0.7206464336250916
0.7207267345967301
0.7209179548030189
0.7211087803940439
0.7211289381180128
0.7215136039019143
0.7215533565379184
0.7217659571285837
0.72204005300938
0.7221473042628075
0.7223066770765743
0.7225159072647401
0.7227765085973341
0.7228799624874849
0.7219840629256347
0.723125814265955
0.7233777922846687
0.7233449551194358
0.723728553501394
0.7239317415476516
0.7240570739430858
0.7242130892925585
0.7244612699479956
0.7245348559910464
0.7247612551777404
0.7250432110182998
0.7251844897518546
0.7253920315042195
0.7253965210614834
0.7256984793675474
0.7257526451643355
0.7261462641863541
0.7261159499711686
0.7264900387721789
0.7265992566328227
0.7262376337926879
0.727078364846834
0.7271208086295553
0.7273803166837951
0.727571905628937
0.7276503823136182
0.7279614879308798
0.7280661838887463
0.7281257319789689
0.7285004029992209
0.7285762208826981
0.7285955893761394
0.728833814082543
0.7291866518812306
0.7295245589909194
0.7297462745472689
0.7298221506526704
0.7300468937490768
0.7303232408776079
0.7303904807309238
0.7306371088017163
0.730598100112521
0.7312295492256795
0.7314034904586946
0.731426294045662
0.731754704512608
0.7318676550455016
0.7320542174978566
0.7320973470054628
0.7325782277536098
