0.6691209542522796
0.734190124948386
0.7501405159675973
0.7687513348513908
0.7841237148544412
0.7891344482506293
0.796838840844876
0.8044802821298673
0.8109449447801033
0.8115680387732815
0.817288066424347
0.8228317018976999
0.8158601705450208
0.8260582891349026
0.8265008565051679
0.8268640645952736
0.8246845499443511
0.8310593581843044
0.8300031599623078
0.8210121695609578
0.8371083435843127
0.8339696051944935
0.8404865682519861
0.8393912388367221
0.8448331228227879
0.8364112644406856
0.8433990739543725
0.8441743311081018
0.8406833730359066
0.8415320117240663
0.8454011839103904
0.8445385646963891
0.8400134890655736
0.844366722355545
0.8401939962170021
0.848322646495628
0.8453351820685696
0.8484164276552767
0.8481004379149835
0.8447862095262316
0.848498707658105
0.8525330888995676
0.843012577968854
0.853459788768923
0.8526491519279321
0.8538693519730305
0.8545855845668704
0.8466435230333189
0.8541137775174427
0.8543209281501056
0.8507333331005409
0.8551028899849835
0.8549982242655223
0.8563218827980454
0.8558961128283735
0.854084544328775
0.85049336652607
0.8542583987230133
0.8555853609173998
0.8508479747105399
0.858306598227947
0.8536079732561497
0.8606106070600045
0.8585918230227951
0.8595984468453595
0.8598480128616682
0.8541953760183147
0.8578719038278979
0.8594006360347418
0.8598011514890708
0.8567287784087823
0.860591421157318
0.8628995449630911
0.8517277093593805
0.8642309206939548
0.8636012128865556
0.863537975995528
0.8573279679095398
0.8637387270002989
0.8641892971506766
0.8636411489011806
0.8564906356633557
0.8633589876198873
0.8567829870215159
0.8569663240286856
0.8649127147222816
0.8567525271293273
0.8540147715094641
0.8671398631146854
0.8591369012682415
0.8632359927430556
0.867908662226069
0.860185323877444
0.8650098384867623
0.8665373894235493
0.8663503009103737
0.8684738739864459
0.8655286626806634
0.8664776833617036
0.8683299342828313
0.8639807186091535
0.8627382691478133
0.8605640182881893
0.8664683889731218
0.862750296034714
0.8669914449696452
0.8640221409470922
0.8658415564549276
0.8673199354029608
0.861237290296818
0.8674201681144603
0.8630369033049586
0.8652681277281091
0.8671070926063411
0.866461431162675
0.8682106454785414
0.8668847477253054
0.862953052602384
0.8633947826988176
0.8650408500710104
0.864254591528562
0.8648199525703198
0.8676700521650155
0.8665272512706409
0.8661424752662494
0.8665287181224702
0.866086222147648
0.8685144979935218
0.8655668527521819
0.8654893432630462
0.8661539374801009
0.8600567017416036
0.8688006379481396
0.8694273406564376
0.8712866337644445
0.8647422613473288
0.8641259758832165
0.8641444608124628
0.8627705658500358
0.8680607669721669
0.8641678850082667
0.8696879794569089
0.872327501437677
0.8644359619158014
0.8667786995304477
0.8652679589752439
0.8619080310124668
0.8629007132521587
0.867995381727354
0.8656530789758606
0.8714740922358246
0.8660093422365095
0.8695995205030123
0.8702007285476587
0.86866407144664
0.8715154821212895
0.8668693912145624
0.8662222239760982
0.8685084748143294
0.8681517117855795
0.8726527011901193
0.8685447372088866
0.8680830942743465
0.858834236513813
0.8687660306297613
0.8711027645366997
0.8723151435355404
0.8717510156877986
0.8729388865782005
0.87001483428553
0.870067842156722
0.8702718124469233
0.8725775282791184
0.8678415894526033
0.8656504633064485
0.867430896902397
0.8720742812727845
0.8721894940463275
0.8654835472511722
0.8740697125096331
0.8734603459129984
0.8724719473998876
0.8736665943668814
0.8691770541952034
0.8700961342236406
0.8673392900585131
0.8713567960134446
0.8734571980230108
0.8696690596645099
0.871075978264579
0.8723565723639741
0.8711407988363425
0.8584724952755364
0.8695489660388624
0.870508832336746
0.8684892175161996
0.8755382843199939
0.8734947650070267
0.8674262237461269
0.8653513488526863
0.8706778902553125
0.8674598834522614
0.8648367110279438
0.8677041856772718
0.8757998966946884
0.8677944684602127
0.8733197942476795
0.8686656486368811
0.8701019432165042
0.8717908738164858
0.8628954364798703
0.8661374646042487
0.8734705944043186
0.873840942038726
0.8698333535598787
0.8703225161924539
0.8698604838282248
0.8728956469017124
0.8686029634379133
0.8664012448042129
0.8681695995893022
0.8694285738504532
0.8712266161588474
0.8713638446908187
0.8759649629589408
0.8708146579621514
0.8730382430728993
0.8711859012848442
0.8686340788700786
0.8637212870407184
0.8708344215188772
0.8703733886908502
0.8703428638937135
0.8730552286978421
0.8701526145095608
0.8648193878972704
0.8746985505907265
0.8679659148808729
0.8685970830496068
0.8698132849498964
0.8696184792383803
0.8735237126139224
0.8743601102288524
0.8576000429618833
0.8673685686806445
0.8689814631338142
0.8677080540121844
0.8721187346718041
0.8683677543961452
0.8668067125060892
0.8703319728434062
0.8709272680472719
0.8704563372146449
0.8688214010410678
0.870264257510953
0.8731558378580412
0.8756317734073757
0.8702587211188719
0.8754538689443698
0.8736536523202112
0.8689783801487749
0.870994009805502
0.87070694820062
0.8674791212789069
0.8691781121458589
0.8628554745032658
0.875530365916314
0.8743573582590489
0.8657429658386174
0.8713896573887163
0.874462309560282
0.8722354792021245
0.870877570328438
0.8634951257487289
0.8703788407064986
0.8712907227761809
0.8737401381636826
0.8707461442988357
0.8644943374262092
0.8742362845686837
0.8714235507526643
0.8761994969892476
0.8753842713684192
0.8683602254221544
0.8731197182543698
0.874261707836892
0.8671094356749711
0.8726917934404177
0.8698977847019531
0.8730689690753755
0.8742981195128302
0.8709161498296462
0.8681348689515226
0.8726284851539472
0.8716548914595201
0.8732800659288886
0.8712357093420898
0.8634488030872012
0.8738328029582223
0.8715833986590819
0.8710797492420692
0.8720778575354301
0.867987930639301
0.8781926305909302
0.8707869435492719
0.8625940049194576
0.8715382897200855
0.8704784698019798
0.8765671315968205
0.8699701407382021
0.873576006530684
0.8740210597604652
0.8648536252574438
0.8708829704201281
0.869958451357032
0.8643934167222588
0.8750413136221505
0.8730613232724779
0.8704579144048862
0.8746655529150636
0.8719317824590198
0.8659249203703907
0.8713359485440841
0.8656461146749191
0.8727732621313936
0.8733278100087818
0.8695768297331229
0.8640863838648167
0.8785470116080811
0.8689072378350569
0.8704323807982658
0.869277066229879
0.8751788147549041
0.8707170798630336
0.8698610744632532
0.8718615423240819
0.8725991416268678
0.8765154218245927
0.8764500820132434
0.87678448528734
0.8748645774482123
0.8565004103485541
0.8729796274141833
0.8661772643184826
0.8744980332437693
0.8639759351144712
0.8711073013925784
0.8738198284590777
0.8736452016959558
0.8766859336139988
0.8757303250807167
0.8719613401724283
0.8704299468627084
0.8761602749290528
0.8735877802882868
0.8745458032856418
0.8775048004024211
0.8711911326236688
0.8738945016019773
0.8631947326674874
0.8726594772667108
0.8761866522999998
0.8700715417387691
0.8742871375955954
0.8728628634123785
0.8735065841980933
0.8711708887703263
0.873983856244159
0.8727696599067686
0.8697692793950194
0.8756938939332942
0.8754287377484283
0.8724937879149557
0.8710423639919083
0.8760224947050219
0.8722295468898592
0.8731293696201667
0.8739288168480889
0.8725788783020408
0.8716035840979709
0.8708810492336613
0.8720342998246955
0.8724579928360254
0.8799574480563427
0.8769384138624818
0.8671348849051587
0.8701161898526331
0.8761982832667164
0.8748249594678333
0.8726024712507103
0.8665168989314035
0.8743187657768514
0.8748941676140951
0.8736950681676551
0.8709084131598209
0.8665519216414502
0.8747340600878847
0.8739683179995609
0.8745545589631533
0.8762454496925707
0.8736653417013811
0.8765952743823584
0.871434461274456
0.8698549084931746
0.8757378605452023
0.8734698025639507
0.8773032186143134
0.8749403085417677
0.8735019305133078
0.8726338722646474
0.8740406805263048
0.8754591846596274
0.8754105643629335
0.8714180468130573
0.8770300791208195
0.8747202612958982
0.8767561218249781
0.8680084925268897
0.8734534335360155
0.8757852995718389
0.8731854150429343
0.8729652574586528
0.8780277460605325
0.8758312328036774
0.8796210716718212
0.8742162938446394
0.871985426398704
0.8778443376579198
0.8775558027107137
0.8672888394422802
0.8694649400929275
0.874524202918882
0.8692335344811237
0.8734165934874193
0.8782821085525133
0.8763158845423531
0.8731730636312923
0.8723723961903445
0.8681847484042112
0.8768013086499123
0.8701435148358239
0.876294439947469
0.8761269657096385
0.8762817445396018
0.8639624478662362
0.87674327713573
0.8701502714409312
0.873846121453592
0.8774925788006758
0.8803424706995373
0.87017297519181
0.8788737106648267
0.8679070590738487
0.8748691207945861
0.8801061063496913
0.8718007328781169
0.8769501876200847
0.8756977427967224
0.8759500542923402
0.8734298990017995
0.8712421349319612
0.8765621598777886
0.877749446623657
0.8810141006129766
0.877201220488223
0.8782539722574703
0.878529571648501
0.8707155805587301
0.8761612355222861
0.8826330766597925
0.8688572480439563
0.8772450767617193
0.8782064813068753
0.8745425775097163
0.8747990364315239
0.8746952469288635
0.8792426433713634
0.8769382970335751
0.8744701890209932
0.880425782691042
0.8795271347402969
0.8738080417204854
0.875177594541878
0.8763287162506115
0.8738824747150766
0.8783916745955633
0.8763021701267992
0.8797448648795158
0.8703541054307411
0.8757358679632927
0.8702217577508742
0.8746954870771717
0.8759133116011663
0.8744904393648303
0.8792039989652075
0.8759635934645339
0.8760212744919958
0.8780852518446345
0.8773326919512893
0.8737913416773144
