0.5
0.5
0.5
0.5
0.5
0.5
0.5
0.5
0.5
0.5
0.5
0.5
0.5
0.5
0.5
0.5
0.5
0.5
0.5
0.5
0.5
0.5
0.5
0.5175665501912755
0.5177443378253745
0.5
0.5
0.5
0.5
0.5
0.5
0.5
0.5
0.5
0.5
0.5
0.5
0.5
0.5
0.5
0.5
0.5
0.5
0.5
0.5
0.5
0.5
0.5
0.5
0.5
0.5
0.5
0.5
0.5
0.5
0.5
0.5
0.5
0.5
0.5
0.5
0.49977857027873396
0.5109369770486627
0.49504588319012344
0.5
0.5
0.5
0.5
0.5
0.5
0.5
0.5
0.5
0.5
0.5
0.5
0.5
0.5
0.5
0.5
0.5
0.5
0.5
0.5
0.5
0.4984709627398996
0.5242287510513466
0.5
0.4999430329269682
0.5
0.5
0.494574173498118
0.5
0.5
0.49780624520344324
0.5
0.4925192438952579
0.48418162564541967
0.5136295458435917
0.5
0.5
0.5
0.5
0.5
0.5
0.5
0.5
0.5
0.5
0.5
0.5
0.5
0.5
0.5
0.5
0.5
0.5
0.5
0.5
0.5086845351979469
0.5011191170787779
0.5
0.5
0.5
0.5
0.5
0.5
0.5
0.5
0.5
0.5
0.5
0.5
0.5
0.5
0.5
0.5
0.5
0.5
0.5
0.5
0.5
0.5
0.5
0.5
0.5
0.5
0.5
0.47933880135021506
0.504101616277299
0.5
0.5
0.5
0.5
0.5
0.5
0.5
0.5
0.5
0.5
0.5
0.5
0.5
0.5
0.5
0.5
0.5
0.4849737710666696
0.4999430134554838
0.5
0.5
0.5
0.5
0.5
0.5
0.5
0.5
0.5
0.5
0.5
0.5068565392559601
0.4950815938926209
0.4936607986146273
0.5000569670730317
0.5
0.5
0.5
0.5
0.5
0.5
0.5
0.5
0.5
0.5
0.5
0.5
0.5
0.5
0.5
0.5
0.5
0.5
0.5
0.5
0.5
0.5
0.5
0.5
0.5
0.5
0.5
0.5
0.4885381625972541
0.523169606144702
0.5
0.5
0.5
0.5
0.5
0.5
0.5
0.5
0.5
0.5
0.5
0.5
0.5
0.5
0.5
0.5
0.5
0.5
0.5
0.5
0.5
0.48865747087302824
0.5
0.48935560147681606
0.5
0.5
0.5
0.5
0.5
0.49572980610075107
0.48564983398807066
0.5079690100680426
0.5123929248465995
0.5
0.5
0.5
0.5
0.5
0.5
0.5
0.5
0.5
0.5
0.5
0.5
0.5
0.5000569670730317
0.5
0.5
0.5
0.5
0.475765686594593
0.5047222309014562
0.5
0.5
0.5
0.5
0.5
0.5
0.5
0.5
0.5
0.5
0.5
0.5
0.5
0.5
0.5
0.5
0.5
0.5
0.5
0.5
0.5
0.5
0.48880723255049613
0.4855609271900315
0.5
0.5
0.5
0.5
0.5
0.5
0.5
0.5
0.5
0.5
0.5
0.5
0.5
0.5
0.5
0.5
0.5
0.5
0.5
0.5
0.5
0.5
0.5
0.4854982874245274
0.5090041725963287
0.5
0.5
0.5120193060028029
0.5
0.5
0.5
0.5
0.5
0.5
0.5
0.5
0.5
0.5255277392130605
0.509281329706116
0.5
0.5
0.5
0.5
0.5
0.5
0.5
0.5
0.5
0.5
0.5
0.5
0.5
0.5
0.5
0.5
0.5
0.5
0.5
0.5
0.5
0.5
0.5
0.5
0.5
0.5
0.5
0.5
0.5
0.5
0.5
0.5
0.5
0.5
0.49925997974264646
0.5
0.5
0.5036398824758315
0.490067433515168
0.5
0.5
0.5
0.5
0.5
0.5
0.5
0.5
0.5
0.5
0.49994303292696823
0.5
0.5
0.5
0.5
0.4851397914336606
0.5057777216595173
0.49982967643494364
0.5
0.5
0.5
0.5
0.5
0.5
0.5
0.5
0.5
0.5
0.5
0.5
0.5
0.5
0.5
0.5
0.5
0.5
0.5
0.5
0.5
0.4969655508809425
0.4999430134554838
0.5
0.5
0.5
0.5
0.5
0.5
0.5
0.5
0.5
0.5
0.5
0.5
0.5
0.5
0.5
0.5
0.5
0.513880325582432
0.5050183791990857
0.5
0.5
0.5
0.5
0.5
0.5
0.5
0.5
0.5
0.5
0.5
0.5
0.5
0.4902295920377414
0.5
0.5
0.5
0.5
0.5
0.4931639512361854
0.5
0.5
0.5046229133497264
0.5137770358478726
0.5
0.5
0.5
0.5
0.5
0.5
0.5
0.5
0.5
0.5
0.5
0.5
0.5
0.5
0.5
0.5
0.5
0.5
0.5
0.5
0.5
0.5
0.5
0.49886208644822455
0.5113398420621165
0.5
0.5
0.4948881252230378
0.5096761010725296
0.5204789066122812
0.5
0.5
0.5
0.5
0.5
0.5
0.5
0.5
0.5
0.5
0.5
0.5113224410455051
0.50905000198025
0.5
0.5
0.5
0.5
