0.5008499559945758
0.5019605327290535
0.5031919005488801
0.5042766008726147
0.5050357694800984
0.5057910695641761
0.5065484138847024
0.5072825405956896
0.5081435328794472
0.5089439290783475
0.5098689396022837
0.5110377835446521
0.5119970673746176
0.5129285922849585
0.5137879996385584
0.5144505780738406
0.5148598523243589
0.5151191533673128
0.515049688142673
0.5145680116948956
0.513783930572969
0.5133606830606494
0.5128192126967475
0.512352874491438
0.511840845013859
0.5116031637120809
0.5114994251814118
0.5114160578551001
0.5114799531823275
0.5116189871372503
0.5119036858773485
0.5122934945978852
0.5127266204300058
0.5131273489958762
0.5137994499503121
0.5145077972870964
0.5153684919921306
0.5163046229035837
0.5173850148049297
0.518690376221276
0.5200559132308055
0.5214767416609902
0.5232789560400148
0.525038687821702
0.5271775866500077
0.5291421690373427
0.5310145990569186
0.5328494241825823
0.5345831566405753
0.5363360182352102
0.537902873720321
0.5392467004212369
0.5404570307191292
0.5416437229158078
0.542625823270946
0.5436591265738422
0.5448458381778287
0.5457294658518841
0.5469139908991628
0.5478607117317126
0.5486791631962087
0.5494120025557614
0.5502484122493132
0.5508918680170565
0.5515417152582534
0.5523529536732549
0.5528587339976394
0.5534673342401117
0.5539934469542378
0.5541340529011131
0.5541756686386907
0.5541823706290732
0.5543735843662593
0.5545616799959509
0.5547627655838354
0.5550259222119901
0.5551755654953174
0.5553043135769697
0.5555070487860392
0.5557104309053773
0.5559519677923561
0.556009613966389
0.555975974632423
0.5558023892000555
0.5555401641226877
0.5552908901888968
0.5550390933050583
0.5547041749208104
0.5544934050862051
0.5543181700326529
0.5541121291121109
0.5538684897667594
0.5535793985059374
0.5534464519766421
0.5532639327134656
0.5531681382408947
0.5530726607543553
0.5529928773109317
0.5528940941129199
0.5528048399031642
0.5527582429565187
0.5527444896442086
0.5526815452750762
0.5526856337479735
0.5526897675045898
0.5526738405737773
0.5526553777547121
0.552645971679407
0.5526777479117996
0.55270248576047
0.5527490438924995
0.5528024204587598
0.5528790793255862
0.5529550265911172
0.5530316854579437
0.5531118829239392
0.5531980901863298
0.5532781776775797
0.5533430951230315
0.5533931983233328
0.5534572812545381
0.5535304662132221
0.5535917933066834
0.5536397875795092
0.5536502869331682
0.5536771789930329
0.5536978671834221
0.5537233166333879
0.5537616525359037
0.5538031971133519
0.5538339382893147
0.5538559332384463
0.5538753276082983
0.5539174673431934
0.5539624405450648
0.5540175184853315
0.5540496699256798
0.5541194197908379
0.5541491711940898
0.5542069338119711
0.5542686619897987
0.5543175231223842
0.5543668888449795
0.554424276254905
0.5544995054500379
0.5545693458826335
0.5546102241425049
0.5546705873396659
0.5547260404878883
0.5547860026006828
0.5548211168900612
0.5548839448153453
0.5549348372461744
0.5549969665083686
0.5550554148511346
0.5550987060863077
0.5551633388912413
0.5552239931980231
0.5552565198463273
0.5553049928327518
0.5553674843646963
0.5554255704377119
0.555473331822841
0.5555220247587568
0.5555769086259429
0.5556089889061616
0.5556536386528989
0.5556974409471843
0.5557301551994662
0.5557780006829303
0.5558154891329943
0.555857493016733
0.5559143176147249
0.55595645734962
0.5560025691135642
0.5560328121686202
0.5560850631110132
0.5561241882440568
0.5561787292488005
0.5562308831546532
0.5562877465672612
0.5563529033695123
0.5564285142417037
0.5564851382975122
0.5565325762275071
0.55660397571385
0.5566494340984229
0.556685913368468
0.5567325814752431
0.5567812291274401
0.5568384612789012
0.5568955769865139
0.5569562312932957
0.557027540212201
0.5570787884436778
0.5571228559711733
0.5571962220647326
0.557255957758933
0.5573183393161321
0.5573813354380861
0.5574545980260024
0.5575100447051222
0.5575697157082958
0.5576099858725148
0.5576539369561619
0.5577175541119739
0.5577559417673112
0.5577891023876785
0.5578524931248964
0.5578998663638643
0.5579379240949647
0.5579948004457781
0.5580352582139749
0.558090905435278
0.5581630488684297
0.558223839026368
0.5582913376437914
0.5583438926340105
0.5584119087796487
0.5584698201868918
0.5585077226595279
0.5585685451629794
0.5586143464099946
0.5586574047574713
0.5587066799126288
0.5587612273864753
0.5588170686808589
0.5588626887929989
0.5589113752598122
0.5589606180694562
0.5590297598389617
0.5590975236895952
0.5591654945515148
0.5592336206718986
0.5592920754837672
0.5593645359029507
0.5594623099209435
0.5595352555228281
0.5596270779663501
0.5596933733306739
0.5597844647655923
0.5598615117785799
0.5599187503991436
0.560017132512789
0.5600796563902469
0.5601437781360683
0.5602250947568285
0.5602906914580623
0.5603911954373885
0.5604480717882019
0.5605101557666772
0.5605873645072319
0.5606525277785857
0.5607227822337533
0.5607929849360992
0.5608491820311305
0.5609018664034036
0.5609848002998352
0.5610344894775646
0.5610970586387414
0.5611653270793844
0.5612155143780206
0.5612692014612098
0.5613356456148955
0.5613816021203752
0.5614306961406575
0.5614829470830505
0.5615504651077821
0.5616447975631459
0.5617154078189612
0.5617678334271267
0.5618467241343797
0.5619170368114714
0.5619692101246322
0.5620561031119076
0.5621035798565184
0.5621556755404469
0.5622471939361426
0.5623131658453322
0.5623768024084521
0.5624749645726062
0.562542288524257
0.5626332958608403
0.5626949399403331
0.5627873704795074
0.5628429206642702
0.562938081164778
0.563009991710233
0.5630743528128539
0.5631299094667193
0.5631882672420476
0.5632248306104276
0.5632922321913107
0.5633480734856944
0.5634299076346694
0.5634933113100926
0.563543990260533
0.5636268012440137
0.563705374965235
0.5637638685917198
0.5638657052061993
0.5639036853080674
0.5639915486607456
0.5640548358923206
0.5641277103340758
0.564209318064457
0.5642616013523634
0.5643523434557367
0.5644121050263479
0.5644747647549623
0.5645421210521266
0.5646165674858344
0.5646783344782782
0.564763079723462
0.5648272144074886
0.5649194573426851
0.5650125930140523
0.5650903322210272
0.5651971759209855
0.5652695845873473
0.5653600420502025
0.5654436681406215
0.5655161091524968
0.5655823527639993
0.5656688770124214
0.5657628860126511
0.5658374682975154
0.5659204151321524
0.5659991570500437
0.5660854872253853
0.5661498547971088
0.566241813091787
0.5663000608923698
0.5663749213486496
0.5664416695501614
0.5664962429004186
0.5665480668820343
0.5666218922818844
0.5666718078782078
0.5667368223601998
0.5667865503525454
0.5668330373244453
0.5669118439333635
0.5669974495692043
0.5670462460107631
0.5671093521074628
0.5671864444041693
0.5672373238967928
0.5673164604299479
0.5673807374342338
0.5674204383174164
0.5674789966349281
0.5675451367407874
0.5676099636188016
0.5676650415590683
0.567720837569733
0.5677866348131501
0.5678211604141841
0.5678863236855378
0.5679338327756622
0.5680231387382393
0.5680750597563953
0.5681207380904596
0.5681788759162967
0.5682774132884063
0.5683494467468124
0.56841543806331
0.5684709753098675
0.5685766222258288
0.5686449877030121
0.5687080355777877
0.5687656041225884
0.5688586751029285
0.5689029561108128
0.5689927084414752
0.5690701112551104
0.5691533168538548
0.5692352156938568
0.5692877836222814
0.5693927900970769
0.569478576867793
0.5695538448775419
0.5696238146921913
0.5696688202395762
0.5697888544399108
0.5698496251905409
0.5699225384469123
0.5700166832982984
0.5700671811138636
0.5701445903966015
0.5702234228819304
0.5703052117471867
0.5703488199683915
0.5704338239776825
0.5704732725658604
0.5705667640378752
0.5706597315125724
0.5707261303825393
0.5708082362338271
0.5708398248622417
0.5708796486583755
0.5709244989472958
0.570972195641398
0.5710349653447582
0.5710535446076717
0.5711171488252782
0.5711596831754372
0.5712016482445599
0.5712353134549366
0.5712972939277691
0.5713638609944056
0.5714198575472537
0.5714706852870559
0.5715434368158601
0.5716113171103419
0.5717005713200974
0.5717703147161528
0.5718489013755796
0.5719257155008706
0.572061314362267
0.5721320604692387
0.5722815355558962
0.5723735391342933
0.5725082646668274
0.5726538971064894
0.5728187557193337
0.5729702038823103
0.5731312716009809
0.5732974434416702
0.5735049463794193
0.573675885948788
0.573879992607627
0.5740214783524675
0.5742019080954766
0.5744128461267517
0.5746145656866994
0.5747702122973191
0.5749179342571488
0.5750064186436847
0.5750760779414053
0.5752147302192695
0.5753993842863322
0.5754548115581439
0.5755913678467379
0.5757573973671684
0.5759078428192287
0.5761034361389331
0.576293459561225
0.5764604853234692
0.5766516602460391
0.5768922008912043
0.5771279802767928
0.5773269116534829
0.5775711267489736
0.577781566659342
0.5780177406601942
0.5782526855315362
0.5784917124066729
0.5787993441157921
0.5790170682357846
0.5792129073813911
0.5794031248767636
0.5796211271681715
0.5799076696025353
0.5801546081902565
0.5803799270368022
0.5806358188626406
0.5809321684566761
0.5812028874658703
0.581529286041881
0.5818991699261455
0.5821971820795713
0.5825106165737997
0.5829336117911144
0.5832815524790689
0.5836467592020915
0.5839570303051066
0.5843290813387709
0.5847129837685556
0.5850562667025763
0.5854180253938674
0.5858662177661432
0.5861781190830353
0.5865718222033888
0.5870323770308972
0.5874623718173179
0.5878808451318553
0.5884359006113975
0.5888759548524947
0.5892853132013478
0.5896844244915467
0.5901928442098271
0.5905335006881572
0.5909046913311644
0.591254333393125
0.591470336731803
0.5918086061112423
0.5920280510125492
0.5923229256511722
0.5926704717238627
