0.5068949895919901
0.5076180476682818
0.507983843079649
0.5097866396779154
0.5120634468372764
0.5138897586238055
0.5157506283568821
0.5174120750614642
0.5186583800393922
0.5197560638522172
0.520927288424374
0.5217144164936657
0.5226525851724647
0.5233993395718944
0.5241620338403419
0.5250962693047081
0.5260811966577199
0.5273599894693358
0.5287076264717339
0.5298799313840392
0.5309805715767915
0.5322904548959152
0.5336479508108063
0.534995820700901
0.5363307071019051
0.5375427387738039
0.5389410223811287
0.5400581781930378
0.5411139422204589
0.5419547379656318
0.5426413555864946
0.5433371722713765
0.5440857574268663
0.544982717921557
0.5457401592786236
0.5465045031682559
0.5472263579914481
0.5479733711549853
0.54868591047031
0.5494855303768877
0.5500044623870326
0.5504684199625537
0.5509859352392104
0.5515425691798079
0.5520589523634943
0.5524969882445535
0.5528297265411963
0.553181555159865
0.5534584262857134
0.55368569880127
0.5538747453890565
0.554003778111227
0.5540346357310381
0.5540558091041287
0.5541130218482816
0.5540941385375417
0.5540059970134481
0.5538679528312365
0.553818509479409
0.553761872485395
0.5537784075118599
0.5537924389955854
0.5538107400870835
0.5538234259974503
0.553820075002259
0.5537967668252821
0.5537572923606936
0.5537258072379219
0.5536604563625902
0.5536256590592434
0.5535945103298114
0.5535755299825313
0.5535500934707709
0.5535348263884325
0.5535727288610685
0.5536255555536005
0.5536816685502968
0.5537565160683713
0.5538638255437229
0.5539333878049031
0.5539811621282376
0.554004457367009
0.5540114698743204
0.5539997672675618
0.5540062945921717
0.5540163411086427
0.5540331478374204
0.5540595029617623
0.5540517076930258
0.5541061451921266
0.554120901215353
0.5541446492913124
0.5541340011482916
0.5541416346894608
0.554135599016655
0.5541283730289549
0.5541193874453244
0.5541024772109038
0.5541143868289483
0.5541385683347877
0.5541638625262891
0.5541791813614491
0.5542174461038354
0.554248044959539
0.5543078194683557
0.554320246614615
0.5543457154718889
0.5543900029488757
0.5544130264853344
0.55442845529524
0.5544899893999871
0.5545352278350687
0.5545848846672847
0.5546483077500161
0.5546741388770404
0.5547381053643974
0.554826926144273
0.5548655337491017
0.5549289438936276
0.5549899475319544
0.5550746280861112
0.5551045994388545
0.5551794016732101
0.5552445584754613
0.5553450753929928
0.5554341872824894
0.5555191460080616
0.5556026815310431
0.5556726901603085
0.5557429187390653
0.555813664846037
0.5558694996713178
0.5559156761262889
0.5559841774546286
0.5560297652212551
0.5560826501357115
0.5561261483821706
0.5561516948686767
0.5561983500372465
0.5562585062231215
0.5563029554276755
0.5563497787929151
0.5564093462904458
0.5564570235772399
0.5564952559741128
0.556560969119195
0.5566138863791645
0.556682724100844
0.5567413729857932
0.5567946913301293
0.5568644282570819
0.556959996311059
0.5570147249197805
0.5570912414663479
0.5571678421112503
0.5572455101580955
0.5573127500114115
0.5573768846954383
0.5574560535741068
0.5575386381389933
0.557622561808136
0.5576783836952115
0.557752487266477
0.5578173982428261
0.5578907966818989
0.5579504547468671
0.5580072469993456
0.5580844945545164
0.5581544449618576
0.5582366607878911
0.558295937175801
0.5583894092405076
0.5584515514409072
0.5585367753996896
0.5586180596749364
0.5587132783973683
0.5587967104147067
0.5588678187914288
0.558960333428938
0.5590076355077764
0.5590962880909822
0.5591682503892588
0.5592608620633084
0.559333833541604
0.5593993784900162
0.559469173638893
0.5595449333004462
0.5596390393372161
0.5597086210057043
0.5597829962792827
0.5598714353820999
0.5599433718039657
0.560011633775506
0.5600945223882188
0.5601642722533768
0.5602477172089206
0.560318903214875
0.560402322294008
0.5605015389218997
0.5605999792574692
0.5606940206032123
0.5607799108795712
0.5608676125046823
0.5609844250918794
0.5610804395139416
0.5611593108138866
0.5612661156992287
0.5613700030192597
0.5614528916319724
0.5615415312769729
0.5616553551387291
0.5617367882033377
0.5618370981095833
0.5619449315822524
0.5620400079844252
0.5620948336296873
0.5621864425928205
0.5622927946409747
0.5624040179234512
0.5625232176095393
0.5626126464850674
0.5627123418265578
0.5628105880890468
0.5629113249560697
0.5630089178391873
0.5631039295503332
0.5631999180959847
0.5633099445944644
0.5634230115712063
0.5634737293362628
0.5635779336423252
0.5636838328532914
0.5637637262714608
0.5638537632426412
0.5639691914418636
0.5640587432303428
0.5641465354228914
0.5642334413483721
0.5643424392595247
0.5644510037407975
0.5645210641228844
0.5646412794580942
0.5647720847144005
0.5648648904615305
0.564966009005612
0.56504455038132
0.5651418715621248
0.5652354859470906
0.5653367468114311
0.5654366038804887
0.5655426712881246
0.5656426059864144
0.5657469202672226
0.5658230745440396
0.5659175363814573
0.5660180985827076
0.5660930237300142
0.5661983083762252
0.5662816821716394
0.5663870250397746
0.5664771072946739
0.5665756252594757
0.5666600729259358
0.5667738644421786
0.5668504133342593
0.5669429667863848
0.5670642883381538
0.567134982692304
0.5672385077425844
0.5673654056608685
0.5674434489156697
0.5675528996640103
0.5676663547869135
0.567765843117118
0.5678594445638785
0.5679699433068542
0.5680603037331691
0.5681620562493136
0.5682443302972714
0.5683438897876054
0.5684594538379841
0.5685409580627222
0.5686509910303045
0.5687449870923288
0.5688681135237471
0.5689405415974171
0.5690477928508445
0.5691243934957468
0.5692198645131835
0.5693053084214572
0.5694465095257795
0.5695313970912224
0.5696171773928357
0.5697171897203578
0.5697934669101258
0.569906508010457
0.5699914408596185
0.5700982910286794
0.5701894212782139
0.5702941754580046
0.5703775104388029
0.570487219951251
0.5705547250377769
0.5706709424675269
0.570767577923447
0.5708652484357968
0.5709555506401875
0.5710491844324614
0.5711304816459136
0.5712050962762913
0.571338366260721
0.5714038206416957
0.5715279433149276
0.5716189377133057
0.5717011276629286
0.571812350945405
0.5719292735073477
0.5720389118596662
0.572136252447779
0.5722510531440408
0.5723557620401127
0.5724502174084278
0.5725741136630658
0.5726774705166764
0.572783997230603
0.5728980345727479
0.5730150153566147
0.573118915614851
0.573231361557735
0.5733342785123631
0.5734339285701348
0.5735400347923869
0.5736679807053061
0.5737704254154381
0.5738612322098382
0.573954044426071
0.5740723060922697
0.5741845450238678
0.5742935235277125
0.5743992157273926
0.5745048367669432
0.5746144427737483
0.5747203807993306
0.5748411395391659
0.574954141824881
0.5750589865721094
0.5751641741817801
0.5752639471525028
0.5753719100072258
0.5754997782909127
0.5755798075602385
0.5757141061319953
0.5758292496906993
0.575969680971802
0.5760976851066455
0.5762104027518424
0.5763364855631882
0.5764164113268709
0.5765678853662584
0.5766707182225514
0.5767852342782951
0.5769031466129486
0.5770200174220699
0.5771485778997443
0.5772507767839741
0.5773820090010577
0.5775099613830796
0.5776190304543618
0.5777403261297201
0.5778420268930431
0.5779803945303892
0.5780832079793742
0.5782090126193045
0.5783110044922484
0.5784353341767663
0.5785723109570349
0.5786776602942728
0.5787735065196652
0.5789130644719054
0.5790233820800059
0.5791445483733104
0.5792834658843848
0.5793712451387281
0.5794993980629333
0.5796155896162725
0.5797452951251223
0.5798320005084197
0.5799416453298409
0.5800694553916037
0.5802124484373702
0.5802857563090054
0.5803973353921296
0.5805210828574057
0.5806458459718036
0.5807703632602994
0.5808835660881978
0.5809821163985128
0.5811143966102316
0.5812203928577381
0.5813429111935039
0.5814171312086178
0.5815664316295027
0.5816710823036506
0.5817774537591127
0.5819101415243007
0.5819778859676261
0.5821479910227486
0.5822287577697804
0.5823538766848261
0.5824468376904206
0.582600698828699
0.5827181453879593
0.5828249373350961
0.5829305648437495
0.5830413288199352
0.5831696240643995
0.5832545051607396
0.5833704897027928
0.5834902069170957
0.5835916812618249
0.5837480071282266
0.5838520691140299
0.5839870210651579
0.5841132461967627
0.5842486186395653
0.5843960365515688
0.5845279156789209
0.5846564567492872
0.5847859940614673
0.5849166958121306
0.5850465695176503
0.5851394981777314
0.5852658074076712
0.5854237893643605
0.5855539024266795
0.5856792089457029
0.585786654272211
0.5859183846102014
0.5859884385231856
0.5861405659419443
0.5862833131618086
0.58639009217074
0.5865193060277858
0.586666439299271
0.5868040694589107
0.586940826289688
0.5870770655922505
0.5872000561725124
0.587335635626601
0.5874685821558963
0.5876101131844557
0.587764821775186
0.5878543994400759
0.587970985608679
0.5881398033123668
0.5882500238839271
0.588379703516366
0.5884820900045739
0.5886125976821568
0.5887382923473413
0.5888715882081816
0.5890246859923433
0.5891155316013597
0.5891761665008334
0.5893120047190292
0.5894568091135477
0.5895777554573609
0.5896934812353067
0.5898317388979071
0.5899386861035083
0.5900589402533342
0.5901842661796657
0.5902773112835952
0.590399583793459
0.5905310100836232
0.5906177154669207
0.5907632508700426
0.5908610895790622
0.590993596209375
0.5910938931774152
0.5912499344032988
0.591399868796247
0.591547150857094
0.5916566274818454
0.5918107603224367
0.5919431116942849
0.5920491791019209
0.5921816404485148
0.5922732752880587
0.5924040158533382
0.5925625800292693
0.5926500358284783
0.5927329050338831
0.5928915597772517
0.5930273721190369
0.5931336918216775
0.5932448180676139
0.5933577491931994
0.5935002894017778
0.5936581807910295
