0.5394071471060495
0.5424781013111163
0.5454959571213382
0.547326849032569
0.5483764868197467
0.5496164520770426
0.5519523415512329
0.5537162588423576
0.5550910531378305
0.5568298250268158
0.5596449779734817
0.5617979018164102
0.5644941009028901
0.5669593142088717
0.5686618009008925
0.56989851866864
0.5720131777691821
0.5744453339604394
0.576530649211199
0.5787234291957746
0.5817027550304001
0.5846612180088641
0.5880361165345193
0.5931131330133421
0.5978003795862445
0.6026489332346165
0.6077794815381643
0.6123256499196952
0.6183504158183948
0.6236429116385782
0.6295313994200993
0.633319725360197
0.6371250197566396
0.6398820219392631
0.6433029222541169
0.6466041700456946
0.6490775991120872
0.6511602102779241
0.6529687967230942
0.6546051433092555
0.6562192038366643
0.6579075102555978
0.6594718427906611
0.660630944264385
0.6618015736790946
0.6629782064210967
0.6640122148561857
0.6652476258651907
0.6664733073437563
0.6678566732002879
0.6690942060749738
0.670290149088493
0.6714110763872679
0.6722920517292221
0.6734104043251281
0.67460408962181
0.6755135290155816
0.6764594800249117
0.6774289720989154
0.6782386514601696
0.6792062610252918
0.6799151388284962
0.6804963618284023
0.6818177536812041
0.6824588094118509
0.6831864411437415
0.6841252632019119
0.6849710207488446
0.6852701779334456
0.6859735699375726
0.6868572040807307
0.6875104087862214
0.6884741433588346
0.6887363296215865
0.6891825230411325
0.6900980110459152
0.6907482205568625
0.6907052269004127
0.691785547641629
0.6919731451504139
0.6927393844871332
0.6928631254833066
0.693616620687735
0.6941544748232358
0.6945335771788275
0.6951478831698685
0.6956879303311798
0.6962303128385605
0.696352818236121
0.6968304644329252
0.6975718365389203
0.6974249232169264
0.6986875562100333
0.6990046134017658
0.6994220257834627
0.6998882928286425
0.7002165350989188
0.7007853244834629
0.7013125692905589
0.7016944145456895
0.7021425875106573
0.7025148455556074
0.7031801021994017
0.7035212956132548
0.7037681695099494
0.704189359847615
0.7046117728456878
0.7050276520500482
0.7053314734576857
0.7057304359585228
0.7062170742080601
0.706659955447031
0.7069243088591826
0.7071411208356962
0.7078250149643284
0.7080675222167101
0.7084859761239394
0.7088685653258786
0.7091907913306571
0.7096740979923115
0.7098409296814748
0.7103211376429426
0.7106167303519637
0.7110334699469814
0.7112455659476371
0.7117309168457401
0.7121631628798955
0.7125308602074523
0.7128686055895739
0.7131430249255044
0.7135432165558518
0.7138281934673656
0.7141721362498601
0.713954302155122
0.7148281356077112
0.7151939698336944
0.715464785879429
0.7157982034318539
0.7158587089492738
0.7164200718039346
0.7168957966772411
0.716749730807699
0.7173319694567267
0.7173680347042
0.7180153654644521
0.7183130088790246
0.718628584646242
0.718864765116197
0.7191021617774569
0.7194288061793697
0.7198553011812374
0.7200137359751148
0.720303396516973
0.7205528063019204
0.7207274850126417
0.7208071067284981
0.7213308323437331
0.7217112285198619
0.7216932573526009
0.7222373347648854
0.7225531240124914
0.7227759393162976
0.7230211312462937
0.7233415523714231
0.7234238264193806
0.7236079758964338
0.7239995118673879
0.7242920640981465
0.7247114495561626
0.7249125868968687
0.7252241194749075
0.7255000978645854
0.7258157641992407
0.7261304407611846
0.7263092726358302
0.7266045095442035
0.7265919982996094
0.7272069253245083
0.7275393466351197
0.7278100656443139
0.7280111835777119
0.7284755487067022
0.7285961715953811
0.7289776222352479
0.7293412246208046
0.7297381622925009
0.7299359356998103
0.7303664221380353
0.7306614908497389
0.7307786204229676
0.7312078065715526
0.731569888717978
0.7318293126738831
0.7321393767656121
0.7325510898678429
0.7327217059820774
0.733063966797874
0.7333825701051484
0.7337597446681398
0.7340628350671736
0.7343806167984069
0.7346768305412859
0.7350184509159163
0.7354147675537549
0.7357190223912722
0.7361271839561284
0.7365177366234742
0.7369477766936137
0.7372036297048361
0.7373425278086023
0.7377103027653913
0.738012202849531
0.7384856182531788
0.7385602716981725
0.7385989375249256
0.7393320938705097
0.7398549008731632
0.7399641510793206
0.7403518961561006
0.7408451522976855
0.7407273111231614
0.7414223579848238
0.7418123931239546
0.742014364978907
0.7422402660446945
0.742306173262857
0.7429902291190562
0.7431044281887682
0.7435787816123054
0.7437087200088518
0.7440950418830408
0.7444562312932957
0.7448931868342064
0.745107695810164
0.7454349418386266
0.7456255604183657
0.7459976632048515
0.7463992650995843
0.7463955000818213
0.747204448434472
0.7473155811495109
0.7476711553786345
0.747704354813618
0.7483333391986531
0.7484886688232413
0.748772203124856
0.7491278679214173
0.7494411277498731
0.7494175349323782
0.7501755520395839
0.7502867171001362
0.7505817728736344
0.7509904778431163
0.7514099668067753
0.7516015945665333
0.751898474626989
0.7518423357538817
0.7522850358579775
0.7526019183839374
0.7526996665255195
0.7529245066584662
0.7532514939228215
0.7536275299237403
0.7530687547101536
0.7544302549996071
0.7547938832615745
0.7548406548739928
0.755158747122155
0.7555510076326096
0.7555941177329076
0.7551423414777438
0.7558540268715142
0.7563837946286575
0.7567303962123559
0.7570101331506942
0.7570694095386039
0.7572009005197949
0.7573168203708214
0.7577535042094192
0.7580583218588701
0.7582433834794022
0.7586132414872561
0.7582293455265742
0.7587257391829616
0.7593360149230296
0.7595801588583906
0.7596341111747901
0.7597965632814352
0.7601076430222861
0.7603145637407933
0.7605663476864264
0.7604804185954511
0.7611307510193495
0.7612648878635389
0.7613090459584722
0.7615498841823607
0.7617366213004884
0.7620701941113777
0.7620121145074648
0.7625031970305474
0.7623313776632131
0.7627375273371341
0.763172050495435
0.7630395891488411
0.7634408223047209
0.7633882737836042
0.7637991976553075
0.7639698655223635
0.7642951837582257
0.7643374399369693
0.7646048467655884
0.7649602786744529
0.7649566106932301
0.7654066014760526
0.7656243644106611
0.7657413063799118
0.7659827656376585
0.7662268901657115
0.7664782471505673
0.7664204327798646
0.7667591549964917
0.7670534344776676
0.7672835339910979
0.7672112935214058
0.7676014321661796
0.7678573757448396
0.7679711219773635
0.7683173030693874
0.7685210603966812
0.7685575784813424
0.7687138331876147
0.768203401578399
0.7692484139571564
0.769610017389983
0.769691709218699
0.7699780899254957
0.770239376982974
0.7702878758458094
0.7705571263686939
0.7705960638977596
0.771057834916573
0.7708263316078598
0.771483683008172
0.771597164007486
0.7715775496881427
0.7720282003194391
0.7723498182285651
0.7725663908482794
0.77272729037028
0.7728114469271193
0.7732299719944782
0.7731635472481007
0.7736206605129802
0.7740063807606196
0.7741942952554358
0.7745300028702116
0.7748324787044902
0.774926668839595
0.7754507826009912
0.7753492565034407
0.7758079158838622
0.7763713423822796
0.7767626907492556
0.776828973175374
0.7772176303956329
0.7775378833240919
0.7773518060544384
0.7781247473815401
0.778187749972597
0.7784803410179718
0.7788212562604095
0.7791071194389911
0.779187168115625
0.7795026145007887
0.7795102415728552
0.7798108025527389
0.7801361531341146
0.7801541501777866
0.7805264793828662
0.780754140044584
0.7810628650320572
0.7812771087748047
0.7811312952002674
0.7817094906601165
0.7819755842608905
0.7822134919812626
0.7822501523861828
0.7824838487207065
0.7828552787205129
0.7830537896055285
0.7831252602520011
0.7832456825984967
0.7834329889976606
0.7837578414581295
0.7837638577236273
0.7841414139636771
0.7842097600335524
0.7841709777629512
0.7846032237971067
0.7847958542677809
0.7848955948929903
0.7850783729202739
0.7850542625745642
0.7853193599335245
0.7852681634548694
0.7857241510958816
0.785655604483823
0.7859823135767628
0.78608746884092
0.786343308913937
0.7863779574279219
0.7866839007012404
0.7867875939481905
0.7868653719697818
0.7869697703489248
0.787276373470717
0.7874205115476589
0.7874117976663412
0.7876989999491787
0.7879037793946969
0.7876345224027097
0.7876931001275292
0.7882381996580381
0.78833811494902
0.7884996743194944
0.7886126766052095
0.7884375515264028
0.7888724046089406
0.7890112186143718
0.7891464875515317
0.7892359811180865
0.7895481735445995
0.7897612269724528
0.7896808419024792
0.7897669909429457
0.7901814986975368
0.7902750936751946
0.7903134489850185
0.7903221369899255
0.7907944591152192
0.7909766678614668
0.7909778322999502
0.7912799523335813
0.791420487120327
0.7913678609699784
0.7914291039651046
0.7916792059440393
0.791956879238621
0.7916394209625218
0.7922002921653784
0.7920618792443136
0.7925525800903378
0.7925211208439767
0.7925414726410263
0.7927368136657258
0.7930334479002794
0.7931894309042388
0.7933527498706439
0.7933730757912825
0.7933928906528092
0.7934222539098997
0.7936734168216751
0.7939176901390899
0.7938337211862284
0.7941071766258588
0.7942462623336031
0.7942936355725709
0.7944434729289789
0.7943094913432538
0.7946294014092707
0.7949787264851998
0.7950488515583136
0.7948135120717079
0.7952614650871843
0.7954294612148314
0.795603059585404
0.7956141476274075
0.7957330885493881
0.7958987816764789
0.7958164041228781
0.7960260612718214
0.7961098232133968
0.7964486812811805
0.7966796217779598
0.7964039991889299
0.7967859802952167
0.7970298848737787
0.7971119454413477
0.7969370338429296
0.7972483011877582
0.7973991089095691
0.7973395802266545
0.797598253766648
0.7979755447734878
0.7980389613871164
0.7981170693329445
0.7983382091391549
0.798318937682254
0.7982878859893624
0.7985829158864498
