0.5491164615995616
0.5570507578217403
0.6017488416942259
0.6255469820393903
0.6473310772380845
0.6557702028265529
0.6677357074491665
0.6704631134870026
0.6740535560450452
0.6776917664573197
0.67990404431739
0.68184729807317
0.6830337703203573
0.6853190002514152
0.687493162158461
0.6899280289037437
0.6920598311264033
0.695308517458659
0.6978332271020418
0.7030686654365366
0.7083062579822258
0.7142793551577742
0.7191411963430628
0.7273254781003278
0.7296263115070638
0.7332700012493131
0.7370798498940465
0.7373517850945458
0.7413819778458591
0.7439173615086734
0.7459812704986457
0.7471099607206436
0.748393437162604
0.7443678374741973
0.7506358610411902
0.7524408506652671
0.7525098436454107
0.7582511722790359
0.7616981754232268
0.7672756869695401
0.7701993397064517
0.7724135130136093
0.7699552216475014
0.7736151035537732
0.7731800369908468
0.77674526298662
0.779175103239116
0.7757043649571709
0.7803758010431091
0.7818225123531397
0.780473245136865
0.7860012615785293
0.78736065940961
0.7849815433912735
0.7843854220478819
0.7858007323334758
0.7894583241773966
0.7903903407395416
0.7906637703027614
0.7911070202805851
0.7962198949955952
0.7925675754703634
0.7976115218962565
0.7960566342511144
0.8007829089205201
0.8010017521952769
0.8019210957852605
0.8047941989537857
0.8077247865687767
0.8072452772703989
0.8078004621319947
0.8103180104787044
0.8087055219432481
0.8098496991970757
0.81135025284876
0.8126705902378238
0.8143727599438131
0.8153214667908874
0.8145386018602654
0.8139923314221709
0.8161396918367894
0.8128691916902772
0.8170988462847012
0.8193835004656201
0.8206502219316244
0.8208033261848886
0.8187015858824099
0.8210913241673566
0.8211249570322199
0.8230031833678025
0.8221752352605636
0.8212681959038883
0.8228162651147997
0.8251513136056409
0.8188340472290038
0.8242921391397378
0.8253094055370759
0.8274095091565751
0.8270682251752841
0.8264006073090095
0.8278280859767553
0.8279004040756797
0.829399967954653
0.8301560055164368
0.8287368073001287
0.8289097781677411
0.830595956251891
0.8304917390076231
0.8299156654134549
0.8317466155466097
0.8325370557964765
0.8324775141753565
0.8310284804574618
0.832749630510731
0.8355552544691408
0.8334322955098528
0.8360702015120312
0.8361348666624782
0.8365855108246718
0.830774057117933
0.8373719272926681
0.8317451147147866
0.8367065347977173
0.8389084879699014
0.8380415441116726
0.8388259034050148
0.8389505953592832
0.8373485156100482
0.8410312140414927
0.8388282710965977
0.8416978550732618
0.8377167304658198
0.8412628014485408
0.8411811290271328
0.8393331328084009
0.8417435075309154
0.8427508115101174
0.8439172683535948
0.8417746562603474
0.842383062429739
0.843231944553269
0.843707371847852
0.8442017859588178
0.8440965465963256
0.8451555322368842
0.8441319972790435
0.8419476918189864
0.8458306542622743
0.8463562494481855
0.8466014155017709
0.8464001034952924
0.8469902538569049
0.847701570511822
0.8470798444600002
0.8453285936719339
0.8470185949957714
0.8427033994565333
0.8474804177674059
0.8447882683392074
0.8461469028161712
0.8496940541390405
0.8500801754710463
0.8479521770807661
0.8467398413610412
0.8498200593211541
0.85006515421461
0.8505674670999551
0.84995772829541
0.8500025656461252
0.8469847874651354
0.8521992012159015
0.8523907384082219
0.8521305705055081
0.8526425935139844
0.8538524839128944
0.8534580885985532
0.8534371739895702
0.8518832114261121
0.8523627142553871
0.8522457528788283
0.8520551666446027
0.8547502530454207
0.8534337971179683
0.8533231107710145
0.856268176237816
0.8563928358465711
0.8522809512665416
0.8565629926545151
0.8565022865949118
0.8573012143075024
0.8571300612577446
0.8573070494381249
0.8576187631510389
0.8552207444146545
0.8573400742073358
0.8584617972057411
0.8531791797053587
0.858339589386904
0.8546457188151211
0.8562165139837676
0.8581188377268546
0.8542203623753262
0.8593610801082958
0.8600642068792127
0.8593446615256793
0.8594538017570912
0.8588832074928976
0.853421984536464
0.8612204231331386
0.8607167193907161
0.8599394631721229
0.860756310299153
0.8623854632431278
0.8595523520674062
0.8614547728470334
0.8566565488175566
0.8600960283953242
0.8610644983511033
0.8604119987778053
0.8585311201101218
0.8599786724035013
0.8618566464440791
0.8625189467079463
0.8616312823138148
0.8626593909272542
0.8606598301016976
0.8641660190663605
0.8634553363835067
0.8623411434206276
0.8612622523511047
0.862948857396032
0.8633278885914943
0.8637534520425753
0.8636098056174375
0.8656637715965818
0.8646815095138765
0.8641966761439883
0.8661368311995817
0.8664543671049131
0.8656412203046191
0.8661723401042241
0.8667235464676681
0.8671713701010908
0.8647297496126042
0.8668220450251617
0.8641751210938393
0.8675499484593651
0.8673386158128262
0.8676327335664349
0.8672058957021249
0.8687610485804771
0.8648285392797188
0.8684142788001086
0.867053399544513
0.8678706930396284
0.8671694487775932
0.8678495778884623
0.8688157189672745
0.8707187349043488
0.8695263563664096
0.8691571064542082
0.8688675947017118
0.8704474272068103
0.8694524403991217
0.8701649150234197
0.8693550027744688
0.8709772984695966
0.869029755698736
0.8684956277663822
0.8700355135623962
0.8697251324846353
0.8663297657180823
0.8717064180951049
0.871418232508659
0.872387944532154
0.8702713899845249
0.8720568170420798
0.8730595603038885
0.8728394102703888
0.8683858470938048
0.8720894989488484
0.8684033072019537
0.8733952226349452
0.8725234204805995
0.8725990184145855
0.8732704853969582
0.8717177066792917
0.8725726115374222
0.8742514924737423
0.8732087636882332
0.8724809443523647
0.8741114881534169
0.8749719111561384
0.8741933675861107
0.8739450575486198
0.8744950865353752
0.8730672779433927
0.8686294282172323
0.8741403015367794
0.8755498866664962
0.8753150258934892
0.8757236726410469
0.8726142143367943
0.8742813085680212
0.8758437715324084
0.8748569875469256
0.8762363037451757
0.8761814392852977
0.8756020082268355
0.8767960946078839
0.8760599689441668
0.875473984684684
0.8763069592847098
0.8759386085777816
0.8762020627846598
0.8771569864394151
0.8752116949162894
0.8718775258611438
0.875152450873893
0.8770586366712831
0.8771079765174679
0.8767661944152703
0.8754518409461907
0.8775569581202712
0.8758527635851416
0.8751291168205054
0.8780790147070134
0.8761009248332706
0.8773880110345297
0.878466701561869
0.8779022011924057
0.8768403626775627
0.8780611146998818
0.8777143643268217
0.8782468685144013
0.8787451188032595
0.8778178440933833
0.8762918733372466
0.8776870323679742
0.8795214305328606
0.8795090163248065
0.8795516477115057
0.8793329273496997
0.8792038428747078
0.8787967551808974
0.8789786145955998
0.8795322404034485
0.8790141946603716
0.8793588490441615
0.8778450402010743
0.8782344219608337
0.8793716319910687
0.8799186593141779
0.8796647535028637
0.8804914789496953
0.879879249540616
0.8798478679234875
0.8801434994471247
0.8809766422438202
0.8806687129559773
0.8808942388138088
0.8794911616013937
0.882007234992691
0.8802915254547805
0.8799523374627599
0.8803481365723838
0.8783348289036197
0.8811493414091196
0.8761600136172023
0.8816187265617941
0.88096618817388
0.8798978870254538
0.880330197750636
0.8802445597692818
0.8802582160450515
0.880932710567481
0.8807758412964537
0.882506332734001
0.8816553740285089
0.8831615428613244
0.8831303165026602
0.8822105265445913
0.8823472057461366
0.8833900768519047
0.8822187681814131
0.8820878011975395
0.8826189145280416
0.8822317322631954
0.88044594293589
0.8824951347172522
0.8820441994454375
0.881231414914894
0.8810182062285762
0.8840697401873804
0.8831179217019142
0.8828830803362153
0.8816645989689389
0.8827960450286808
0.8826926687677621
0.8848656727054274
0.8831420191094188
0.8843968050809679
0.8832407958383279
0.8833564569252469
0.8844214653004061
0.8844491724672091
0.8839841345515395
0.8839018152198629
0.8828911278999565
0.8832240602696798
0.882636057650159
0.8836877202664774
0.8837528382541123
0.8840164153739415
0.8855772351862465
0.8849020484698293
0.879197043847785
0.8816027996309816
0.8849351055845538
0.8819774318366176
0.8850124825217784
0.8832027575145355
0.8804309993086858
0.8851991096651602
0.8859953074164174
0.8845372493002759
0.8837886770829916
0.8837902426058416
0.8857992483213195
0.8855024135445827
0.8855117355215529
0.8837199040523389
0.8833451359955468
0.8846793754862823
0.8846080148145556
0.8852993807567898
0.8868845243951933
0.8833378000331011
0.8853127265156305
0.8852151983235399
0.884959662298349
0.8845967391685745
0.8850866701913789
0.8855029763565165
0.8864729988969404
0.8832535205633109
0.8863789122674784
0.88746524280509
0.8834193689488661
0.8867505428094682
0.886549696578383
0.8869806293846931
0.8853871276656196
0.8868597542010095
0.8842154502562748
0.8874014380453
0.8871517953726562
0.8877139733342553
0.8867369965084443
0.8861943358296478
0.8874456284857466
0.8870232866478029
0.8865761940229839
0.8871132912734703
0.8867914146002369
0.8843941204033532
0.8867055049165699
0.887181980205788
0.88625751955558
0.88549195300554
0.8870306096720435
0.8875017156060323
0.8878986597468314
0.8877771699983925
0.8867020245393248
0.8877295121189064
0.8882283834416228
0.8889943122614129
0.8881707243293844
0.8884212403308909
0.88735468584019
0.8866313495924828
0.8866369130207925
0.888271939910006
0.8890576965295282
0.8801631525810841
0.886480768289266
0.8864758711785328
0.8876215880787997
0.8873910163208731
0.8888106609052665
0.888585342058721
0.8867954771967236
0.8888845704034516
0.8888140959987928
0.8877293503913394
0.8885644662643541
0.8900518617611753
0.8875651322196609
0.8878004911135747
