0.5325986688242764
0.541939684363682
0.5494375684495756
0.5495331300344497
0.5493891989687939
0.5496417139230305
0.5502778078519173
0.5484826059802042
0.5486911116288694
0.5466597551636119
0.5473016260011971
0.5510418412246207
0.5495659736687855
0.5491352219973504
0.5529603959463464
0.5533092746541902
0.5545643517353601
0.5556653412596575
0.5562836775016718
0.5576387539721583
0.5584179444524546
0.5589998337699373
0.5605593726999105
0.562672091069647
0.564154201309574
0.5659242060263262
0.571848357970954
0.574508239514956
0.5750476203586906
0.5861571462521279
0.5922168647126389
0.5967488722283906
0.5982532555888649
0.602387012205075
0.6089209417688638
0.610426851837572
0.6202222506805237
0.6240305596788178
0.6279210845031454
0.6329769793616994
0.6360533546748169
0.6368458262229268
0.6374300832319928
0.6400027548026878
0.6432936002771467
0.6446660010046259
0.6465588669195861
0.6494949403336546
0.6528097473644617
0.6577928195340818
0.6609897012920299
0.6629842615012107
0.665894296776969
0.667544254355181
0.6713403496876045
0.669589661711472
0.6745970771144987
0.6752273488509682
0.6768415258222256
0.6775588134589217
0.6784474740948665
0.6811037976323913
0.6836053414190563
0.6841486425390183
0.6860039941275038
0.6854753519942277
0.6875253459443229
0.6869107682509689
0.6896510866177659
0.6880817275899156
0.6904660641741198
0.690163769474716
0.6933416061943574
0.6931505671229438
0.6944286677405722
0.6949817372055899
0.6908679507093709
0.6973726787436362
0.6985379452722194
0.6962945574973329
0.6899143532206661
0.700655023817166
0.7018907518122026
0.701903263056797
0.7012508928655529
0.7047122315412951
0.7028932751245198
0.7055741812522507
0.7058954110152154
0.7048546035532038
0.7067134549262425
0.7075070326909118
0.7082667317648157
0.7088680930813827
0.7101359337021516
0.7091791210694118
0.7097495536060383
0.7102234865379009
0.7109210757569187
0.7113530694960694
0.7103566336093794
0.7120442348961202
0.7135606055038712
0.7055143355833045
0.7107446180429589
0.7144866575533397
0.7148575118030072
0.7102861139210017
0.7144302599161253
0.7158801281482665
0.7143457281513304
0.7155888826762501
0.7164954562575319
0.7165703037756064
0.7164272395697104
0.7181344551757944
0.7175686027638698
0.7182980264372043
0.720179047425147
0.720845073892161
0.714690304905888
0.7223472901032355
0.7211593946534574
0.7228885146412355
0.7232910610249604
0.7199162336594347
0.7232360542448233
0.7262034381158908
0.7270512851829913
0.7258665984081453
0.7289102271234674
0.7303845550328636
0.7298539010086521
0.7321298477773559
0.7314045643297404
0.731741261717227
0.7341945912815747
0.7326302910920248
0.7347208980687814
0.7351632229649212
0.7364270074583061
0.7355275498899787
0.7335983470252323
0.738254127882671
0.73929928905079
0.7420417034068572
0.7406869827370183
0.7408733705236009
0.7430560587079866
0.7400248442007186
0.7313709508721851
0.7459200792563409
0.7459695614227845
0.7475768811451947
0.7456264078708176
0.7475229805816168
0.7466450715943358
0.7489183078090141
0.7523312446584618
0.7525233834773322
0.7498688130666352
0.7534457028545511
0.7544097479440933
0.7565817297635341
0.7566404368704075
0.758815452699008
0.7597054847847222
0.7597164757901853
0.7603301348709579
0.7604856391613186
0.7611537939631162
0.7612962565424624
0.7635123317658093
0.7626045031786065
0.760612161871647
0.7663132268101559
0.7664581541176252
0.7678002082844054
0.7656474332308386
0.7694836240617084
0.766147844199994
0.7688308139714816
0.7694753500793733
0.7703655438926547
0.7704184870290351
0.7709726885870227
0.7730465341187204
0.7722520636178803
0.7735132281246775
0.7734674592231756
0.7733863302063934
0.7694753242029626
0.7741004609209788
0.7769432757507291
0.7753656427405436
0.7794420766378553
0.7655775863291403
0.7798627365091003
0.7792143512851105
0.7789592875044158
0.7816598079514898
0.7825637486079785
0.7844358681106255
0.7792101528374675
0.7866340303886358
0.7823256662218339
0.7849796091295703
0.7813626173741052
0.7893158098452289
0.7870823133283492
0.78670704715065
0.7889174036872229
0.7898477576899775
0.791426910939294
0.7890058557282457
0.791517724202797
0.7910498398819455
0.7920397872586417
0.7857214664182669
0.792276886341178
0.7944108880587506
0.7931711621582541
0.793611733927566
0.7973628107743992
0.7937781515941577
0.7913121490576485
0.7973322248569008
0.7951420907353236
0.7948202916913225
0.7973196359830745
0.8002678583719867
0.7984691179011043
0.8010023408836214
0.8030831148242956
0.8017263887326241
0.8026304975857828
0.8009461373194875
0.8044001594400925
0.8031878107821622
0.8022189656184271
0.8044839990109002
0.803982158370051
0.8047195843234078
0.7991947183347515
0.8064894014361822
0.8035339854050833
0.8077361398439902
0.8079847409911016
0.8092011263691079
0.8054326217596395
0.8025092471941433
0.8119035616705769
0.8091872824893602
0.80777939873365
0.8116139270051294
0.8030682811718369
0.8139154914204689
0.8065035493637559
0.8120142738939413
0.8132347606830502
0.8155152228854289
0.8114626276315144
0.8126548767874002
0.817260153360171
0.8178762060089373
0.8158871057224233
0.8168251385500661
0.8170060340684684
0.8143795525016331
0.8148781133074204
0.8191834305268572
0.8195172556327512
0.8197348180251767
0.8205175212282311
0.8220132036455929
0.8175406601217289
0.8205891147876546
0.8192440072044067
0.8211168965302735
0.8198867319635464
0.8235417491045984
0.8222496105341419
0.8240230050607015
0.8233601872686196
0.8251877734683779
0.8240635339890278
0.8172974089225384
0.8223812567737974
0.8248837903331733
0.8247120227186606
0.8251908786376669
0.823954109117098
0.8274554527238493
0.8269771013948524
0.8261883237043758
0.8253011315547407
0.8266664680220869
0.8281924064327101
0.8266805189131203
0.8282159669046917
0.8280378531004442
0.826377376761265
0.8270746684015593
0.8247095450523318
0.8297302868068912
0.8282502402107208
0.8280631602301511
0.8283073300419228
0.8310719075437913
0.8288256022035938
0.8307894277059142
0.8253430901547606
0.8326254496155748
0.8307176400734104
0.8322999502448375
0.8278583355009141
0.8337014942799159
0.8309272454695321
0.8288683241577306
0.8299385725060653
0.8316717680285352
0.8342807247961948
0.8341562592605205
0.8335575696833628
0.8324202820238955
0.8356843001295167
0.8359205258831905
0.8331536583189711
0.8367063601319447
0.8341492985060306
0.8370117600006375
0.8363873104565851
0.8298622047488597
0.8363520409087423
0.8359237927800468
0.8327791490262861
0.8378090769066593
0.836983709971392
0.8375771983899906
0.8367544255649002
0.8354117050805434
0.838179019012848
0.8385554949127494
0.8366583464518113
0.8396164600987299
0.8373436961285473
0.839344660749387
0.8381503156042313
0.8352810292062907
0.8383243603428892
0.8393817157695711
0.8371046110314866
0.8326211217858781
0.8395412244344944
0.8406496081431617
0.8390838653437128
0.8378984863748795
0.8391611775899105
0.8401459820299713
0.8404444793660981
0.8397753671371033
0.8383054123411227
0.8410149248409299
0.8413165985064757
0.8401517395313617
0.8369437762005129
0.8360339227841693
0.840505340684166
0.8433648652061537
0.8410300107883931
0.8421173246296128
0.8414917947454118
0.8386163626999199
0.8399155590614068
0.8411400631632836
0.8428566266227486
0.841688546034497
0.841959886077549
0.8359962467301273
0.8419637416627499
0.8383904228195164
0.8409764272108466
0.8403557491536602
0.8428192999002516
0.8399743373284096
0.8431975548033915
0.8433972560033014
0.8436393945168299
0.842979565450189
0.8420596655173745
0.8432330378316231
0.8449482039649079
0.8415487616636628
0.8425853059870044
0.8399963646230548
0.8449741709430885
0.844435449947828
0.8440059597514168
0.839912052807751
0.8441219054788538
0.8432048972349399
0.8433954834691656
0.8424645860617852
0.8435673934039373
0.8465335934292133
0.8432649628533774
0.8438953575027979
0.8451395147386342
0.8427630510523988
0.8441233416196501
0.8440201464936067
0.8449650689156096
0.8420313761313296
0.8434649810393189
0.8424230608916452
0.8466314838910545
0.8429381567238973
0.8472489338660011
0.8464618510804282
0.8448000291678902
0.8444207650847313
0.8447408368783154
0.8450989211192811
0.8431057970508965
0.8470910230694412
0.8471518132273793
0.845347845721527
0.844282979666627
0.84699443289724
0.84648480992586
0.8462251530822584
0.8436314504587319
0.8435356883316742
0.8480850589190347
0.8446948156818089
0.8480635556217071
0.8461654950172902
0.8472637804566647
0.8443810318560354
0.8466158998226844
0.8476720325889586
0.8485265169554146
0.8463917195382116
0.8470033861353571
0.8463128094236506
0.8454638173253749
0.846029229838317
0.8438968777419292
0.8476209266777412
0.8453421593802661
0.8472535722126266
0.8485445139990865
0.8486843824682556
0.8475643479056513
0.8474245182510982
0.8494193372243866
0.8465070507008936
0.8487319109656879
0.8425785134291844
0.8403857851974303
0.8469970076001088
0.8495668198274169
0.847954590056068
0.8500067511555629
0.8480956682474394
0.8486510601203212
0.8475225316258903
0.8503011600187925
0.8503529710622029
0.8491515616569142
0.846758090699718
0.8448202192373724
0.8484900506235751
0.8498022951651791
0.8504272104846249
0.8464812389811776
0.8495048393545843
0.846596828907967
0.8500044158094933
0.8454696201104841
0.8493421155456264
0.8500415225824989
0.8460992966895065
0.8481216869784414
0.8487756162234331
0.8472501500573059
0.850150818072375
0.848489060850864
0.85021070902504
0.8509006194191698
0.8505792796814593
0.8486200084274295
0.8489752139176999
0.8494342161605638
0.8511588271837699
0.8493562828805081
0.8480816497019193
0.8489739200971629
0.8492490769107996
0.8516071812836128
