0.48970947544478705
0.4938025672815143
0.4978528465966672
0.5020409954282593
0.5053959820558477
0.5086291813562738
0.5110723091456861
0.5126961186108425
0.5140814316672823
0.5153090474075511
0.5163150058133945
0.5172459355662882
0.5180026847293674
0.5189711611542493
0.5197544789220592
0.5203699881661998
0.5216147211521751
0.5235934708743919
0.5256455608137572
0.5267337415147368
0.528458844189747
0.5298612680227908
0.5303551193218228
0.5303861451383037
0.5301490978085888
0.5301911534451491
0.530480594037516
0.5310366069442557
0.5315006744945224
0.5318356899153107
0.5321399706292388
0.5324405251400198
0.5327105325479188
0.532975034749432
0.5331088157929739
0.5333272321069537
0.5336659155089647
0.5340084933107926
0.5342867294173077
0.534530109998552
0.5348427617313555
0.535143432685985
0.5354382749790945
0.5357260724193792
0.5360343381005617
0.5363619269914667
0.5365873364054499
0.5368596468139049
0.5371509116932291
0.5374059690048212
0.53760667938475
0.5378090393858638
0.5380344746762576
0.5382501933744175
0.538438722433989
0.5385740819385861
0.5387684590669857
0.5389557913425603
0.5390432147962558
0.5390922053108953
0.5392099688561871
0.5392316726956979
0.5393497855725348
0.5395043841885193
0.5395860760172354
0.5397023775453202
0.5397175411220156
0.5398071899470351
0.5399127721719696
0.5400220159090244
0.5401477623270304
0.5402731982281076
0.5403650142025268
0.5405017839715096
0.5405345499766129
0.5405620566012329
0.5406840703469892
0.5408027525048624
0.5408593894988764
0.5408774188880616
0.5408914374335817
0.5409384160572859
0.5409496787650617
0.5409666084067905
0.5409699723401871
0.5409982681953346
0.5410632503318132
0.5410346504288395
0.5410167439526052
0.5410206706979355
0.5410609796767706
0.5411525757016984
0.5413536418822751
0.5415595081370443
0.5417644363719244
0.5420062708376266
0.5421787306461268
0.5424724537844716
0.542847014829978
0.5431048473866222
0.5435238576366825
0.5438943302092915
0.5441334411827631
0.5442667499818089
0.5443901416464373
0.544583444903791
0.5447404370877693
0.5449624372846371
0.545063730494491
0.5451354663741734
0.5452875291019053
0.5453856589205458
0.5454684116821022
0.5455554987424582
0.545637481680795
0.5457211530549329
0.5458111253350866
0.5459013628484505
0.5459601540536587
0.5460467947459293
0.5461611037903871
0.5462684779567655
0.5464032293657102
0.5464857492395698
0.546596610252296
0.5466855992288415
0.5467952052356466
0.5468806944276391
0.5470014208219611
0.547124534315174
0.5472671327456766
0.5473980026930099
0.5474958608093375
0.5477068894080501
0.5478581564361517
0.5479904366478704
0.5481814886574894
0.5483361260880901
0.5485237882879018
0.5487064175258239
0.5488816267029654
0.5490136869651928
0.5491532643247411
0.5492674957399666
0.5494052423434548
0.5493973629763834
0.5493055017182455
0.5493565558766416
0.5493685237166103
0.5494973494274947
0.5495353748130818
0.5496404977317255
0.5497047553287034
0.5497928839145917
0.5498196077777866
0.5498631707152726
0.5498864077321199
0.5499154863486925
0.5499716510982103
0.5499607959439037
0.5499670450970982
0.5500147935440218
0.5500567521440418
0.5500828549733789
0.5501837341606608
0.5502248323700236
0.5502862888455384
0.5503347424246549
0.5503148046501773
0.5503165771843133
0.5503915346771333
0.5503806277700052
0.55047638342796
0.5505277933870037
0.5506522524535754
0.5506977755291751
0.5507870879608551
0.5509162888796952
0.5510335090203615
0.5511000113959712
0.5512499263816114
0.5514141898370086
0.5514742101717272
0.551599736640242
0.5517150160501025
0.5518558613537772
0.5519268080029321
0.5519737607502254
0.5520375202262965
0.5520935297173499
0.5521188756616728
0.5521591781714051
0.5522291027023357
0.5523036591107893
0.552332381926714
0.5523921952501467
0.5524298066131619
0.5524817599768314
0.552530103581202
0.5525588975572565
0.5526231098705154
0.5527079133376234
0.5528292737040084
0.5529410468602133
0.5529873009444165
0.5530301069968884
0.5530783988484376
0.5531510145260854
0.553204818053123
0.5532604329289126
0.5532894145089449
0.5533380362847311
0.5533887217042742
0.5533760228557021
0.5534259319829228
0.5534623595001464
0.5534893356583461
0.5535369805996269
0.5535356803099869
0.5535944456387847
0.5536407450067066
0.5536619895399268
0.5536696101428905
0.5537562055514423
0.5537394246990754
0.5537615943139796
0.5538127713853267
0.5538018450708905
0.5538372634080951
0.5538581068569487
0.5539420758098099
0.5539058488347697
0.5539145756542928
0.5539649376187015
0.553970404010471
0.5539947472438776
0.5539944237887433
0.5540572581831302
0.554060350414214
0.554116987408228
0.5541082023667807
0.5540946884112702
0.5541366211348793
0.5541586613677298
0.5541889885211208
0.5542086610623881
0.5542325967423255
0.5542481549342848
0.5542410324522278
0.5542844724767627
0.5542941955380994
0.5544068420231669
0.5543460389270233
0.5543853710713528
0.5544276143118909
0.5544654844390134
0.5544766630484543
0.5545155164791852
0.5545311846458901
0.5545613759481245
0.5545814301664506
0.5546317403780378
0.5546651338861018
0.5546583930811031
0.554671305410064
0.554696793674646
0.5546654508721334
0.5546850522532712
0.5547286281289626
0.5547403307357213
0.5547968642240921
0.5548121507137387
0.5548140202844148
0.5548521103610287
0.5548693117050701
0.5548811178174717
0.5548607401440115
0.5549035914802021
0.5549162385759528
0.554928956831833
0.5548976463748339
0.5549350248501523
0.5549384858200892
0.5549877286297333
0.5549841188704346
0.5549936349204854
0.5549882008742293
0.5549833296399069
0.5550131910179045
0.5549546585768037
0.5549861889832941
0.5549739170954993
0.5549500266992806
0.5549091031556904
0.5548981315575352
0.5548118854805285
0.5548049958861683
0.5547750568789385
0.55474803543702
0.5547222107790984
0.554686559554197
0.5546488123400256
0.5545950023438853
0.5546034768684036
0.5545681814441501
0.5545645069938245
0.5545128706161866
0.554531475755511
0.5544903710770456
0.5544941425639114
0.5544811655439237
0.5544431660347475
0.5544409341943208
0.5544468275468677
0.5544298461523174
0.5544935021227455
0.5544795806137657
0.5544542217312374
0.554480007574543
0.5544866060592825
0.5544920465746412
0.5544677486249534
0.554503373973444
0.5545256018102722
0.5545145655210904
0.5545439675927972
0.5545332806351604
0.5545427319941842
0.5545418974799379
0.5545259770182281
0.5545272837769706
0.5545193526570779
0.554504939496294
0.5545129547145216
0.5545187316232201
0.5545250778129547
0.5545221473094382
0.5545265915829832
0.5545205365028694
0.554520542971972
0.5545292697914952
0.5545384365100008
0.5545574492027944
0.5545594610937297
0.5545711378240774
0.554572793914365
0.5545826204813447
0.5545900405421254
0.554589613581348
0.5545744047209338
0.5545661242694959
0.5545495051446961
0.5545526232521908
0.5545309841037068
0.5545230853293276
0.5545128706161867
0.5544986450593807
0.5545057804796432
0.5545035745156273
0.5545313463734572
0.5545160792911189
0.5545261969677194
0.5545182140950051
0.554548418335445
0.554538889347189
0.554577898036384
0.5545845547430478
0.5545981592659959
0.5546180517567547
0.5546495498177317
0.5546892312936063
0.5547112391809432
0.5547329883041728
0.5547341268662456
0.5547724757069669
0.554770722580139
0.5547726180272259
0.5547772757811598
0.5547926916528598
0.5548074670833942
0.5547982421429642
0.5548072018501841
0.5548225077471386
0.5548476660874835
0.554878044993696
0.5549048400170205
0.5549433505853087
0.5549684312964216
0.5549891583014268
0.5550570580032168
0.5550691034724176
0.5551354958732817
0.5551706425081736
0.555201021414386
0.5552373130804531
0.5552572896695469
0.555263771710438
0.5552828943779772
0.5552820598637307
0.555290618486584
0.5552973204769664
0.5553145865120348
0.5553269619054726
0.5553298924089893
0.5553510463747718
0.5553561310894828
0.5553687781852336
0.555387111622245
0.5553815223175245
0.5554143788900656
0.5554183962028334
0.555416487817541
0.555419948787478
0.5554235003248524
0.55543055164678
0.5554356040159775
0.5554434963212542
0.5554495190558547
0.5554547331526194
0.5554470866732448
0.5554554382848121
0.5554543320682528
0.5554675225686291
0.5554673802483701
0.5554797103580892
0.5554872015789993
0.5555011489643898
0.5554962583227594
0.5554947510218335
0.5554950744769679
0.5554970216768763
0.5554999263039821
0.5555006573125857
0.5555065118505164
0.5555022939955652
0.5555151222261911
0.5555033290519948
0.5555272388555215
0.5555399829878125
0.5555503141448017
0.5555484251668175
0.555554447901418
0.5555644685414781
0.5555874079796019
0.555604926309675
0.5556051268518583
0.5556177674785063
0.5556214031142157
0.5556154127251287
0.5556112983758206
0.5556076756783165
0.5556070093607398
0.555599738089321
0.5555977391365912
0.5555939288351092
0.5555921692391786
0.555596814054907
0.5556019181769261
0.555601530030765
0.5556189772007085
0.5556191712737891
0.5556235055725885
0.5556334938671355
0.5556485409999825
0.5556660011081315
0.5556829501571681
0.5556781759593861
0.555694296963279
0.5557022927741987
0.5557101786103725
0.555712145217589
0.5557177474605149
0.5557125139564422
0.5557075845001956
0.5557040588392318
0.5557114206780883
0.555702655043949
0.5557030431901102
0.5556926214656834
0.555697919660783
0.5556931907467197
0.5556924662072189
0.5556985859783596
0.5556976738348809
0.5557081214357185
0.5557151986340567
0.5557224699054755
0.5557258467770775
0.5557316366239813
0.5557377305187113
0.5557510245247306
0.5557608640299156
0.5557638786317672
0.5557619767155776
0.5557734852492555
0.5557795467984721
0.555772301403464
0.5557778518935684
0.5557694679364877
0.5557716997769143
