0.6696218664477968
0.7054502465791235
0.7253491776561575
0.731345596765288
0.7366700331487995
0.7485591080991468
0.7506335852368471
0.7540149193563246
0.7577179637148406
0.7606022666376715
0.7599798207888314
0.7667582932484951
0.7697781924040956
0.7730923064356134
0.7748424140850476
0.7792061815576325
0.7845985323001599
0.7925254087043927
0.8014189237952134
0.8053302096613556
0.8111895038675021
0.8112249212455379
0.8147162431869597
0.8222623963124093
0.8211743000001729
0.8230076421504302
0.8259658037301012
0.8319597339730385
0.834154130511984
0.8377244321554647
0.8405704625901612
0.8383716536083357
0.8434852290441137
0.8492777840564724
0.8492741534647124
0.852187037743463
0.8502572556110388
0.8570110623398433
0.8596697112458843
0.8634216491657971
0.8670672282631606
0.8623215957862257
0.869189235897983
0.8716461847310247
0.8710583823709241
0.8749838243601998
0.8762531827431388
0.8782736006880085
0.8809192224575642
0.8818468577605709
0.8838119872069793
0.8871178814513636
0.8872676768011164
0.8882623618090486
0.8915062987311602
0.8901581358062911
0.8925247927776855
0.8941426035742304
0.891739854062122
0.8978355762253425
0.8977804995114004
0.8986413160023787
0.9003478820285323
0.9012620029314226
0.9031609234415237
0.9062162893384689
0.9048482982870241
0.9078612611015255
0.9083316982135314
0.9049692352093809
0.9095300323489867
0.9082044364181614
0.9096052540701011
0.9132171498747035
0.9119916738811142
0.9125431942090889
0.9149820155611684
0.9130031583377595
0.9163868364182328
0.9183485884588858
0.9191778538335796
0.9214783751174476
0.9175017640774659
0.9216643219254121
0.9234556065363888
0.9221017556844296
0.9237383532009664
0.9219714429180896
0.9242010784902123
0.9248125593149921
0.9264344370112537
0.9270295021472387
0.9282229365761829
0.926632460313914
0.9253747373406194
0.9291912759083845
0.9275841275865868
0.9287598772119855
0.9296308784682689
0.9317881474293759
0.9335241053251356
0.9329803843999854
0.9300973330758926
0.932146117407433
0.932168797459378
0.9343252208747725
0.9337499265402306
0.9356224981898714
0.93666022322617
0.9358333065895665
0.9360013392934527
0.9359481686401846
0.9345189002062395
0.9332726199664477
0.9364490231047325
0.9363844781896483
0.9381679522512469
0.9398007344617065
0.9385724463518683
0.9389258207650923
0.939069663855197
0.9405913435883473
0.9417324592791954
0.9409391479094772
0.9436435661571638
0.9430853085336908
0.9416176402224268
0.9419549938533286
0.943447872484216
0.943313034217095
0.9421964186511665
0.9428743265662319
0.9428328136157151
0.9461469610868939
0.9459070554050818
0.9464590136333786
0.9454950055334517
0.9477006330213804
0.9439298558334368
0.9449329580817385
0.9446094914643179
0.9471310950856154
0.9471973581623261
0.9470159894031818
0.9501688191728647
0.9485337582883663
0.9503135603567201
0.9500292961684815
0.9491799192262761
0.9494928762359709
0.9511058653518804
0.9505953818573449
0.9504485610450517
0.9520223811714403
0.9511783227276902
0.9506937963718727
0.9495618861419737
0.9514479897077437
0.9531114934124234
0.9490110998941749
0.9532700849853696
0.950372375943229
0.9536088048652758
0.9536058064423443
0.9529955358148179
0.9533516522802399
0.9539328670271342
0.9549750920863772
0.9537531702510369
0.9553363614443142
0.9547393759163721
0.9560891678304385
0.9547589715576861
0.9549589885010847
0.9545392793547332
0.9572130589111697
0.9564085898412497
0.9563567201500287
0.9563130081437134
0.9574842402301549
0.9563560625033632
0.9576271406402935
0.957402835356495
0.9570651552908078
0.9585860149560825
0.9574390457322046
0.9587878535648202
0.9587911752378074
0.9566615178824527
0.9577694869074793
0.9592534148557873
0.9574398928702816
0.9581336766624723
0.9610316675531839
0.9583847209361092
0.9591398856145122
0.9593482338105808
0.9609538391308804
0.9593143801347853
0.9579168570856312
