0.5069297365073061
0.5360588060096632
0.5516018782035725
0.5506591913576161
0.5636706598715997
0.5618551488810937
0.5688735926342651
0.5753409483677867
0.5743155293754274
0.5827909781513594
0.5911653098594658
0.6046451342466963
0.6105466940234296
0.619470734882079
0.6247164125870526
0.6308252623528287
0.6329910060964399
0.6417983027040542
0.6426072392466595
0.641512417175929
0.6714090571476897
0.6836359491399534
0.6841764658297851
0.7009186945234995
0.7062847934637927
0.7162342533148014
0.7283866863753025
0.7326814040196792
0.7237766673285237
0.7224979960435649
0.7436273266118061
0.7343617858377274
0.7443631830917554
0.7281127510461021
0.7494659180326664
0.7589153080209736
0.7601714577771894
0.7531235981497415
0.7624865790073614
0.7599926644163523
0.7691111258190483
0.7565744479008096
0.7568194269787691
0.7573135217420081
0.7739077518182687
0.7715590781065003
0.7632518513615874
0.7798488391760613
0.7809923812885623
0.7836563564027327
0.7762509100536105
0.7835938476698951
0.7819355277575543
0.787585214110795
0.791048933306859
0.7924121752303631
0.7955946051286577
0.7945572359373736
0.8002193321125746
0.7969854244342959
0.8043945477677029
0.7941490906817865
0.8037570506173657
0.8168613629845346
0.8161847978761739
0.8085467822710525
0.8151671924754194
0.8061365190725174
0.8174892080511247
0.8237129635757937
0.819828689302182
0.8246280730396157
0.8260308425441789
0.8293226627249394
0.8257688574139035
0.8234137489796369
0.8275788529279824
0.824280598024724
0.8246262345474735
0.8351249439259897
0.8370011251571909
0.8336932181701856
0.836721674351564
0.836366845368103
0.8415063501518595
0.8383933233319362
0.8385371853420699
0.8220835999146939
0.8448671137879558
0.8479282032048595
0.8457137394194778
0.8490506026577243
0.8490919687309256
0.8327817856906479
0.850806362653606
0.8521493811635449
0.8518212103161471
0.8237428390731057
0.8474961575514227
0.8403127091284812
0.8485776505541216
0.8571418065759187
0.8601229215846331
0.8573017553922975
0.8617683720519779
0.856258411101551
0.8540503820386671
0.8623695589825048
0.8650105529448968
0.8624619432126548
0.8588911318493024
0.8658424706392805
0.8647265059089138
0.8613730962413866
0.8693778910288937
0.8722597274619248
0.8622279950875489
0.8731265765070119
0.8544208382053375
0.866032754576007
0.8675485913473207
0.8700636485979659
0.8777067200564785
0.8744466138651723
0.8805246688875652
0.8767392135666012
0.8798315573499239
0.8756921922915702
0.8866560401820843
0.8888125914649841
0.8884458122825983
0.8877931475720873
0.8868775784852295
0.8670531177149748
0.877978357270501
0.8857579367705781
0.890317397283444
0.885129172457917
0.8927423684191174
0.8900820702892316
0.8967374118443017
0.8862984534604099
0.8997010611776644
0.9003298254903258
0.8902567270427486
0.901190239812915
0.9013924739485664
0.9027786970238489
0.904223292224649
0.8986604746251315
0.9034405541950714
0.9063306638427427
0.9043248689155101
0.9050519925577839
0.9092685742861134
0.911346070406895
0.9077113714415984
0.9078621277972658
0.9046420088100544
0.9077141291798119
0.9041152808112898
0.9024918922496525
0.9098100102220164
0.9122193541744802
0.9116806759767909
0.9057161478441842
0.9133077415227127
0.9104884138225192
0.9134980254594393
0.9133086607687839
0.9174075790000074
0.918730374096381
0.9164966061435053
0.9178800714805745
0.9189987939491546
0.9184435693221847
0.9187938020752898
0.9185024010707379
0.9260972121105155
0.9182882167361617
0.9179067296166377
0.9174466469580309
0.9293807590766359
0.9263389738272259
0.9265292577639523
0.9267416036063864
0.926611070664284
0.9324271405564012
0.9266487597532008
0.9281397768805937
0.9192626175715726
0.9314895095638361
0.9332756046800655
0.9303303402681258
0.9335817136217561
0.9339834241548451
0.9363743831858862
0.9362659121494915
0.9373726844191469
0.9384353328773872
