0.6250795025629793
0.6980425303089706
0.7075869945842317
0.7199639607986827
0.7257180218407642
0.7312652747123367
0.7346558330048434
0.741394705700716
0.7435411484129808
0.7461366526158539
0.7514507735460398
0.7622310794936203
0.7672802993954927
0.7755045686138409
0.7836486190299035
0.790274506161062
0.7880421779761517
0.7978719584716039
0.801791126669663
0.8053618231004145
0.809774484923697
0.8074372885528756
0.812218483168446
0.8123836277143288
0.8247439654767215
0.8251491687728212
0.8247664740479399
0.8257195893455062
0.8304739716296125
0.8349699828375781
0.8341335323295941
0.8398688035528808
0.8418663175036415
0.8465030831746287
0.846788449990091
0.852408639107119
0.8508139251770822
0.8543183006940709
0.858222895872959
0.8581238002912567
0.8634717267680303
0.8636456669855688
0.8615216411405935
0.8677806097848321
0.8698049661079987
0.8706778357245417
0.8731685824186595
0.8745991921680747
0.8738545088329983
0.877302024751915
0.8808678181846791
0.8797680398450913
0.8795624586099061
0.8832182230834549
0.8875895801923156
0.8857812229868686
0.8899131775029343
0.8889107982223654
0.893591934364981
0.8933168542005686
0.8946387615911868
0.8952403014177857
0.8996244970766812
0.9006629460422177
0.9003980576627222
0.9027763547857788
0.8999602362278027
0.9025436908506497
0.9060904146095261
0.9068605173250097
0.9086467659781005
0.9098275694821062
0.9088736652145318
0.9118626409350249
0.9112251136407735
0.9111051775506962
0.9130930246424773
0.9170253602598331
0.9147883947021084
0.9128368797582638
0.9199997613800529
0.9189198401032588
0.9202667383955824
0.9201043228321331
0.9180268288255223
0.9222633321448503
0.9235019375838521
0.9260538871638431
0.9256277516554392
0.924971840885664
0.9260149714948771
0.9273342115660487
0.9272981070968318
0.9301382868684073
0.9309776402800691
0.9310823076659982
0.9322384127722095
0.9321256406562954
0.9318488987534489
0.9328017626557619
0.9331530171629784
0.9344868508076498
0.9360552504534221
0.9367032130223322
0.936828159625348
0.9369160025025434
0.938935613937945
0.9395140475366855
0.9392953415719638
0.9402697242755048
0.93899288146039
0.9411332859432727
0.93921701060573
0.9417989505326493
0.9434477065366005
0.9431763735844519
0.9426898399712053
0.9441244008950709
0.9449393484128491
0.9438222459362258
0.9454248226876076
0.9469050980199896
0.9470859539786427
0.9477870320955657
0.9444420285202507
0.947476525754789
0.9472113527768937
0.9483292979810007
0.9506974033191409
0.9475089668101601
0.9473690139659645
0.9503587660076481
0.9482841922968397
0.9528890117974511
0.9512832080164361
0.95244200573973
0.9510793549259784
0.9519098652329181
0.9526847302282914
0.9519702823109876
0.954245698693625
0.9531297931113829
0.9555457505082422
0.955042365507524
0.9548367874345429
0.9558635251759285
0.9547642938977093
0.9572160348000347
0.9571048928005105
0.9560856146994036
0.9571734841770627
0.9561613574013015
0.9578420073992551
0.9582948619540915
0.9601515661032529
0.9575927102687606
0.958544932243572
0.9592865371726238
0.9583991735920209
0.9601855677065159
0.9600391781951787
0.9605975412823259
0.9608933876433091
0.9594888376207007
0.96324590331355
0.959996157984847
0.9612327743972547
0.9631931593245592
0.9620121708315934
0.9605686956534057
0.9619467274295632
0.9642841451546956
0.964208209558327
0.9631353795249944
0.9647165465712014
0.9638738902369999
0.9641443741372557
0.9618915200833122
0.9649270877240543
0.9646087438595682
0.9661195328837135
0.9647102063512952
0.9645599779237654
0.9661061788943548
0.9627659154634983
0.9651742930563101
0.964006701242463
0.9668996471384605
0.9652974055807494
0.9664909369576345
0.9669047857206788
0.9653614133419628
0.966006292761542
0.9656048777863638
0.9670922728220468
0.9657819912760598
0.9673636263285244
0.9668921432273196
0.9669647142381619
0.9687057575976515
