0.5351378294392901
0.5342255803522471
0.5401881149431875
0.5320034736664272
0.53289255921419
0.5294363302762566
0.5280523674643783
0.5346552646233684
0.5316889525683826
0.5328829224902777
0.5342492831528826
0.5293400865320999
0.5371036923019166
0.5310202026239552
0.5301592986276251
0.5317437596346657
0.527575454601439
0.5300747045753403
0.5352047760608135
0.5404016583233466
0.539235174264571
0.5407390342232545
0.5419681014147255
0.542973737395692
0.5428405480739561
0.5429093100714921
0.5448326947820249
0.5415494370111451
0.5425306333381744
0.5427731939190421
0.542239304594902
0.5338582610393797
0.5331810763887173
0.5381646087465393
0.543305679517059
0.5459692107288475
0.5444672855246445
0.539197664726643
0.5406709226325438
0.539882411385775
0.5427794345313662
0.5407197319599375
0.5438001780632762
0.5429011552871817
0.5456985221110329
0.5442926801075295
0.5459317135404161
0.5436123545682106
0.5440910663411669
0.5452412490643199
0.5434411781946749
0.5450819405570974
0.543671290482885
0.5418861954362187
0.5439256242505913
0.5434841132781459
0.5448359344666549
0.5432640164317464
0.5434917082186065
0.5435467334593314
0.5448944587314399
0.5433019746680537
0.5437161397383422
0.542985728756972
0.5444602463115346
0.5464927100097776
0.5485031586719318
0.5443914143335175
0.5445363439101009
0.5436954707973922
0.5450388449301693
0.5445647024709861
0.5443679338238224
0.5403548043329279
0.5408112417303653
0.5412171985018578
0.5395251239807137
0.5443233150923035
0.5413173199879733
0.5441288064030328
0.5432181545175611
0.5427353550612024
0.5432004453393163
0.5441507391091435
0.5438337769272541
0.5425914463763447
0.5448317562202768
0.5451770152155679
0.5454854644777432
0.5455607346600315
0.5429979341761948
0.5403662152678639
0.5420442936927662
0.5419181765161312
0.5418018730728611
0.5422218918045776
0.5441289916454831
0.5438598467147538
0.5429478199186513
0.5413183655786925
0.5437031233688374
0.5428280380338153
0.5442914122258699
0.543632381335333
0.541393870401418
0.5437508912220107
0.5459420665351362
0.5429740132011179
0.5451983921943278
0.5437204620621816
0.5443119494388554
0.544368884735067
0.5429921134467578
0.5450813971792432
0.5053420588290503
0.5446557841255288
0.5423669983906136
0.5455665265739763
0.5441507102936513
0.5414233815819935
0.5435959173881243
0.5445745614858387
0.545115905789477
0.5446614072630189
0.5435419994856023
0.543994205122176
0.5445179719755341
0.5429332680950588
0.5449312478820614
0.5432533835151014
0.5430093162956384
0.5436680384487583
0.5429841150894054
0.5449769286702951
0.5419794753011713
0.5442297388394304
0.5451755785574537
0.5410331951177665
0.5458828506985369
0.5443977413923184
0.5450383838822932
0.543300323951997
0.5449521514634483
0.5442940179696703
0.5434040638406405
0.5435968436003755
0.5432211183967653
0.5438421416530079
0.5436845373763279
0.544668199486195
0.5431612192213494
0.5443519906236035
0.5454464153692283
0.5443244512459983
0.5440220532371982
0.5436616167104826
0.5450261661135738
0.5449994459192489
0.5441385172239254
0.5465085379480273
0.5445573092389713
0.5474015259367423
0.5448696732915954
0.5442790421466915
0.5435596674988581
0.5445584618586617
0.5436480651961215
0.5442118897002233
0.544272892097343
0.5416066686952773
0.5445817324269132
0.5435042511907384
0.5058367302682212
0.5430465788436326
0.5442189289133332
0.5409965088796175
0.5393500287002302
0.5351223719859407
0.5405775480881168
0.5435092115719065
0.5423136567979369
0.5502339735641735
0.5436629957376125
0.5440957756159023
0.5424958777380069
0.544845031929212
0.5431603300575882
0.5428226371872654
0.5438635597967569
0.545043471874927
0.5451586226985066
0.5447105706093176
0.5433015218531754
0.5436797046066257
0.5483463941610263
0.543597374628733
0.5445408432433928
0.5407652151562244
0.543538261704606
0.5461830134484372
0.5463433016823966
0.5447270818863841
0.5440737729293105
0.5373976473714838
0.5317993735347322
0.5327161795860516
0.5341796484575808
0.5316048936609539
0.5310001552743384
0.5306958183945587
0.5271178316523198
0.5287072653900251
0.5324371015434894
0.541785151854351
0.5382001629474922
0.5332316311116424
0.5319673555051256
0.532126001256026
0.5320005797677043
0.5308005668254319
0.5324567413597159
0.534375379747023
0.5315138819868924
0.528966538956405
0.5268331345887668
0.5375919584688073
0.5325054024931493
0.5294521088165198
0.5273358537832765
0.5254921644913441
0.528449959510117
0.531479007008257
0.5414730512576563
0.5401082754471259
0.5422050800230919
0.5433895449490393
0.5361595279989436
0.5435762240574122
0.5407074400942382
0.5402071208185839
0.5397264989901406
0.5433942171752848
0.5436064638582923
0.5428076243157968
0.5441135177261383
0.5449313260955402
0.5472571068060217
0.5413740823912314
0.5438797088219205
0.5453892166170875
0.5440801411531004
0.5408305481101813
0.5444243710236679
0.5454877738336229
0.5427417232849925
0.5421080006296597
0.542554904215657
0.5359331617247274
0.54293806793277
0.5437544684595502
0.5403294919812249
0.5428173557191837
0.5445350883779381
0.5430094686060976
0.5437239981347319
0.5425638822997463
0.5417022044016241
0.5425961515345814
0.5444443195773112
0.5429207498219203
0.5416618133144699
0.5410883644359523
0.5422163015990786
0.5444086336483936
0.539451936746866
0.5417751940435249
0.5448601353636564
0.541891896787188
0.544449292307976
0.5447149135156515
0.5443494589767834
0.5442693724907881
0.5447988406951152
0.5441647887198707
0.5427401055009268
0.5444944832328413
0.5416008561988381
0.5420625956468519
0.5458365606684668
0.5457703385507486
0.5453096611594497
0.5435335277308772
0.5410944156893275
0.5455222042303778
0.5410699636858933
0.5414080723226045
0.5472926404244802
0.5454377913040442
0.5445813784080082
0.5433330912831984
0.5429253644171811
0.5435880589917345
0.5446818415635319
0.543674929467908
0.542984325030849
0.5434909754818033
0.5433595233226007
0.5444795444583528
0.542801984712311
0.544358062459473
0.5413656806169875
0.5437478079643386
0.5394660686875712
0.5447205901676271
0.5421278545038285
0.546194667256808
0.5427971190106176
0.5446842332493896
0.5447523324906036
0.5434205133702238
0.5448769759606344
0.5452682080155808
0.5486728160573754
0.5426746284695088
0.5438832243119766
0.5432203239124787
0.544465857099528
0.5440806186669722
0.5483668613935303
0.544467931814971
0.5408697042476669
0.54062744005472
0.5427378373100359
0.5445331330409632
0.5423808668753897
0.5440262109010818
0.5445393983522808
0.5455335863498214
0.5475822196557224
0.544267157814383
0.5447863635869656
0.5439479850725871
0.544906915257095
0.5447357265340627
0.5452893462374047
0.5453016545690997
0.5442409233669272
0.5441479851713831
0.5453922134282829
0.5437042636390311
0.5438402068985276
0.5433980537522547
0.5437402377228714
0.545114847849261
0.5423591523437205
0.5379744717790949
0.5325129850841133
0.5332847956948666
0.5359708606216044
0.530604621478047
0.5322107064537811
0.5413902808143819
0.5427664058123648
0.5425242609978854
0.5361766155858552
0.5424824661846082
0.5446946973895799
0.5434775968603957
0.5425943896730545
0.5410925220998359
0.5430846811574015
0.5424053682768105
0.541964717652634
0.5333405824878867
0.5345052758696434
0.5374815251529608
0.5335532531702806
0.5328162640236769
0.5358529064622776
0.5392234298932247
0.543281301610605
0.5372706698465797
0.542575853078532
0.544491840440551
0.5399416148728776
0.5405521534064357
0.5329201973877686
0.5372724975720891
0.5423914256950544
0.543255392366562
0.5433771954523554
0.5432773909366551
0.5440004128025091
0.543927468442096
0.5412807366622966
0.5445275140199719
0.5417270310064577
0.5474491538289532
0.5447727215096287
0.5393075917131255
0.5449169018834135
0.5437922949678929
0.5429987286604814
0.543668713554577
0.5440725709116332
0.5429920516992743
0.5455791312935915
0.5454725180887194
0.5448543640322062
0.5443158806952997
0.5439498457300874
0.5434893823967311
0.5434167879387242
0.5421832461129548
0.5446071106425986
0.5448510749495894
0.5445724291394113
0.5446075140594904
0.5448331105484132
0.5455246700132157
0.5435335524298706
0.5437504836886201
0.5441773728569919
0.5440087198972785
0.5467219660662177
0.5421931751082887
0.5435546783021978
0.5419375240609361
0.5443208534259646
0.5454724151762471
0.5427573495147966
0.5425991689282712
0.5430923131463521
0.5429305141572984
0.5457807944579411
0.5437463177917388
0.5443979677997577
0.5453390406120608
0.5430885424333646
0.5408491629181829
0.5449931353264432
0.544956342059323
0.546473238970006
0.5437100596694748
0.543907322296506
0.5438141247615312
0.5455632868893463
0.545744614549156
0.5421844604801287
0.5449434615342817
0.5450640502529012
0.5425955011277561
0.5442380130022086
0.5442518279724992
0.5443984576631262
0.5449050299006014
0.5442824094427874
0.5444566526079996
0.5461666627148277
0.5442606084646413
0.541325729995215
0.5428203401808822
0.5437404641303105
0.5430217028408124
0.5495345639359789
0.5429682542191644
0.5436654491709536
0.5443307042078193
0.5452179455640772
0.544024173234129
0.5433499401131741
0.5444614483292121
0.5428552810234999
0.5449050710655903
0.544333182340154
0.5475430923337288
0.5447996804608899
0.5424372423277517
0.5362961010827709
0.5406938844633781
0.5455786784787132
0.5434124861973793
0.5447820247971307
0.5453503980325111
0.5451727752217064
0.544117547778556
0.5372419325677963
0.5423840489290351
0.5455808725726241
0.544908598905143
0.5458352475053193
0.5458667716538546
0.5441695432760942
0.5446634984444574
0.5441343636765408
0.5440996368918656
0.5437136327905153
0.5434258936342791
0.542783271108336
0.5438613780523428
