0.5553362112309297
0.5929191337040456
0.6025949856292727
0.6236079530531229
0.6399748230862169
0.6509700240887908
0.6587608906098741
0.6666357114448022
0.6724552931553314
0.6744584712247761
0.6827277366292203
0.6869564075433185
0.6887532174669999
0.6925433560713508
0.6878592681810336
0.696467164951935
0.7008759389750632
0.701107165102021
0.7048555610587062
0.7069108001831048
0.7099251821667905
0.7115831626105946
0.7052270237210803
0.715751330136503
0.7167784806801893
0.7184650712532925
0.7246396999782375
0.7269721290438775
0.730522130169522
0.7352315450595466
0.7338470024088791
0.7348849403783666
0.7336593950036395
0.7381891758031474
0.7360068326616989
0.7392069459765716
0.7448351681337566
0.7435026865380431
0.739142690440277
0.7450021387244198
0.745426600478774
0.7514661518719467
0.7351574401344769
0.7384490120594039
0.7416040995970193
0.7443684947132233
0.754051381916147
0.752902286559055
0.759048305154701
0.7575765250605973
0.763056537367643
0.7568739353279753
0.7648791433095448
0.7523751097503321
0.7678939943117435
0.7655911134124286
0.769605911884554
0.7660404331479771
0.7760014483291684
0.7780932708975888
0.7890162430491456
0.7916797991850334
0.7955998559175128
0.7976302370607172
0.7981198923883923
0.7987657308809294
0.7986147069197116
0.8010273381510915
0.8037673443046144
0.788652753701494
0.7953601874573193
0.8092051449454812
0.8052606992503208
0.8011023811131872
0.8194499163270974
0.817548984293508
0.8167760417839214
0.8232700721162866
0.8229145560833577
0.8277829682493227
0.8281900763186925
0.8320374351816415
0.8226190744201055
0.8254603885724577
0.8303316148495012
0.8208602549959853
0.8407729049881058
0.8347933879646097
0.8450118943094922
0.8500163218442558
0.8560690057557953
0.8593141448479253
0.8558537262582829
0.8544560510892485
0.861943462632357
0.8637557501669706
0.8694327502495179
0.8706174910136053
0.8748874355568563
0.8671645767201723
0.8690359605874363
0.8632351396174309
0.8676645504551356
0.8746032103379184
0.8897074825337506
0.897275565261112
0.8925778758339149
0.8869102561216295
0.8989133779088527
0.8968600148585065
0.9024882370156916
0.8713923095972445
0.8755365571789849
0.8926454144998013
0.8984950133951688
0.9045022025109375
0.9120702852382988
0.9061841028989096
0.9039975385908433
0.9126162227875458
0.9153656093113307
0.9129454737837412
0.92163169664633
0.9205004239927359
0.9159734573043068
0.9185708818298476
0.9211969164846876
0.9162051524497775
0.9105713020704354
0.9252328207899023
0.9276923538725921
0.9221541832699219
0.9231119190736696
0.9305552428765469
0.9133159984090892
0.928372430716585
0.9368935590625634
0.9351591286011242
0.9211598640221526
0.940150423617521
0.9418876681900388
0.9387171030414913
0.9396588922157935
0.9452936806321618
0.9382499606024449
0.9377696856450318
0.9460187832534125
0.9431568322864841
0.9311640289065489
0.9343542928326465
0.9409937189040727
0.947611570123896
0.945830237811147
0.9497878160246741
0.9475102621250665
0.9512436494893327
0.9389122147429404
0.9464784213962494
0.9511948715639704
0.9513008697479308
0.9397020419189988
0.942301342518592
0.9532820039472599
0.9464277673968348
0.9419336320043225
0.9515635201152659
0.9584759149613152
0.9586578941443977
0.9597019293545556
0.9622224348439482
0.9681367582941234
0.9651369158843438
0.9677887465574042
0.9667644101247964
0.9676949428547843
0.9692004922818314
0.9685973344739863
0.9660055381706028
0.9586991677735502
0.9644530868922458
0.9650928281441126
0.9646144292607517
0.9668704083087568
0.9599673938329694
0.9637664437890692
0.9627777527634571
0.9717697756965863
0.9642870543386088
0.9623603262867991
0.9567480507590596
0.9669745304186647
0.9715906106245826
0.9743005995932672
0.9675148397457546
0.9720624432487599
0.9699753108654705
0.9733691288262529
0.9753099274334557
0.9768670688969434
0.9777450715534644
0.9777807169604598
0.9744722603690612
0.9734751270102132
0.9737143264518936
0.9741683363725734
0.9730455060522148
0.9730492582003197
0.968965983025282
0.9391908117397209
0.9375229819071419
0.9441356739233211
0.9597610256872059
0.9625882692841651
0.965632199434176
0.9649896440712307
0.9600583834245106
0.9707576337453192
0.9771944438190865
0.9786634098021116
0.980602332335262
0.9805216611510089
0.9811895435136615
0.9833826740809112
0.9816942074337559
0.9813340012156959
0.9793219117945023
0.9804006543746294
0.9756832661698822
0.9804447421148608
0.9797515327525008
0.9820243964669774
0.9820028216153749
0.9847597124353693
0.9828930187532362
0.9776953555910759
0.9706975993756426
0.9760537907952302
0.9687718093608592
0.9677258980766489
0.9710390448531785
0.9486255881492154
0.9514049918578387
0.95584753521391
0.9648855219613227
0.9731477520880705
0.9812242508836309
0.9816735706191795
0.9851883953563415
0.9857202623501954
0.9863628177131408
0.9842325356266461
0.986758669338196
0.9848206848420721
0.9861339366787485
0.9859238163848804
0.9886478759089579
0.9852127843190225
0.9790695798344552
0.9815084761025687
0.9854407273163887
0.985095529690748
0.987014753446348
0.9885193648363688
0.9880184530643793
0.9889639943867865
0.9891759907547071
0.9845449019563701
0.9865626195997208
0.9853244107251402
0.9858093758676841
0.9845880516595751
0.9717331922525646
0.9730351876449268
0.9729376317942022
0.9680926705538921
0.9494107251401427
0.9607028148615082
0.9619916777355035
0.9706900950794329
0.9744225444066728
0.9789007331697397
0.9780489955499523
0.9855697074074908
0.9834670974132691
0.9785358367665488
0.979244992758354
0.9843751172546283
0.98130586010491
0.9856986874985929
0.9890962576074803
0.9892463435316718
0.9907987948100287
0.9906684076633873
0.9908869702904913
0.9893832969374967
0.9891928754211786
0.9871901663702469
0.9885193648363688
0.9866442288210001
0.9839501864817608
0.9793125314242404
0.9769730670809038
0.9854454175015197
0.985655537795388
0.9888354833141972
0.9890221526824107
0.9904217039254974
0.9921279932761505
0.9921354975723602
0.9923803252361977
0.9929262627854447
0.9917115048365188
0.9916824256887068
0.9912781317304156
0.9905943027383177
0.9916495943927899
0.9886825832789272
0.9919713410927755
0.9888673765730881
0.9900446130409659
0.9858553396819679
0.9855129561674059
0.9797918683446273
0.9750135077331772
0.9596972391694244
0.9693018002806607
0.9729226232017831
0.9775949856292727
0.9810375815154175
0.9882501482098501
0.9885568863174168
0.9918418919831603
0.9909076071050675
0.9905145695910909
0.9923549982364904
0.9911233556210931
0.9923878295324075
0.9933296187067095
0.9936607457769573
0.9936016494443068
0.9934609438903773
0.9936016494443068
0.9938727421448781
0.9937714341460486
0.994495598730273
0.9948370442078089
0.9949158393180096
0.9951147031675636
0.9954008044605537
0.9956353137171031
0.995502112459383
0.9941747900673135
0.9946935245428007
0.9950105810576555
0.9901562394470835
0.9861020434198579
0.8547881161965225
0.8521738070045101
0.7950375027203074
0.8360508265982275
0.875669758436705
0.8899973359748455
0.9261858664085189
0.9362735165882468
0.9486255881492154
0.9558297125104122
0.9571926803094771
0.9602666276443265
0.9645318820024464
0.9692070585410147
0.9734057122702747
0.9775330751855438
0.9789729620207569
0.9787150018385526
0.9801042346743511
0.9814812730288089
0.9823470812039892
0.9807908777775277
0.9795123333108204
0.9832494728231913
0.9819681142454054
0.9836500146333776
0.9845148847715317
0.9834821060056882
0.981367770548639
0.9866704938577336
0.9851161665053244
0.9856011316478683
0.9884790292442422
0.9881178849891563
0.989298873605139
0.9888936416098216
0.9845721050301297
0.9847137486210855
0.9824896628319713
0.9790414387236693
0.9756241698372318
0.9804475562259393
0.9763699092730589
0.9836078029671986
0.9831519169724667
0.9817795688031398
0.9862577575662066
0.9877858198818823
0.9874828339224205
0.9880297095086936
0.9890746827558776
0.9891778668287594
0.9898888988946172
0.990320395926668
0.9912068409164246
0.9920276233143475
0.9918418919831603
0.9922593184598183
0.9914788716540219
0.992770548639096
0.9924319172726386
0.9871563970373038
0.9863956490090577
0.9900952670403804
0.9909151114012772
0.9854866911306723
0.9736158325641429
0.9839595668520228
0.9819859369489032
0.9859294446070375
0.9869087552623876
0.9893120061235058
0.9898194841546785
0.9923793871991715
0.9924009620507741
0.9922893356446565
0.9930388272285884
0.9930181904140121
0.9930369511545359
0.99204919816595
0.9938483531821968
0.994105375327375
0.9939721740696549
0.9938755562559566
0.9934252984833817
0.9926683026032403
0.9932330008930113
0.9926495418627164
0.9925210307901272
0.9925200927531012
0.9911683813983505
0.9916570986889995
0.9826491291264249
0.9531760057632994
0.8744184170437574
0.8852025597154369
0.8804828264181243
0.8924465506502474
0.8991825945353715
0.9267871481423116
0.9370417689127025
0.9507896395686531
0.9615686230366884
0.9690044425433562
0.9720671334338908
0.9737415295256536
0.9769852615622443
0.9772751150033394
0.981719534433463
0.9826538193115558
0.9829493009748081
0.9840796355913761
0.9839257975190797
0.9841209092205288
0.9837363140397878
0.9857643500904267
0.9847906676572338
0.9822729762789197
0.9847296952505309
0.9859547716067447
0.9860176200875
0.987921835250681
0.98740403881222
0.9882764132465837
0.9894949233436141
0.9889424195351838
0.9911055329175954
0.9903494750744802
0.9916824256887067
0.9910952145103071
0.9911758856945602
0.9922593184598182
0.9920585785362119
0.9925416676047037
0.9915829937639299
0.9918409539461341
0.9911833899907698
0.9915145170610173
0.9926908154918691
0.9920567024621594
0.9896468853418582
0.988472462985059
0.9884790292442425
0.9881460260999423
