0.5364133966022747
0.5373130986006868
0.5373717669429332
0.5390098124160851
0.5387419682990067
0.5400561811536142
0.541486075860159
0.54447840007166
0.5441653814957117
0.543941892654223
0.54215831247915
0.5423353466306127
0.5408826876851808
0.5415536811215057
0.5414688071472957
0.5420120450404257
0.54301519465606
0.5435463547414328
0.5442815449780195
0.5439497675166083
0.5442574346439936
0.544046287066191
0.5451010081799773
0.5447665344117901
0.5444888106973645
0.5445675757872145
0.5451339978021188
0.5452174886326999
0.5452623461211549
0.5452737282405985
0.545345367670862
0.5453827248983307
0.5452664502705526
0.5464641991384331
0.5459948853324533
0.5460446908525797
0.5460650428231146
0.5466246643818451
0.5465259589713494
0.5482292838839727
0.5464414554820404
0.5468798955463104
0.5467957707748996
0.5466261051564583
0.5469849527146007
0.5467441704612553
0.5471172075910874
0.5468982551313806
0.5470915865019672
0.5474160818768337
0.5469578867343682
0.5470220259036457
0.5470337826244888
0.5473779672135682
0.5472612315379141
0.5469685690489998
0.5469385927040491
0.547321793469652
0.5490827493668002
0.5472784508527904
0.5478563455501141
0.547177584280375
0.5472587534055795
0.5468465436722661
0.5471669143152402
0.5471379176970262
0.5476654470303742
0.5474925293778059
0.5465037422268152
0.5471244196971509
0.5473441254761556
0.5477853277111838
0.5471368391743159
0.5476889522390626
0.5477505721110164
0.5478753555420096
0.5476213675602104
0.5479475013016369
0.5478315065957838
0.5476755201031694
0.548014542602635
0.5479288864936355
0.547915540804219
0.5477410053675852
0.5479971298123106
0.5479558907263843
0.5482473347316257
0.5481776835703285
0.5479677215442074
0.5484231874479057
0.5488816213473071
0.5479596779053673
0.5482873224018882
0.5481822117191124
0.5472340338297172
0.5483084606237122
0.5482469971787163
0.5523601328937571
0.5478505001216837
0.5486285678107569
0.5480272296522283
0.5482144974199431
0.548169059505144
0.5480013698061722
0.548196220164851
0.5482291480395091
0.5476166253534838
0.5482618412737305
0.5462479471020012
0.5476650600794781
0.5484735980933695
0.5486779987294839
0.5483636628738893
0.5481431255621079
0.5482801967423016
0.5475981546229435
0.5484807525684483
0.5481813266718502
0.5482656243362146
0.5471652841816779
0.5490718282952326
0.5484320173380347
0.5489966651419155
0.5477856117496075
0.5479580148398139
0.5482975025036546
0.5483729990933822
0.5482077916432437
0.5485469047056851
0.5484188321920751
0.5480101379488177
0.5479154378917467
0.5485441713504191
0.5482989432782678
0.5481284831755396
0.5484058569875592
0.5478550118044723
0.5480902285513118
0.5485738060259615
0.5483801494519623
0.5481430761641212
0.5483896709139057
0.5483950552944598
0.5486006744142469
0.5483301833883791
0.5487987932730479
0.5479617814363024
0.548408211624927
0.5478263980206557
0.5486137731137296
0.5486998573386143
0.5486464828139465
0.5484575890291682
0.5481047474429133
0.5484100640494296
0.5483792520552032
0.548260766867519
0.5480416785633485
0.5483559073899716
0.5484143493247791
0.550237620782194
0.5484618496055241
0.5483177021637307
0.5486776447105788
0.5481352795152149
0.5486607341331197
0.5486328530861063
0.5486460135330724
0.5484249163774414
0.5486013659860612
0.5484847538053739
0.5483222467785104
0.5488404769408551
0.5488321039821035
0.5492140409825457
0.5497587855142709
0.5485115110481891
0.5482103726880507
0.5479705289964535
0.5478850869453964
0.5482085531955394
0.5486425350915064
0.5494860345305099
0.5481724144517433
0.5483906135921525
0.5491720074123325
0.5484549915183657
0.5484793364928285
0.5484226605360472
0.5482602811206493
0.5479568539871256
0.548531714824764
0.5483304139123173
0.5484417610909184
0.548677245410186
0.5485835456623464
0.5498362950719581
0.5504085090008072
0.5487020226170328
0.5482920728416126
0.5483566236607795
0.5485154052561434
0.5486231998961983
0.5484812383153179
0.5485699488664973
0.5486435847987245
0.5467096495015249
0.548442790215642
0.5484349688677421
0.5466724734000076
0.5482994002096451
0.548543158691691
0.5511267721939391
0.5484937854039488
0.5486319515728484
0.548510811243377
0.5486956749757372
0.5486083228691931
0.5483146353720542
0.5486855772039488
0.5486712023898088
0.5486982189720543
0.5501578430336159
0.5484374223010834
0.5486029961196234
0.548535073887862
0.5487350081226757
0.5486442269725522
0.5487030229262644
0.5486587911456413
0.5488454496715197
0.5486589805045906
0.5487197235622797
0.5488425598892959
0.5486940530751728
0.548641971131158
0.5483021994288935
0.5486335734734129
0.5487607979882505
0.5486922418156592
0.5468225691827038
0.5482882938956274
0.5485340776951295
0.5487931495530634
0.5487929684271121
0.5488841447611295
0.548754335084986
0.5486593427564933
0.5486701526825906
0.5486737011046378
0.5487227450724684
0.5486306631086943
0.5493690230494299
0.5483604273057581
0.5482576630273522
0.5466434150343102
0.5486785709228301
0.5486322026792809
0.5484635867680576
0.549139602333034
0.5484052148137317
0.5483934580928886
0.5486440540795986
0.5484753311394042
0.5482173913186661
0.5488622244045155
0.5484965969726939
0.5479936472542458
0.5478261921957108
0.5488923160114353
0.5483686850025408
0.5480557816885615
0.5484174490484466
0.548702685373355
0.5487690968500222
0.5500323639143097
0.5485417467325702
0.5487174389053933
0.5488392255251912
0.5486220143445167
0.5486686872089841
0.5486201207550252
0.5484255256192779
0.548612274708132
0.5486672217353777
0.5486728366398699
0.5484805467435037
0.5480772533467959
0.548066155265776
0.5487433604989328
0.5486679462391831
0.548505929075688
0.5487616995015084
0.548592033883067
0.5484009460043779
0.5485423353919121
0.5490676500488546
0.5486194086007163
0.5485615676747478
0.5486608329290932
0.5486292593825713
0.5486052684270133
0.5484084339158672
0.5485281334707257
0.548398175600622
0.5477203117276419
0.547229983194805
0.5468538875062942
0.5483609171691265
0.5483748391683883
0.5483429321854558
0.5480681641172367
0.5484095700695624
0.5485135528316407
0.5486799170179687
0.548775041074426
0.5486958561016887
0.5486836383329695
0.5493675905078146
0.5487215018898023
0.5487343824148437
0.5487496669752393
0.5487232225863402
0.5490861454783882
0.5483508564458281
0.5487267833578842
0.5487237124497086
0.5463612784330696
0.5487695496649005
0.5487006806383932
0.5487776344687295
0.5497066541722693
0.5487672403090207
0.5487170972359849
0.5490079937468735
0.5473789057753162
0.5488976756929962
0.5489134130682702
0.5467356534250424
0.5486870426775553
0.5488779741292864
0.548454431674516
0.5487173112939275
0.5487960681507797
0.548792742019673
0.5487048877002636
0.548777502740765
0.5487737402607753
0.54885427544515
0.5487212384338731
0.5491775523363437
0.5488394889811204
0.5497540227250498
0.547605288515528
0.5491943147198426
0.5486711035938353
0.5483787868908282
0.5486667236390115
0.5459096943878289
0.5484259496186641
0.5487705664401276
0.5487499263146698
0.5485089547023755
0.5487083990738207
0.5494507396689874
0.5486786861847992
0.5484354216826206
0.5486422098880939
0.5486269829586825
0.5487577023810818
0.5488919908080226
0.5486290617906243
0.548720341037114
0.5485660258430508
0.549492480967779
0.5484671434231027
0.5483952076049188
0.5484215079163568
0.5482531554610627
0.5482268716156203
0.5482694279811933
0.5486151315583648
0.5509463460473871
0.5485391162897765
0.5486489650627799
0.5487191225534412
0.548787736357017
0.5486135096578004
0.5485926390084046
0.5483833726705967
0.5487761031311408
0.5486844575162495
0.548407079587731
0.5484026255359269
0.550126195390114
0.5497810269577986
0.5492150207092826
0.547173760052902
0.5486656780482921
0.5486489938782723
0.5486797647075097
0.5486378957972522
0.5486054866014547
0.5490942261657183
0.5486581242728205
0.548812394185396
0.5491856124411795
0.5488665467283549
0.5485352591303123
0.5487158787523123
0.5474287071789435
0.5488081953565234
0.5489139852616166
0.5487581304969668
0.5480653813639838
0.54864658160992
0.5486974039052732
0.5486725320189516
0.5487483826275842
0.5487116387584506
0.5487750616569205
0.5487929972426043
0.5486868327361116
0.5486509203997548
0.5486473390457166
0.5482619359532049
0.5485222798092975
0.5480007564478369
0.5487295784606335
0.548660841162091
0.5485585379315615
0.5483428004574914
0.5487583980693951
0.548737021090635
0.5486327172416428
0.5489137053396919
0.5486464251829619
0.5487094034995511
0.5486505828468455
0.5486838935559009
0.5460795987632061
0.5485591677558923
0.5480247968013816
0.5484295350892012
0.5481737440808863
0.5484532708218277
0.5480747052339802
0.5484092901476374
0.5483203243735266
0.5485269520355428
0.5507471898308645
0.5481027550574482
0.5470075605265299
0.5480983504036309
0.5461009716254671
0.5484167410106366
0.5485761153818415
0.5486061905227657
0.5484242083396315
0.548562967284372
0.5498302191195896
0.5486902947116821
0.5486973915557765
0.5484578401356007
0.5483702698546151
0.5472208198682655
0.548440641403219
0.5486678927246974
0.5487769428969153
0.5486018517329307
0.5487239059251569
0.5484223353326345
0.548718389816638
0.5491359180665233
0.5489591432544908
0.5489727112348476
0.5489306776646344
0.5486728366398699
0.5487709163425335
0.5486845686617196
0.5486825227617691
0.5486155473247533
0.5468203874382895
0.5488685432303188
0.5488168935186877
0.5487263634749968
0.5486304984487386
0.5488402958149037
0.5486812919285995
0.5486687201409752
0.548431576872653
0.5480650355780766
0.5481621355540033
0.5484820204501079
0.548527565393878
0.5493873126540189
0.548396722476512
0.5486258673874821
0.5486534808620673
0.5468394838766618
