0.5242146110705984
0.5286414300158138
0.5433252654076977
0.566574289912333
0.5652325309815023
0.6468222632736479
0.6986879547194152
0.7235162536165076
0.7316220741830747
0.7392591756827727
0.7518278967839154
0.7626778912342744
0.7602718503288565
0.767751338962442
0.7528969967748861
0.7877151645816551
0.7739474711812516
0.7606063634219051
0.7981145240964803
0.7808953210229022
0.7982244360511823
0.7993234587280305
0.7986668931049392
0.8026744426561985
0.8009826000269911
0.8040520231564574
0.8023306453220553
0.808722822372584
0.8025511218305036
0.8011363125941267
0.8083639642761166
0.8084359846987957
0.8078949189097253
0.8136539117373048
0.8143051800915891
0.8104644358757964
0.8129337941838233
0.8121696363916964
0.8210224126474511
0.8145515311324669
0.817648898756957
0.8238946081094303
0.8139899492609342
0.8227361275415099
0.8228540032439271
0.819776111622172
0.826343169921343
0.8187671425150382
0.8205571605130061
0.8229264264425792
0.8240617040554086
0.8228056803240521
0.8251860812248223
0.828268821453541
0.8258156506608764
0.8280231128148478
0.8273728182607001
0.8246019540956734
0.8277925465133595
0.8228059658361342
0.8292983525290073
0.829138878735932
0.828963584514457
0.8194784346861288
0.832002534327602
0.8291496823091766
0.8271168005964754
0.8338465243059239
0.8315989375075743
0.8289445367798449
0.83233840870147
0.8326459765917823
0.8266802985089999
0.8319166053877862
0.8327460230843655
0.832392054382302
0.8329376271835238
0.8342915560668488
0.8213290271313466
0.832810283696531
0.8350125709440167
0.832533423650322
0.8271966063218187
0.8332018737138255
0.8354479972627549
0.8246014799416801
0.8293341588031455
0.8319152848944072
0.8332502578148608
0.8353026665145975
0.8323310618637892
0.8317534403313653
0.8350612507539942
0.8291561267247416
0.832551456797357
0.8368198675213743
0.8321992827426656
0.8339864303245237
0.8353446571843687
0.8370536560306449
0.8347273749646997
0.8293040066879166
0.8368220241572792
0.8378307842287817
0.8342665890549658
0.8328977115747771
0.8371736271878065
0.8345127157649219
0.8324874154176831
0.8341086345940407
0.8310856836543465
0.8351691335335418
0.8326461754305535
0.8415272632682946
0.8331509352993423
0.8376122094347365
0.8281080118717963
0.8391546527686182
0.8039229513016826
0.8381856094670912
0.832995948124698
0.8355601066408019
0.830178030548875
0.8375538986904223
0.8315854419632708
0.8330948882579639
0.8300973427951357
0.8380165659208393
0.8351419996888937
0.8327514529123533
0.8268774293063164
0.8375324954811341
0.8334915308194233
0.8339281858597999
0.8319016058066222
0.8289223076248908
0.8369055619334083
0.8355364091379978
0.8402591766514744
0.8375500136867354
0.8330603616897645
0.8329830388998485
0.8378928066301614
0.8401019257738945
0.8376435086967235
0.8412267261130013
0.8403653514569605
0.8364237602950686
0.8415381025305497
0.8346928993808007
0.8415849622010044
0.8410501725793076
0.8362172432880571
0.8391752096385208
0.8437294434487493
0.8375138352272046
0.843383581250442
0.8450411165439415
0.8425638505709299
0.8406868737502792
0.8403899819724612
0.8414813417089662
0.8435199999428975
0.8446142912766729
0.8410014519818896
0.841576814909808
0.8420235240542144
0.8436331392038118
0.8422597343177518
0.8433656296782875
0.8312387436224375
0.8438096723437855
0.8370313045133698
0.8421106562235184
0.8397755599720422
0.8418134636383283
0.8414701506550388
0.8352855153959585
0.8425171081643659
0.8319099621334503
0.8409057595485564
0.8443196937923708
0.8443947018950507
0.8446605340370936
0.8341504621140508
0.8413075362290615
0.8467000182166904
0.8343929536433916
0.8419234112820405
0.8423770797834451
0.8450485296612129
0.8459730177826612
0.8345568579721678
0.8440987125393491
0.8448798786940739
0.8414552224518952
0.8430819326374009
0.8428820231957153
0.84317411225244
0.8408148800331766
0.8392083443353204
0.8308295079387908
0.8434758883262319
0.8401812624436744
0.841476844893675
0.8385507029434918
0.8375510690617527
0.8362010557726949
0.8349548057317161
0.841699314888267
0.842681308202084
0.8367506359399244
0.8002154086689931
0.8407229553396394
0.8404284088396375
0.8434530524581035
0.8393743492172712
0.8432114786461691
0.8381702224052445
0.8424429464010719
0.8377289175966754
0.8449092354542173
0.8422790573675856
0.8430348180454446
0.8347141190466081
0.8353240085427255
0.846192979349676
0.8317857898699396
0.8435105117646017
0.8320727957919191
0.840136906102367
0.8425185408232057
0.8428221625286704
0.841551985555536
0.8420569697552464
0.8429915782603148
0.8333049180832697
0.8435125256444658
0.8408246690188443
0.8422424710336521
0.8380809183047456
0.8445826504198735
0.8395519173385421
0.8412257115254242
0.837159417863298
0.8379297702479177
0.8426017472013826
0.8396497868015005
0.8443339133137394
0.8442672462425973
0.8456823409910563
0.8452937539490528
0.8428420005199379
0.8390767997419787
0.8501792276602474
0.8455266145440569
0.8389683816272773
0.8396025192566429
0.8396036409112505
0.8461467722782655
0.8442195759217668
0.8444168698688443
0.8373458827449805
0.8365002163518784
0.8433133758688554
0.8462266748737794
0.8391141559388476
0.8456438835332997
0.8413679067391099
0.8400197645738751
0.8465678414180244
0.8449517206717018
0.843260816153621
0.8446924247169645
0.8448529844756373
0.8462665547935159
0.8412828547292605
0.8455896158440036
0.8436869582312649
0.8439086889535018
0.8298393469400573
0.846776688407562
0.8463786386794128
0.8342922137643233
0.8407597507092042
0.8396741878876496
0.8421292756900075
0.8403432752549074
0.8385027929964499
0.8461140301605786
0.8461809827438026
0.8355041309774441
0.8490463718016847
0.851604075705364
0.8470073617760808
0.8477759195133285
0.8462753597821869
0.8480179980698365
0.8395735856661922
0.8338645829451092
0.8484952060227143
0.8443646160594124
0.8521394363512249
0.8439404011883217
0.8477928564979058
0.8466038414325038
0.8441450980558104
0.8492130853654103
0.8467899239319338
0.8552315729864987
0.8476754804416321
0.8332652828881748
0.8505515813010185
0.8517540154342734
0.850424003286244
0.8560250671450489
0.8453020592915803
0.841992877391272
0.8507834782927457
0.8337082497849354
0.8478272912943644
0.8424496304428482
0.8453329200885842
0.848234625263608
0.8487512134900788
0.8524406363024227
0.840618875988898
0.850701689278119
0.8505447443063411
0.8500371140214423
0.8463660608525156
0.8457961583431652
0.8408988103884183
0.8496658259525486
0.8476556373519345
0.8519226511061223
0.8537478992556343
0.8508219561442226
0.8361287039520634
0.849845504823854
0.8473724552524816
0.8450993865008153
0.8508737663902416
0.8503760219611813
0.8489935979523889
0.849207548470392
0.8537724023103842
0.8536268319360151
0.85434742874192
0.8556497003321271
0.851260732131494
0.8451983827168116
0.8458768104078942
0.8483469538741465
0.8483383987085472
0.8466896684037187
0.8490526785596385
0.8520684458114128
0.8531163210381465
0.8480474567985807
0.8452209942540182
0.8516219966869383
0.8507176218719793
0.8535597824826203
0.8589271750960454
0.847897914747214
0.8523806889620673
0.8579312834619524
0.8494830421373516
0.8478029513893758
0.8539072863753991
0.8527229516687698
0.8502707291840916
0.8504440961990135
0.8516031222989474
0.8525502321544626
0.8547035285877385
0.8504975889269442
0.850052368524108
0.8516929056518697
0.8478339447455604
0.8537797185574849
0.8487527940033899
0.8384042964265971
0.8420069439597395
0.8498818260394257
0.8562513966511778
0.8501821184700774
0.8247680354540745
0.8520500812664256
0.8547730864687105
0.8533350589819527
0.8536954619027208
0.8544165022720389
0.8493559025875603
0.8543798598553749
0.8567314852170257
0.8469815892122523
0.8525823012793847
0.8491745514312032
0.8560711161651282
0.8471179773141276
0.8435672521924651
0.8492731346743665
0.847641540192887
0.851060470898136
0.8498563542829692
0.8550423294604469
0.8504643063756734
0.8476652529909813
0.8587823541908918
0.8479550528526201
0.8509664660451443
0.8567462298766879
0.8545033183386808
0.8495231056005693
0.8525379959223776
0.8552058157179602
0.8508772843069661
0.8527768726648234
0.8509957769194174
0.852034143574135
0.8465692944705845
0.8510149878037905
0.8546643981372172
0.8594212129664701
0.8512404913642537
0.8559404383048923
0.8544038071812509
0.8446998021452257
0.8512763690164125
0.8523241524714054
0.8547840582901467
0.8568731196034074
0.851201728000695
0.8578109248241078
0.858657361080145
0.8548396770634021
0.8546170796080592
0.8523417573503176
0.8517045147770602
0.847852197125087
0.8531309535323478
0.8517638808963918
0.8528017784955462
0.8516167911898721
0.8493831689913893
0.8498066139995445
0.8576531335129441
0.8542071199473475
0.8531948419591207
0.8523919921814556
0.8464112125489085
0.848493008599369
0.8537334706986343
0.8486474043561293
0.8479172072064677
0.8542787222987637
0.8485967769458783
0.8523360471086777
0.8545393081563002
0.8478782246104173
0.8510795543217582
0.8550641507409981
0.8445486540883979
0.8548276345716587
0.848010029223691
0.8528187052832634
0.8509841372036467
0.8567716200582638
0.8559897044343238
0.8552734158017987
0.8415652822610681
0.8574578636425907
0.8498862106892563
0.8551591701815668
0.85696869477285
0.8573835540248257
0.8570461246297967
0.853967147042444
0.8571847662377476
0.850896785801851
0.8555888913570956
0.8557082965885231
0.8513461716220263
0.8508332083793106
0.8592441139007624
0.8530171157865188
0.8579456202472118
0.8554993476303848
0.8500680563933267
0.8572750237446632
0.8515577615669229
0.8469648408695862
0.8563309678487393
0.8594182711723395
0.855558815718317
0.8538941630164881
0.8537126691040903
0.8449193048535371
