0.5301930273493485
0.532971152711053
0.5360277133787084
0.5380477924972253
0.536861570420403
0.5377159381152063
0.53823252009122
0.5392660215655338
0.5397312301798269
0.5404211216178414
0.5410690656214123
0.5401810938784488
0.5410481351235077
0.5408994936013183
0.5405629139072847
0.5423952236151007
0.5429534648967766
0.5464630380990219
0.5531122230320927
0.563975686540912
0.576308882615182
0.5798142902984734
0.5875798384272581
0.5872091525177598
0.5948562591367694
0.5940842427638102
0.5974234454176246
0.5986867625240937
0.6002856508738617
0.5988355192977955
0.6012728377046311
0.5981315260139952
0.5986248971586057
0.6024197466672967
0.6008670330128079
0.6027340992839094
0.5996233168957236
0.5970587649351554
0.6036017414832837
0.6023695464013292
0.6025843834529782
0.603332295795312
0.6005643454957157
0.6044657038665071
0.6036842327533932
0.6005673173382893
0.6044629789914604
0.6050178285857668
0.6029162172543698
0.6042825486324338
0.6040820315812194
0.6054629793207504
0.6051604934938052
0.6058270876617823
0.6073003683273697
0.605274654233114
0.6074395880384078
0.6093349567880918
0.6104599926601251
0.6111428949171284
0.6111240842238297
0.6071465199064882
0.6122131616239466
0.6138377345965118
0.6145177926108304
0.6166101632405959
0.6202422776135627
0.6194066506379253
0.620438645610325
0.6214745550180262
0.6223346194304501
0.6211115168696109
0.623305255320792
0.6248469459913302
0.6237281048880965
0.6248213642716689
0.6255186441548632
0.6247415567153517
0.6248467772301868
0.6240763085203961
0.6267531813121978
0.6326051262555623
0.6368875020107273
0.6422757366094618
0.6431423744742267
0.6475491066114359
0.6492987686363754
0.6520198280348646
0.6549514190177839
0.6539174976986742
0.655362842220844
0.6598501475137039
0.6587947564842559
0.6612721741852088
0.6669557490171104
0.6729865972369602
0.6770146664135525
0.6829565692785897
0.6860768928455647
0.6911058473184184
0.6943889842275013
0.6955992444769417
0.6930793607097386
0.7005648970565258
0.6986876104459361
0.7024030516624784
0.7051006532620376
0.7002293875551088
0.7060518075306326
0.7044763440507911
0.7089141364706332
0.7092705023796968
0.7096576363264864
0.7129245762819303
0.7117314638111074
0.7127824053089455
0.7158933893872785
0.7152942132380192
0.7143028567721705
0.7187652265770648
0.7185817667497082
0.7190995959117326
0.7221813102220025
0.7227663927577267
0.7245614638786118
0.7254829079537208
0.7251249614524852
0.7270839243403455
0.7266688871791418
0.7282049099449378
0.7314555706242334
0.7311966457529077
0.7315017082743835
0.7336392369164424
0.7334395348580669
0.7342088839817356
0.7361193136344351
0.7372894169640019
0.7383025230367193
0.736167488766682
0.7396517519135456
0.7412841908018426
0.742222844397451
0.7437280044546355
0.7449319011741331
0.7448564608269165
0.7477125991142426
0.745804149317884
0.749604168680138
0.7518640944285279
0.7529186951618897
0.7534044267776682
0.7541886803915852
0.7566239242711947
0.7576480039343574
0.759063341902009
0.7598633767408947
0.7617520897157288
0.7630509166364406
0.762834293186347
0.7606168376203328
0.7666382352161534
0.7678261366721586
0.7677467860057662
0.7702421500136738
0.7715730127387497
0.7708815736375666
0.7728003631410516
0.7730986217071614
0.7744986765010233
0.777263729048304
0.7787029817048102
0.7782707679521107
0.7765372287905523
0.7785968185972475
0.7802582267764497
0.782128219612745
0.7777707904261557
0.7815504555480679
0.7840757314396083
0.7847188060667738
0.7836172938516776
0.7847421362658147
0.784849480701381
0.7856241890203836
0.785115016070177
0.7884163380214905
0.7877206963562245
0.7834099769612226
0.7874490444250127
0.7912424409414205
0.7894338689290649
0.7869460497791039
0.7917538612961218
0.7932154727460633
0.793822181404893
0.7903281589245914
0.79482054763238
0.7944735459087112
0.7962179187124496
0.7961751768657943
0.7972458263722793
0.7968670234633969
0.7990786917570307
0.7962704734021736
0.8008070404843988
0.8012082845092253
0.8008162441409011
0.8012435350075646
0.8024831514637025
0.8032272440416202
0.8018405666554653
0.8014019070503137
0.8047504780056485
0.8026994497398856
0.8045840671698986
0.8045171142733566
0.8074694258317826
0.8064748052784535
0.8087224238117529
0.8093877543292172
0.8084358138806618
0.8089479586734419
0.8111652084331836
0.8094655326356884
0.8129379701541389
0.8123213498652297
0.813159500025767
0.8144619367884969
0.8092501275587276
0.8146603175706035
0.8135295355874445
0.8134669252032504
0.8128691855817723
0.8119582211620546
0.8171365292468
0.8175213087698331
0.8144731861593472
0.8178656555925878
0.815866227075445
0.816001643486569
0.8195317191096722
0.8194491414009283
0.8126212713460208
0.8201264210305692
0.8177416326167048
0.8209425993134631
0.8216448761729517
0.8201320189611789
0.8197571757649779
0.8185299776593176
0.8205181609217355
0.8229686056526258
0.8227842114647923
0.8224497062979849
0.8231905841819274
0.8220731096323427
0.8226841402228932
0.8201352254229031
0.8245856543478716
0.8195982233485405
0.8249877545267912
0.8247969186026314
0.8236354509042552
0.8248493209957137
0.8264704117261499
0.8250714682861591
0.8260593836711326
0.8238381206890789
0.826532561104294
0.8221108380382018
0.8283624505303464
0.8218127811622391
0.8274259126232183
0.8271228176097066
0.8266834253342252
0.8257030630394491
0.8284669960006077
0.827971546212646
0.8277032201107963
0.8241208779267504
0.828094696569934
0.8298231482004381
0.8287543097891505
0.8288497750866732
0.8284566274806036
0.8302372345366633
0.8314114622239294
0.8306695635408755
0.8305982022739782
0.8281350099025746
0.8303911282349248
0.8317968715141564
0.8325339666788119
0.8312877314929534
0.8312421412874877
0.8274024342436611
0.8324982510582969
0.8338043635210521
0.8327603865074724
0.8333021921002333
0.8343846795835074
0.8340556859086751
0.8317454158299269
0.8347279027040146
0.834347885538125
0.8334127841587783
0.8340723068232353
0.8336950021840163
0.8359772826097157
0.8312591203049622
0.8337348174654777
0.8324527514075915
0.8362792086436001
0.8364165637498101
0.8350616628521159
0.8375231717282112
0.8320822013302329
0.8356529154598874
0.8376380404410971
0.8368805128297161
0.8359956240647135
0.837376201352954
0.8371379723603823
0.8374647268629707
0.8384145722036732
0.8370377652863431
0.8375634233189702
0.8362339477281704
0.8381461925921927
0.8393841502497748
0.8384679007249815
0.8372129599337995
0.8397495798670755
0.8356739365125518
0.8401677000062401
0.8375716432214905
0.8394495390186465
0.8401560307905941
0.8376470218268254
0.8395498901570763
0.8386252519686194
0.8379771762490341
0.8400092044797275
0.8255610402469807
0.8400448089648554
0.8365938658534959
0.8417571706609822
0.8414831066802576
0.8393379096964884
0.838073176642865
0.8397826158899236
0.8397421049832613
0.8366104250261746
0.8412193947550354
0.8416852372526478
0.8418829800353098
0.8410754620803591
0.839870458123116
0.8384185771937344
0.8410358773019225
0.8399993257786517
0.8428958473727513
0.8417328855208371
0.8397731611497689
0.8404099339888731
0.8432118917169232
0.8414782002587232
0.8411538578056473
0.8390018362858851
0.8422351886576707
0.8407124115835674
0.8437081441493475
0.8428675819392978
0.8434491616522655
0.8427171581347892
0.8414482019364559
0.841981931691087
0.842608208410298
0.8415306396969346
0.8421373977492697
0.8443740138792457
0.8434721337483926
0.8409286357694925
0.8429709913589355
0.8413474433016068
0.8357091993592675
0.8445398402251817
0.8425764525024643
0.8435076764916386
0.8434216947471489
0.8444874254837229
0.8434358336380637
0.8435665782468038
0.8460286057547056
0.8437854408691414
0.8439086941295655
0.8436713706845923
0.8458354977292983
0.8422140647018699
0.8434976948874265
0.8430580103670382
0.8438780289949757
0.8436764417511446
0.845539614167572
0.8451157026399018
0.8447576820484078
0.8445967127305009
0.845788256957528
0.8446012733974978
0.84421273585193
0.844216242790812
0.8445598075497313
0.8442870401485228
0.8454671333145528
0.8448398975381124
0.8437699271923266
0.8468389309072121
0.8461085079819082
0.8467588475704898
0.8465890862086253
0.8446498313294113
0.8465446114731564
0.8472717332658508
0.8473177103871085
0.8423450521620114
0.8451775186118844
0.8444363443669096
0.8458338348146172
0.8473311001431918
0.8471599392986747
0.8466463456297367
0.8475103409419638
0.8473650540620148
0.8466031551254077
0.8460269551884008
0.84736950770975
0.8480043788988969
0.8477755758336019
0.8479732115970025
0.846810640777006
0.8479007472084847
0.8470708210665935
0.8469234596594186
0.8488951249104125
0.8483044567924549
0.8482947015751425
0.847554404064888
0.8483083876922581
0.8485702802900321
0.8490731884973063
0.8476796412977781
0.8478661100128374
0.8490717066921449
0.8482648143882621
0.8476440326965248
0.8492289015230158
0.8475304194019007
0.8495010679699089
0.8476340016988073
0.8486602999535865
0.8456892023986144
0.8494538807077695
0.8493419756052063
0.8500082775282767
0.8501950590688699
0.848505513056103
0.8491152223703844
0.8444631362274525
0.8500023626560073
0.849124611252532
0.847424173971829
0.8505027147493782
0.8498691771848765
0.8467290344738678
0.8453389736325942
0.8497636026832527
0.8488906877271792
0.8493102485102506
0.8490533487726454
0.849171802630797
0.848854959758288
0.8491905598144648
0.8500035481001365
0.8479776487802355
0.8505055878049411
0.8489889067126268
0.8491234463890301
0.8439606972584793
0.8502229211220295
0.8501242822917863
0.8499028553232945
0.8498632046868508
0.8489762372784969
0.8496799959431468
0.850761915401109
0.8500274710212421
0.8486872358785204
0.850151226448971
0.8492730840135779
