0.563454921692669
0.579831172096025
0.5899554057197746
0.5942788183735188
0.5985801871571476
0.6011668242568871
0.5983325453822314
0.6030316418649677
0.6035925880066337
0.6030124121059306
0.606196578791358
0.6088385600756433
0.6101180425793766
0.6100566011541608
0.6096790412511162
0.6117778990972331
0.6122933504431287
0.6136628845013771
0.61549627786908
0.6189688909400632
0.6236525098118673
0.6260055756920837
0.6281518044080235
0.625901922600689
0.6250333003144299
0.6335136240497685
0.6302605116429155
0.6319757123453177
0.6318612718281216
0.635995201002574
0.6342133996713119
0.6344802712052651
0.6411257945173612
0.6447076889018963
0.6453033424135317
0.647598719016637
0.646050019886385
0.6474547303331157
0.6523888050909146
0.655852975828662
0.6618564127963259
0.6623629527904725
0.6665067313537
0.6711814388737551
0.6621697171630758
0.6739327014715925
0.665675630548489
0.6657966373248685
0.673929887360514
0.6657389480477574
0.6674822898609454
0.6693682133021155
0.6727728186886993
0.6767533788093685
0.6739889836931643
0.6748477565906482
0.6729271257795088
0.674889968256827
0.6764414814981577
0.6727690665405945
0.6735729642720457
0.675373995362345
0.6726757318564878
0.678927279617581
0.6766084520888208
0.6770680902316577
0.6659110778420645
0.6748280578130981
0.6788705283774961
0.6747830320358406
0.6795618616658037
0.6683457529435602
0.6784282439196441
0.6786960534906233
0.6820954996735632
0.6736442550860368
0.6788043967671493
0.6747244047217031
0.6792288585215036
0.6751310437725597
0.6769306678073197
0.6811204101848308
0.6822920184305514
0.6811030564998461
0.6783067681247514
0.6853289133028658
0.6793948910751405
0.681800487028824
0.6844809278311833
0.6825917212604216
0.6769395791590685
0.6853326654509706
0.6753833757326069
0.6793217241870971
0.6876289800911022
0.6768565628822502
0.6868419670261225
0.6919364461154012
0.6787251326384355
0.6881875811402027
0.6816034992533226
0.6904116669293171
0.6950399416165753
0.6958607240144983
0.6914664895652761
0.6703554972721883
0.6891457859624635
0.696409944693337
0.6907826605731782
0.6973207786457747
0.6928397757716291
0.6993877432330009
0.6957003196830186
0.6927792723834394
0.7000706341880727
0.6982916469678891
0.6914580472320403
0.6994069729920378
0.6965661278581988
0.6993694515109901
0.6962350007879512
0.697939883083065
0.6906100617603578
0.690976834237601
0.6947655657864127
0.7005940588486909
0.6991541720134777
0.7017267385578243
0.6905101608170676
0.6959582798652229
0.6974328740704053
0.6976200124571317
0.7024363635681428
0.7038213752373235
0.6984661218547619
0.6921357789834679
0.6947374246756268
0.6986541982785144
0.7030953345790465
0.6992789309379619
0.7015330339119146
0.6939199254072956
0.7013956114875767
0.7002990462039518
0.7013177544144023
0.7021413509234037
0.7004646097390756
0.7026174047141989
0.6993211426041408
0.703610316906429
0.6913065542523095
0.7041759532332261
0.6785553479366937
0.6956853110905994
0.6947815124158581
0.6934579421718935
0.695479411963349
0.6980693321926803
0.7004359996097766
0.6985402267798315
0.6909074194976624
0.700033581725538
0.6993539739000577
0.6986790562597086
0.7001728802239282
0.6959995534943755
0.6967724960039623
0.6997230914698666
0.693673690687919
0.6940414012021883
0.6962087357512176
0.694187265959762
0.6959564037911705
0.7021516693306918
0.6949977299503965
0.6984745641879977
0.6945376227890467
0.69411128496064
0.70096927365917
0.7057251213819913
0.6989623434416203
0.7059019413614294
0.7016939072619074
0.7056927591045872
0.6988647875908958
0.7027384114905785
0.7008215328275438
0.7012089421193634
0.7009092392894932
0.7021432269974561
0.6925691520895714
0.7032993576322444
0.7028673915816804
0.7033532947612509
0.7039686470504364
0.7054254185521212
0.6980998183960316
0.7003581425366022
0.7072034677352784
0.7060290453784792
0.6964451210818194
0.6950357204499577
0.7031563069857493
0.6897062630856166
0.70598073647163
0.7020921039795283
0.7017909940941188
0.7031553689487232
0.6973207786457747
0.6918342000795455
0.6971125344259588
0.7042903937504221
0.7060937699332868
0.7030540609498938
0.7049526478909176
0.7007235079583061
0.6953902984458604
0.7052575099244318
0.7050000187607406
0.7047870843557937
0.7050553629452863
0.7021047674793819
0.691817315413074
0.7073741904740464
0.702304569365962
0.7041351486225864
0.7070393112556939
0.6958330519222256
0.7056444501977381
0.6971599052957818
0.7071476545322197
0.7048424285403394
0.7097202210765662
0.693280184155429
0.7090607810471495
0.7076987512851107
0.6990791290513819
0.7050835040560721
0.7043851354900681
0.7066814501301996
0.7034194263715978
0.7028903734888223
0.7083624124811454
0.7061341055254132
0.7013125952107582
0.7059127287872307
0.7001597477055614
0.7097821315202955
0.7076466902301568
0.7086442926075178
0.7044400106561006
0.706441312651493
0.6967701509113968
0.7037031825720226
0.7098965720374915
0.7050215936123432
0.7099922518141637
0.686146412571197
0.7037646239972384
0.7096719121697171
0.7054479314407498
0.709552312448877
0.7118626976444014
0.7106596651583033
0.7054573118110119
0.6960942952340214
0.6994008757513677
0.702889435451796
0.684241728389503
0.7099139257224762
0.7063573583376482
0.7081161777617686
0.7065562221872022
0.7106141703625326
0.7038138709411138
0.7061749101360527
0.7030709456163654
0.7096114087815275
0.7077709801361279
0.7036262635358743
0.7019617168328869
0.7078558724869988
0.7038368528482555
0.7090134101773266
0.7087188665511004
0.7113899269831978
0.7063869065039735
0.7035169822223224
0.7118838034774908
0.7101015331277156
0.701701411558117
0.7096081256519358
0.7144380782998266
0.7141210217849719
0.7080505151699348
0.713299770368536
0.7150975183292434
0.7079825074855355
0.7058775523987483
0.712410980286214
0.7130624470009079
0.7153479742152382
0.7107947424900756
0.7108983955814704
0.7129930322609694
0.7127144352641888
0.6878498878107717
0.707648097285696
0.7095832676707415
0.709138638120324
0.6994459015286252
0.7118603525518359
0.7046332462834973
0.7118068844413428
0.7116844706094239
0.7130094479089278
0.7146632071861141
0.7113735113352395
0.7124142634158056
0.7114640319082675
0.7116788423872669
0.7107168854169013
0.7088684834567791
0.7088450325311242
0.7026403866213407
0.710031649369264
0.7124044140270305
0.7123434416203276
0.7013895142469064
0.7078718191164443
0.7048044380407783
0.7035376190368986
0.7160379004480064
0.6937177784281502
0.6993352131595337
0.6909257112196733
0.7089599420668333
0.7062100865245353
0.706194608913603
0.704275385158003
0.7135488191989915
0.7123181146206201
0.710269441755405
0.7074361009177754
0.706070788026145
0.7147072949263452
0.7120329513646563
0.7165299008682471
0.7099748981291789
0.7067639973885049
0.7093070157665263
0.715276214382734
0.7042256691956146
0.706374712022633
0.713841955769678
0.6956839040350601
0.7144235387259206
0.7143081601716983
0.7135816504949083
0.7090035607885513
0.6984070255221113
0.704295083935553
0.7071270177176434
0.7131379589815172
0.7130990304449296
0.7056679011233932
0.7074159331217122
0.709319210247867
0.7132641249615405
0.7106835851024712
0.6938861560743527
0.7068620222577426
0.7108219455638353
0.7072461484199705
0.7059741702124466
0.7112398410590064
0.7125465266364994
0.7094439691723512
0.7142485948205348
0.7126694094869312
0.7079529593192102
0.7137247011414034
0.7152053925872561
0.7137059404008795
0.7089233586228115
0.7146664903157057
0.716852585605259
0.7113008134657091
0.7153170189933737
0.7166809248294649
0.7029597882287609
0.6930799132503357
0.7079501452081316
0.7074356318992621
0.7092169642120113
0.713480342496079
0.7173169139332268
0.7134038924784438
0.7099364386111048
0.7179346113149778
0.7165889972008975
0.7159562912267272
0.7106291789549517
0.7080326924664371
0.7101212319052657
0.7138677517878987
0.716780356754242
0.7098299714086314
0.710202841126545
0.7076420000450259
0.7094641369684143
0.7161270139654953
0.7094097308208951
0.7136276143091921
0.7169975123258066
0.7043827903975026
0.6951121704675927
0.7112853358547768
0.713081676759945
0.7167869230134252
0.7085082772387191
0.6979234674351066
0.7130840218525105
0.7172958081001373
0.6999796445965314
0.7111366569861246
0.7130727654081962
0.7135436599953473
0.7176855624845224
0.7095588787080603
0.7134536084408324
0.7075688331569825
0.7163741867218983
0.7098248122049874
0.7133114958313634
0.7173478691550913
0.7091602129719264
0.6982348957278042
0.7059985591751278
0.714889743127941
0.7175228130604772
0.7058161109735324
0.7093295286551551
0.7155599705831588
0.7129930322609694
0.7159422206713343
0.7080401967626466
0.7164037348882235
0.7176189618556624
0.7170505114177868
0.7092784056372273
0.717474973172141
0.716115757521181
0.7058362787695956
0.7184214525315743
0.7165078569981315
0.7167648791433094
0.7153212401599914
0.7145543948910751
0.715361106733605
0.7028481618226434
0.7144038399483705
0.7173169139332267
0.7168324178091958
0.7114508993899007
0.7143011248940019
0.7105743037889192
0.7060998671739571
0.7145994206683326
0.7141955957285545
0.7133907599600772
0.7051496356664191
0.7158470099131752
0.7164417253877846
0.7105700826223013
0.7114457401862566
0.7143423985231545
0.7153198331044522
0.7164154603510511
0.7026727488987445
0.6973620522749274
0.7153287444562011
0.7168722843828091
0.7161842342240933
0.7071865830688069
0.7151720922728262
0.7017253315022851
0.7162081541682612
0.7150055907006762
0.7104382884201205
0.691028895292555
0.7079084025604657
0.7090574979175579
0.7151176861253068
0.7119846424578072
0.7116103656843542
0.7140985088963431
0.7171776154348364
0.7165988465896725
0.7110630210795681
