0.5290032201272608
0.5380672782350977
0.539041812096239
0.5373888666709584
0.540647899549416
0.5642940853088403
0.5919959470982386
0.6041359569407178
0.6141489918867874
0.6205267512755461
0.6292633963007228
0.6338377288339362
0.6528538867667061
0.6630625776198357
0.6703143838991661
0.6763552836973606
0.6757709461803426
0.6859012166114311
0.6900160742931007
0.6878260979805795
0.690796372310462
0.6922264501233438
0.7009303225577012
0.7086139886029426
0.7158424482187302
0.718768819954581
0.7214572961040214
0.7233917474648373
0.7260664963359075
0.728502143595811
0.7307306921199084
0.7309731689539427
0.732588632940891
0.7369703554998761
0.7365076083286011
0.7400126908379823
0.7406976882028388
0.7403861386676562
0.7374944164758295
0.7464333443700377
0.7471100642066175
0.747749969417188
0.7482382489146189
0.7494732141490001
0.7501814264613851
0.7525559369100048
0.7509547270654842
0.7548360522537186
0.7555322207830418
0.757089005285599
0.7561693558411854
0.7599938784982332
0.7612809538807901
0.7617176130489738
0.762943074149695
0.7655422756542869
0.768405921754431
0.7710471859449792
0.7721404370963008
0.7758306505799704
0.7771489673546798
0.7779893978487153
0.7817021388869634
0.7838106159156082
0.7862286338102167
0.7853975798499524
0.7854383994660233
0.791543708395233
0.7941422842487569
0.7955275909651375
0.7970667790314032
0.7977760903492828
0.799406178929949
0.7977116894505186
0.8012678613089641
0.7989939242695483
0.802251709961995
0.8030205610344843
0.8049773341436063
0.8062369878984266
0.8074781561338584
0.8082235782202961
0.8092780719343962
0.8107181848611211
0.8097407491315386
0.8128584630749794
0.8105147741737164
0.8131398784557549
0.8132217770037999
0.8113386372628226
0.8133237951730361
0.816091263885955
0.8165525662971976
0.8176859085103858
0.8164090081899372
0.8204062599352978
0.8201712497528267
0.820459164495685
0.8211838907033685
0.8220433912066059
0.8206170508356312
0.818820263290434
0.8237196050890457
0.8233376451119446
0.8209731039191606
0.8245699966066661
0.8249429628496628
0.8255299758482223
0.82744699953389
0.8247491633151801
0.8268901453864901
0.8275353933278924
0.8281376895002415
0.8293756842029526
0.8277162064865856
0.8296604912710973
0.8296593593365991
0.8302115252171134
0.8285841080018632
0.830569508763478
0.8296735928983995
0.8321658656960953
0.8275847827171466
0.8313506011930506
0.832861223348705
0.8300129303964833
0.834254428909821
0.8330362368866417
0.8333245797065465
0.8342824020983678
0.8321209258384508
0.8347971194695533
0.8337829967138501
0.8359589781998472
0.8338226679309209
0.8344228072535351
0.8336663251380177
0.8361290318066185
0.8350131831265858
0.8364293937128324
0.8329824473592833
0.8352180015288937
0.8379630085452411
0.8351717362788547
0.835424598097395
0.8372889353773243
0.8371167166885671
0.837716045134468
0.8382840169367037
0.8376948347400329
0.8373333113257826
0.8388168905372417
0.8395117460225467
0.8367063513297472
0.8378475224135379
0.8402564765999091
0.8407794591509948
0.8371985864237341
0.8404377960420326
0.8399461083927303
0.8401246453340506
0.8400088916541935
0.8407906179670852
0.8403673279743575
0.8420935075036143
0.8420338854264956
0.8420037430398376
0.8426690323960477
0.8412008968872707
0.8414855557748993
0.8422771443243651
0.8422900154486421
0.8421455641421591
0.8366928175092733
0.8427957843631029
0.8382940849795503
0.8433532518131944
0.8420869134706461
0.8426145760563666
0.8423603312196755
0.8359159194115324
0.843317964269726
0.8445397867155509
0.8416186177622668
0.8442981660356098
0.8441231936589276
0.8449450398465641
0.8448551477828984
0.8463490378886055
0.8442023755641768
0.8451834705292827
0.8455295214279728
0.8457318742711369
0.8467411317665605
0.8453972126915624
0.8466001338893284
0.8459259619344011
0.8466272303431548
0.846718661837738
0.8469550550383598
0.847178791153228
0.846397851020297
0.8474355221296899
0.8476622835967627
0.8473904917172854
0.848184768096669
0.8493015799500565
0.8466368044509476
0.8487458947822841
0.847967856517794
0.8485416979149191
0.8473659554934881
0.8493891669834711
0.8494077512898703
0.84940609660744
0.8502911747142133
0.8497612317949945
0.8497373747318961
0.8485060687330385
0.8459392076260939
0.8506075812774248
0.850827654040644
0.8513082775447411
0.8489585955648254
0.8485152394605372
0.8512698411653047
0.8509609712277891
0.8511412986836796
0.8478211866196945
0.8501020552143652
0.8520767993271945
0.8518504700532941
0.8519983459761499
0.8516485288226745
0.8513843517752767
0.8500423220018595
0.852538649183122
0.8533334277298102
0.8518050239122192
0.8520872666342095
0.8523803553467564
0.8477944853139113
0.8531732363596131
0.8509988272335371
0.8509584480428894
0.852880612769242
0.8532892946327535
0.853430391296996
0.8497450718864845
0.8522926818747074
0.8509654166432733
0.8539024573762861
0.854230298535993
0.8520955812076152
0.8547809414500913
0.8538332817720019
0.85312068990214
0.8529574608313619
0.8525873964568061
0.8555615811058646
0.8475325597871338
0.855516558925711
0.8532241240185305
0.8561371842046813
0.8532364970916282
0.8552931767976314
0.8544009448648289
0.8550050356678734
0.8557388050031669
0.855755129556695
0.8557496180647196
0.854304981516127
0.853138603280091
0.8529696075175598
0.8556125263905382
0.8551617283314397
0.8551876846185167
0.8541354218444095
0.8569650769806012
0.8568313522970367
0.8553385735452008
0.8571919413508102
0.8552101545473391
0.8579028167963603
0.8575558109565662
0.8574385137296657
0.8562541356770442
0.8560401506633629
0.8574191720561842
0.8560025045800127
0.8565055198065487
0.8576010430591177
0.856092869998105
0.8572209764997226
0.8580042628241593
0.8574946494485298
0.8569881849088681
0.8569415162785352
0.8565967454948594
0.8585076196891073
0.8573668231727326
0.853645862231964
0.8585771780930583
0.8588229437113258
0.8580361957253871
0.8592512883061041
0.8597631449701029
0.8586527089950348
0.8587097790743756
0.859355360421939
0.857065070016117
0.8585375521533676
0.8528552286236023
0.85940279053548
0.8599815836315191
0.8595528274241961
0.85300968623105
0.8588913537162768
0.8598955401451478
0.8574288037897333
0.8587710393694229
0.8607357113232801
0.860937759573161
0.8599956278515488
0.8590738339057766
0.8592586191255275
0.8612732896552052
0.8612542278782542
0.8591348595816732
0.8611934409376336
0.8593421270786227
0.8607182054417484
0.8602128934172122
0.8576999617858915
0.8605103328743579
0.8618738364742389
0.8616258522643547
0.8586237108912514
0.860929918354182
0.8592639124628539
0.8609060448265818
0.8546341069069738
0.8620704925997827
0.8609994109001258
0.8611903826564256
0.8613027652295406
0.86202010710817
0.8623070586776733
0.8616296596803943
0.8616476759614815
0.8621361118716797
0.8619424564015876
0.8619499642144053
0.861056678553488
0.8628282918754434
0.8629905865857448
0.8619590855483987
0.8639689525596785
0.8625650039111425
0.8625484447384637
0.8560564464040129
0.863220299314764
0.8644089622539771
0.8620090306145887
0.8556336626947154
0.863941164596777
0.8633759917598461
0.8602369357059558
0.8634457271571914
0.8628151449707615
0.8601098626811157
0.8635808801362865
0.8626950734753088
0.863607437377679
0.8646599923966931
0.862672936952648
0.8646960620039965
0.8653710983452682
0.8631234180700871
0.8623647091307023
0.8619058516979756
0.8646011441511586
0.8650085129706521
0.8640214743203989
0.8650889338296612
0.8625291689229895
0.8639711464545424
0.8652898377966677
0.8656919297433365
0.8645808722333257
0.8658697587110796
0.866697038184308
0.8654119797032209
0.8648923353298736
0.8669296445495174
0.864017012440413
0.8643388687537177
0.8661536478832496
0.8647831551023574
0.8646523652162375
0.8657857197778017
0.8643423262990945
0.8656688588601988
0.8648667289134596
0.8665381392775013
0.8661291651690831
0.8641195862865847
0.8644118064966619
0.865835981785651
0.8639620045399217
0.867127860686606
0.8661196322225448
0.8648756032799263
0.8669282203701121
0.8674533309580545
0.8658944554637696
0.865742982047272
0.8650140779722584
0.8620519659191399
0.864449946515066
0.8667325932759303
0.8664968751198822
0.8683954544474161
0.8662382301450867
0.865571446635339
0.8666685134349511
0.8679999236047116
0.8679902918711627
0.8682384571905665
0.8686910581126115
0.8679912097671376
0.8624905637824096
0.8646345876704261
0.8681892900720866
0.8679717857711471
0.8666831503770454
0.867499213408427
0.8653201242477163
0.867089317287908
0.8676234257260804
0.8681562787459911
0.867505613983499
0.8695064996090505
0.8662441203206033
0.8678669357076024
0.8680234801906525
0.8665465732185451
0.8665852442171318
0.8677369484659447
0.8681423538935995
0.8688296809854597
0.8668852686010591
0.868822329585409
0.8684235634681022
0.8674019987575887
0.8678636880846237
0.8691104501345396
0.8692952518187924
0.869234082078505
0.8681541548252597
0.8689166958774368
0.8699998172440302
0.8671408676430226
0.8660529921515365
0.8696963188502246
0.869034853374556
0.8704819349016649
0.8676139462891729
0.8655627122171379
0.8688189955237958
0.8671903928644167
0.8702830766490062
0.8687795671581265
0.8706051181879565
0.8680620153570995
0.8670670037718526
0.8713466793487237
0.8694272230329159
0.8691840711543081
0.8695907525808517
0.8694405057697376
0.8686933919557409
0.8682108914984392
0.8670399237825283
0.8682629563692349
0.8704434944061032
0.8703559197210651
0.8697482931662605
0.8686029483312651
0.8701809638088847
0.8707358627966963
0.8701325664058635
0.8681636095654146
0.8708632568793216
0.8712858512468483
0.8701539126324385
0.8693381912394691
0.8705182144313665
0.8708082777917086
0.8720847706157377
