0.5023366502322579
0.5272072949263453
0.5452115085886671
0.5635477873582626
0.5803696053490623
0.5885061385142994
0.5943290033544204
0.5984047742332486
0.5996260984413577
0.60349362510037
0.6063893454002416
0.6098450738047533
0.6140465416450918
0.6187540804610641
0.6235619892388393
0.6247500131325183
0.6296507875758872
0.6338100437500469
0.6376864817608081
0.640986965037484
0.6451738933039165
0.6475429058135783
0.6510624207358713
0.6536598452614122
0.6558698604951336
0.6585076206128008
0.6620768514974823
0.6644885446918362
0.6666661976481536
0.668710649346751
0.6708259228408264
0.6732263595908657
0.6756680699700579
0.6782833171990965
0.6798095034407199
0.6817034001966126
0.6849227432705224
0.685971468665811
0.6886401840053431
0.6912746609934188
0.6924448621836001
0.6951051351898963
0.6957720795155227
0.6991931005500649
0.7000908019841359
0.7027107393983055
0.7058597296952506
0.7069994446820804
0.7057537315112902
0.7100490030542486
0.711732779516273
0.7118247071448405
0.7145909783350968
0.7156500221376738
0.7166809248294648
0.7179913625550627
0.7193332245210383
0.716956707715167
0.721023098223733
0.7214489670336268
0.7260922503133045
0.7254403145800972
0.7206994754496949
0.7289485730580758
0.7292009050181228
0.7308668587766497
0.7319493535048816
0.7334384872839701
0.7340636889619307
0.7357737304606886
0.7359177191442099
0.737774563437568
0.7384189948745656
0.740281936408594
0.7407969187359764
0.7422499380895562
0.7440209519950172
0.7446381803582551
0.7457563204934825
0.7469645121832249
0.7491219973434791
0.7492186151571775
0.7492439421568848
0.7525205054893926
0.7546104519837608
0.7553927748636095
0.7574095544699341
0.7580966665916237
0.7597527709613754
0.7623351868944971
0.761901813788394
0.7640921302445649
0.7648622586430731
0.7671238659132353
0.7668321363980879
0.769121884779036
0.7709960827573785
0.772162062780942
0.7719510044500475
0.7756618789256849
0.7735118980616404
0.772982845178865
0.7776392609769092
0.7785407145590851
0.7781073414529818
0.7811578378621762
0.7831202113209812
0.7830067088408114
0.7803717628342226
0.7841201587909079
0.7852636259258425
0.788210000225129
0.785721387994627
0.7866172133546455
0.790485678050684
0.7889440141981284
0.790053242981607
0.7923504956587646
0.7957696406192545
0.7949479201843055
0.7941890482301117
0.7984711872547032
0.7939048230111738
0.7984186571812364
0.8000827348657106
0.802658584539649
0.801681149958351
0.8052888403611067
0.8044530493707647
0.8040374989681592
0.8085785362119813
0.8078768845163856
0.81005406845419
0.8099152389743128
0.8111459435526839
0.809342098351306
0.8129399393652866
0.8134666471554965
0.8134141170820295
0.8165190196387432
0.817230989741627
0.8178566604381008
0.817620275107499
0.8191183202383365
0.8194935350488154
0.8205825960362307
0.8209681292539979
0.8195226141966274
0.8225018197918309
0.8253037363890827
0.8258337273088843
0.8264228145613363
0.829109352604366
0.8277717118050084
0.8289967881612224
0.8299760988165724
0.831825907832234
0.8314868074472634
0.8333117584817307
0.8341930442678432
0.8319891262747923
0.8322395821607871
0.8349917827956506
0.8361033566716947
0.8352877334774158
0.8363031585582746
0.839672587556376
0.8407250650997697
0.8401556766248676
0.8421039795282799
0.8382683461281583
0.8439763014325701
0.8425195299308855
0.8443599585762849
0.8408920356904328
0.8466356364018399
0.8488071921174872
0.845115078382374
0.8478691550912897
0.8479169949796258
0.8507948925759998
0.8501063733987707
0.8523342113359899
0.8531024636604457
0.8529861470691971
0.8538134957263033
0.8563077361789624
0.8543781940160743
0.8569118320238336
0.855607022520393
0.8563086742159887
0.8598910376190367
0.8559512821090074
0.859754084213212
0.860994169161845
0.8571913670576404
0.8581481648243618
0.8608074997936319
0.8611198661233556
0.8633964819859369
0.8639968256827033
0.8623637032200935
0.8652312824091792
0.8637257329821322
0.8657481408106141
0.8663541127295376
0.866517331172096
0.8675426056417299
0.8680341370434573
0.8665201452831747
0.8703876719421869
0.8660173574371327
0.86827521255919
0.8718331869995573
0.8691410207343705
0.8717224986304659
0.8724372828444285
0.8731623854656791
0.8743480642667928
0.8741735893799201
0.8741473243431865
0.8753283129591691
0.8746116526711543
0.8765655837967236
0.8766894046841816
0.8759098959154115
0.8766303083515312
0.8760618579136554
0.8787230689569779
0.8784163308494113
0.878918180658427
0.879677990649647
0.8817613708848315
0.8809471547460922
0.8806376025274469
0.8829916064446895
0.8804804813255588
0.88199118995625
0.8847049310730392
0.8833297687926337
0.8817613708848315
0.8864346713493475
0.8819574206233067
0.8858906098741529
0.8866199336620215
0.88467022370307
0.8859637767621962
0.8846008089631314
0.8871185003414455
0.8876212881874873
0.8883820362157335
0.8888510547288323
0.8891409081699273
0.8897206150521173
0.8853765655837967
0.8897421899037199
0.8921857763569644
0.8874289905971169
0.8941669105562935
0.8929080648671364
0.8909850889634315
0.8933461281583707
0.89438734925745
0.8952456531364206
0.8920722738767946
0.8904560360806562
0.8927504746467352
0.8936706889694349
0.8912402350345573
0.8945355591075892
0.8970785774856105
0.8962587331247138
0.8981732666951829
0.8982689464718552
0.8992491951642315
0.9002519567452366
0.899664745566837
0.8954060574679003
0.8946199824399468
0.8988824226869883
0.9010718011061334
0.901274417103792
0.9012143827341152
0.8980175525488342
0.8996169056785009
0.9026795965690357
0.8986066398012862
0.9016121104332231
0.9022602940183255
0.9015220588787081
0.9048333295811852
0.9051944738362713
0.9010549164396617
0.9053173566867031
0.897608568405412
0.9051991640214023
0.905739473348492
0.9034365924491772
0.9037086231867745
0.9034112654494699
0.9080038947297328
0.9082838987820527
0.9064626998956903
0.9084654089466219
0.9081399100985313
0.9058117021995093
0.9095657263783516
0.9058829930135003
0.9052948437980745
0.9088284292757605
0.9071249540361858
0.9105337805893875
0.90854232798277
0.9102261044447947
0.9086033003894729
0.9105741161815141
0.9112138574333807
0.911192282581778
0.9106463450325311
0.9129389075245579
0.9126856375274844
0.9116697434281126
0.9128891915621694
0.9116491066135362
0.9100685142243936
0.9118395281298544
0.912513038714664
0.9114380482826417
0.9145363845801722
0.9103818185911433
0.9014348214352718
0.9116791237983745
0.9149097233165988
0.9126668767869605
0.9151962936281022
0.9159471922675732
0.9153787418296976
0.9158102388617484
0.9163055224115807
0.918406725350263
0.9155325799019939
0.9164387236693006
0.9174030257322316
0.9127128406012442
0.9169424495523688
0.916411520595541
0.915684541900238
0.916868344627299
0.9179874227995527
0.9204178767344303
0.921118590393
0.9168458317386704
0.9156310737897446
0.9200745551828421
0.907685900177852
0.9198203471487426
0.9214365849448809
0.9211673683183623
0.9223586753416332
0.9225997508573659
0.9130936836338803
0.9209075320621055
0.92017867729275
0.9230378141486002
0.9223108354532971
0.923835145620868
0.9228258177806795
0.920253720254846
0.9229261877424826
0.923735713696091
0.9175943852855759
0.9219909648273636
0.917589695100445
0.9243144825412548
0.9236353437342878
0.9243670126147219
0.9190567850094179
0.9240490180628409
0.9228295699287843
0.9223990109337596
0.9232760755532542
0.9183813983505558
0.9243144825412548
0.9264203756650683
0.9196575977246975
0.9266595751067486
0.9274728532084617
0.92317101540632
0.9246362292412407
0.9255086036756043
0.9246596801668955
0.9265967266259935
0.9278940318332245
0.9296603555535543
0.9263594032583654
0.9279174827588794
0.9294577395558957
0.9300702777340027
0.9292560615952633
0.9309820497234665
0.9298019991445102
0.9264128713688586
0.9252337588269285
0.9290450032643689
0.9280347373871541
0.9302860262500281
0.9296237721095326
0.9313647688301553
0.9322333911164142
0.9329387949601147
0.930494270469844
0.9293761303346166
0.9293226622241233
0.9328534335907308
0.9320767389330392
0.9250302047922436
0.9305758796911231
0.933016652033289
0.933771771839378
0.9328412391093902
0.9346844818658683
0.9318638045280925
0.9345944303113534
0.9335274131940536
0.9339077872081767
0.9327577538140586
0.935733207261157
0.9352313574521414
0.9335691558417194
0.9339987767997179
0.9333984331029515
0.9361740846634697
0.9343674253510134
0.9338308681720284
0.9317784431587083
0.9334659717688376
0.9320926855624845
0.9368935590625632
0.9376955807199622
0.9361825269967057
0.9364723804378006
0.9372265622068634
0.937077414319698
0.9374582573523342
0.9376908905348312
0.9376636874610714
0.9372781542433042
0.938345640379117
0.9373466309462166
0.9395697786983047
0.9365155301410059
0.9375028141110785
0.9385088588216752
0.9393174467382577
0.9374019751307624
0.9402648641347171
0.9378034549779749
0.9398483756950854
0.9400678763592157
0.9372537652806232
0.9388071545960062
0.9380848660858341
0.9345212634233098
0.9410293643110681
0.9411466189393428
0.9411334864209759
0.9410537532737492
0.9411897686425478
0.9409468170527628
0.9402986334676602
0.9413126514929797
0.9414599233060926
0.9403567917632843
0.9403192702822366
0.9407291924626849
0.9437431054278576
0.9427065745139093
0.9426821855512282
0.9386833337085482
0.9350278034174565
0.9415424705643981
0.9435367372820939
0.9437665563535124
0.9441867969412489
0.9413830042699446
0.9406316366119604
0.9427365916987476
0.9446042234179066
0.9428679168824152
0.9438340950193986
0.9443556436059644
0.9435564360596441
0.9379207096062495
0.9441539656453318
0.9436089661331112
0.9436211606144518
0.9433866513579023
0.9462889379169575
0.9445385608260729
0.9451726738557824
