0.5075577643200733
0.5262795763074359
0.5411287024321424
0.5493079162820715
0.5580429170700225
0.5667807319690523
0.5720679776672144
0.5765283437267836
0.5810895487666689
0.5843506344882445
0.5846409569478527
0.5850804272946262
0.5875699775621543
0.5891163315998409
0.5895647132983632
0.5904089466219411
0.5910336792813886
0.5917892681059906
0.591624642607893
0.5942079965780409
0.5942192530223553
0.5948547731076042
0.5958115708743257
0.5965840443653991
0.5976454332605416
0.5980703640334091
0.5987743608215703
0.599043577448089
0.6001781332312749
0.5996908229961654
0.6014463592906939
0.6008446085383882
0.6013774135692684
0.6020654637279843
0.6012587518854544
0.6024477138161597
0.6021480109862897
0.6026376663139648
0.6028309019413614
0.603417644101248
0.6050540496934496
0.6041680737222059
0.6053725132638436
0.6059545652385991
0.6055540234284128
0.6048340800108061
0.6054588126702537
0.6042149755735158
0.6050971993966546
0.6036535604133367
0.6059714499050707
0.6049105300284414
0.6047679484004592
0.6053213902459158
0.6072621888531184
0.6062214367725522
0.6085923253562665
0.6087339689472223
0.6097456418799763
0.610955240625258
0.6107821727939245
0.6112633857883638
0.6129950021387245
0.6128327217331923
0.6129087027323143
0.6140713996262861
0.6136225489092506
0.6133735000787952
0.6161627531761933
0.6159526328823252
0.618264894151902
0.6180754106726101
0.6186236933144225
0.6190458099762114
0.6213796460973908
0.6216305710018986
0.6219893701644191
0.6227285433410628
0.6241463863061604
0.6248611705201228
0.6263929849839032
0.6261706702086944
0.627683723931951
0.6297732014078059
0.6307698657481408
0.6310010918750986
0.6324991370059359
0.6332434693862236
0.6324925707467524
0.6345454647785858
0.6364243529420592
0.63880227680347
0.6387708525630923
0.6390466354487945
0.6399635666419026
0.6398397457544444
0.6402266860277508
0.6405442115611187
0.6406206615787539
0.6406201925602408
0.6435388947672542
0.644084363297988
0.6438296862453755
0.6456415047614759
0.644102655019999
0.6447620950494158
0.6463863061602767
0.6468107679146311
0.6478299451435947
0.6477783531071539
0.649940059434026
0.6496403566041559
0.65020552391244
0.6520708105390336
0.6522129231485025
0.6533301252467038
0.6538136833337085
0.655169615855077
0.6554247619262028
0.6575320621055554
0.6576671394373279
0.6587327494990882
0.6586492642037567
0.6597917933016653
0.6601163541127295
0.6620571527199322
0.6625111626406117
0.6612682635809001
0.6630284900605596
0.662046365294131
0.6629595443391341
0.663599754609514
0.6653435654412151
0.6654739525878566
0.6669119633490174
0.6673645662141576
0.6679334856705464
0.6698691250741049
0.6699380707955305
0.6721752891030114
0.6715740073692189
0.6754133929174453
0.6755662929527153
0.6758650577455594
0.6764358532760004
0.677872926000135
0.6784746767524408
0.6805383582100752
0.6798099724592329
0.6815387746985149
0.6807883450775569
0.6844837419422619
0.6834448659357482
0.6834317334173814
0.6841568360386322
0.685196181063659
0.6865994844548504
0.6860024238876757
0.687590520573028
0.6879619832354023
0.6877739068116496
0.6866754654539724
0.6885871849133629
0.6887757303556286
0.6892241120541511
0.6900856990627134
0.690715121907292
0.6914974447871406
0.6903131730415663
0.691741334413952
0.6907962621100581
0.6922192642787997
0.6932876884516386
0.6927562904762977
0.6931906016194271
0.692762387716968
0.6947524332680459
0.6952711677435333
0.6952660085398891
0.6948687498592945
0.6956360641467241
0.6953452726686027
0.6957509736824332
0.6956130822395822
0.6953433965945504
0.6974807139587413
0.6968067343554185
0.6966688429125675
0.6967588944670824
0.6967978230036695
0.6970951807409742
0.6973437605529165
0.6992840901416061
0.6977883901033342
0.6980116429155692
0.6998722393570319
0.6996306948227861
0.6989581222750024
0.7005363695715797
0.6985997921309951
0.7005185468680819
0.7010082021957571
0.7002629317784432
0.701306966988601
0.7003436029626962
0.7030179465243851
0.7019429560923629
0.7028186136563181
0.7020011143879872
0.7021652708675716
0.7029278949698703
0.7015377240970455
0.7029991857838612
0.703292322354548
0.7037045896275617
0.704717200597342
0.7052997215906106
0.7031398913377909
0.7041684489370165
0.7028730198038378
0.704218633917918
0.7059211711204665
0.7049526478909176
0.7052847129981915
0.7053728884786541
0.7052223335359493
0.7052856510352177
0.7065060372063006
0.7054408961630533
0.7064319322812311
0.7070763637182287
0.7067888553696992
0.7072738205122433
0.7084482428690425
0.7083638195366848
0.708075373151129
0.7075345948055262
0.7063198368566005
0.7071715744763876
0.7070805848848465
0.7092451053227973
0.7098046444089241
0.7075397540091704
0.7100724539799033
0.7092174332305244
0.7086883803477491
0.7083994649436802
0.7100410297395259
0.708701981884629
0.7093013875443692
0.7094205182466963
0.7105297470301748
0.710863219192988
0.7112900260399078
0.7109138731924026
0.7110902241533278
0.7121750639741251
0.7111024186346684
0.7099476950554193
0.7118448749409036
0.7121366044560511
0.7126365781910143
0.7120151286611585
0.7124222367305282
0.7117857786082533
0.7122763719729546
0.7126145343208987
0.7140703677855572
0.7126295429133178
0.7131707902774338
0.7125052530073468
0.7147734265366923
0.7140136165454722
0.7140656776004264
0.7141252429515899
0.7141791800805961
0.7151359778473176
0.7139563962868741
0.7130755795192747
0.7150524925519861
0.7135975971243538
0.7147330909445657
0.7154051944738362
0.7144150963926847
0.7139667146941624
0.7146542958343651
0.7143372393195103
0.7146655522786795
0.714677277741507
0.7147710814441268
0.7155829524903007
0.7138494600658877
0.7156143767306783
0.7166607570334016
0.7155552803980278
0.714397273689187
0.7151800655875489
0.7161504648911502
0.7167024996810674
0.7169168411415536
0.715627040230532
0.7160111663927599
0.7146754016674546
0.7163544879443482
0.7163558949998874
0.716610103033987
0.7157461709328591
0.7153507883263168
0.7178680106861178
0.7147396572037492
0.7169177791785797
0.7153282754376881
0.7186020246591174
0.7158901596163804
0.7183745506802645
0.7179332042594385
0.7158085503951012
0.7160064762076288
0.7187511725462827
0.7173403648588818
0.7183374982177297
0.7186615900102808
0.7187347568983243
0.716633553959642
0.7188065167308284
0.7153052935305462
0.7196798292022182
0.7171386868982492
0.719198616207779
0.7190311765986027
0.7180373263693465
0.718358135032306
0.7187605529165448
0.7198116234043991
0.7185129111416285
0.7199598332545383
0.7185485565486242
0.7190686980796506
0.7195832113885199
0.7174200980061085
0.7199237188290297
0.7190264864134717
0.720238899269832
0.7184838319938165
0.7199546740508942
0.7194279662606843
0.7196699798134432
0.7196779531281658
0.7203327029724517
0.719065883968572
0.7184111341242861
0.7202656333250786
0.7202168553997164
0.720737934967769
0.7191582806156525
0.7215540271805609
0.7197135985351614
0.7215760710506766
0.7208669150588711
0.7216745649384273
0.72057612358075
0.7208472162813211
0.7203580299721591
0.7198904185145997
0.7217575812152457
0.7226065047239545
0.7213317124053521
0.719887135385008
0.7213453139422319
0.7222556788761565
0.7216792551235582
0.7214231710154062
0.7224132690965578
0.7216708127903224
0.71936980796506
0.7219053220468719
0.7215390185881417
0.7223921632634683
0.7219071981209242
0.7223124301162416
0.7218893754174265
0.721910950269029
0.7209733822613447
0.7213246771276556
0.7224207733927673
0.7221656273216417
0.722380906819154
0.7227040605746791
0.7219508168426423
0.7231636987175158
0.7167784806801893
0.7228297575361895
0.7218889063989133
0.7220760447856398
0.7223288457641999
0.721545115828812
0.7233334834192575
0.7229864097195644
0.7220816730077971
0.7233602174745042
0.7220901153410328
0.7234685607510299
0.7223851279857718
0.7230520723113985
0.7224775246328523
0.7234694987880561
0.7231125756995879
0.7228353857583467
0.7242293087792762
0.724456782758129
0.7240041798929888
0.7232012201985637
0.7241866280945842
0.7232030962726161
0.722062912267273
0.7235360994169162
0.7227852007774451
0.723245776957308
0.7239577470601919
0.7231805833839873
0.7225816467427602
0.7247808745506804
0.7243005995932672
0.7232181048650353
0.7230342496079005
0.7220638503042993
0.72104232798277
0.7248188650502412
0.7245144720352402
0.7250008442333236
0.7232964309567227
0.7251157537690328
0.7221679724142072
0.7239554019676264
0.7250214810478999
0.7240370111889056
0.7254839333018154
0.7213148277388804
0.7237466887292976
0.725292104729958
0.7243226434633828
0.7244689772394696
0.7241580179652851
0.7229817195344335
0.7254159256174157
0.7241143992435669
0.7239291369308929
0.7243376520558019
0.7240689044477965
0.724845599105488
0.7249065715121907
0.7242968474451623
0.7259684294258464
0.725097931065535
0.7243737664813108
0.7249914638630616
0.7262962733665026
0.7255946216709066
0.7242823078712564
0.7235576742685186
0.7249788003632078
0.7258131842980107
0.7256729477625943
0.726883953563415
0.722110752155609
0.7254384385060447
0.7257132833547206
0.7255585072453979
0.7258610241863467
0.7259881282033964
0.7249323675304111
0.7256457446888345
0.7261100730168021
0.7237696706364393
0.7255669495786338
0.7263680331990064
0.7260734895727804
0.727083286431482
0.7271194008569906
0.7259351291114163
0.7267371507688152
0.7254614204131866
0.7267967161199786
0.726522809308329
0.7265762774188225
0.7246730002926676
0.7263816347358862
0.7272146116151497
0.7260364371102456
0.7263047156997381
0.7259642082592286
0.7268487771749326
0.725301954118733
0.7255589762639111
0.7267183900282912
0.7247789984766277
0.7273131055029004
0.7268332995640006
0.7268858296374675
0.7266466301957871
