0.5531024198075916
0.6018520633980663
0.6631936073936865
0.7053927730733063
0.7212459627340616
0.7411777647180878
0.7472666141707953
0.7725839501372552
0.7788065469472877
0.7859448776373863
0.7941423093506247
0.7975938571524265
0.7934955202264433
0.8035199078990395
0.8044913344777982
0.8097067740762902
0.7972970534161744
0.8113054369584065
0.8093349117596353
0.8113942178802452
0.8158977276520023
0.8160691154525155
0.816621500324218
0.8180827225384091
0.8120631820252523
0.8208178135554766
0.8191481997010531
0.82068896198197
0.8173136954434237
0.8160539077029858
0.8255386375208447
0.8194076661386259
0.8186949430837596
0.8202470278120839
0.8288467979699383
0.8278606385680473
0.8196080143445557
0.8246414510323148
0.8262007809144016
0.8273069956466328
0.8153641276350345
0.824516227088098
0.8314120623807133
0.82707411498249
0.8250279855432001
0.8299786385179879
0.8270025526687564
0.827916614201615
0.8288291448547036
0.8263396867807864
0.828534255981266
0.83162696152307
0.8338933153432562
0.8331737361700801
0.8249028171754768
0.8237891956124117
0.8325602121033415
0.829017604743476
0.83171334255088
0.8333941171756394
0.8284788310602227
0.8349016851328324
0.832207245794408
0.8295199859284361
0.8210935639055857
0.8349712466928072
0.826993453281081
0.8349544575394227
0.8374773726623049
0.8326901903639394
0.8379292550244912
0.8349703271544634
0.8382336929499592
0.840546821967868
0.831659630396312
0.8324957332662993
0.8333551479490207
0.8331608676856775
0.8343771188222294
0.8320632723623161
0.8365262315035998
0.8330751232613361
0.838051887083157
0.8323290896773504
0.8305036797549882
0.8308104721028083
0.8331801426240347
0.8354418937000941
0.8335886904786747
0.8297559889810205
0.8399658202545255
0.8359470587621278
0.8363535452341069
0.8337890235273787
0.8339331940034015
0.8345209659441093
0.8399831702252514
0.8305854681434884
0.8401232684600379
0.8393895021238454
0.8409803236679984
0.8377559473087554
0.8387767510756048
0.8403408908505663
0.8448421977722254
0.8295498658721963
0.8398126514389971
0.8404223104132472
0.8376439859368029
0.8367510535762145
0.8411083618037392
0.8382274633303013
0.8363913978784513
0.8385351196399716
0.8419289739893219
0.8388748031670072
0.8382296863900333
0.838886150876457
0.8382048386451206
0.8374782618861977
0.8335237670296858
0.8399656434202287
0.8436526081952308
0.8419136601392142
0.8444213574077499
0.8392645964813634
0.8349256891255283
0.8397553773364498
0.8264518350918527
0.8396444769702786
0.8401985645036394
0.8434524317711896
0.8286066216279482
0.8323534624958658
0.8379278352977081
0.8423677402990903
0.8381302853055661
0.8419015848829433
0.822975863947451
0.8334726063414012
0.8391427778604633
0.8415356136745781
0.8357260866247762
0.8440488786972603
0.8383898073196323
0.8436448780102539
0.8424198407353527
0.8427076713941414
0.8400584965833037
0.8442896411186342
0.8417085828789459
0.8408409226655824
0.8314068836620196
0.8439636496185843
0.8440937895562532
0.8464518951144655
0.845109960264525
0.8367625831723696
0.8437413335405765
0.845915415224663
0.8465968891330706
0.8427546133213439
0.8466124050795175
0.845001192014733
0.8425694930745778
0.8399710090780361
0.8489046221787212
0.8439069060189271
0.8408501332062442
0.8496023446328056
0.8454047531422015
0.8462520470969754
0.8437336134604165
0.8492144661812644
0.8426862239201368
0.8461039054278863
0.8451344290788015
0.8473255070650203
0.8486822505242203
0.8453831439911257
0.8463410200103367
0.839265243189649
0.8406188541555902
0.8450246705569472
0.843471267150009
0.8343918769074041
0.8392740747996748
0.8431781617767655
0.8459847847931155
0.8443475063529742
0.8397491325595664
0.846205034436054
0.8479096463240298
0.84222688925544
0.8461983046279565
0.8466350095550644
0.8385037037640333
0.8467390234884753
0.8503264709736151
0.848647838570052
0.8449513500050619
0.8488707104129927
0.8489011865409538
0.8412835237533881
0.8410384819420303
0.8433399702107974
0.8515894720458473
0.8419622592563988
0.8464835484536027
0.8436387342815403
0.8469371031629966
0.8453491817013122
0.8497364507111329
0.8231823710393198
0.8418930968366943
0.8426925596403728
0.8476703288914814
0.8502734257369668
0.8499489853263203
0.8387546063692299
0.8443986064123571
0.8483310525582552
0.8457849872997105
0.844610474109625
0.8452856577694732
0.8403504702170472
0.8489503666851136
0.8507154457977972
0.8428425555433747
0.8491250890752247
0.842473042596664
0.8505768430759213
0.847360196901655
0.8488500814291623
0.848845367532049
0.8445429739323107
0.8444785001476768
0.8460428420189776
0.844023434768147
0.8465197489603734
0.8460196110447792
0.8478562979428725
0.8494297240446231
0.8538982812545044
0.8463101144276546
0.8475190294670912
0.8490810068112227
0.852450766224524
0.8453052611143818
0.844778850674683
0.8470855176621439
0.843768343716319
0.8495700698474253
0.8523339545404292
0.8512408154413487
0.8481456999006989
0.8512423715831611
0.8539314200017354
0.8569175096197604
0.8506643457384142
0.8423449640416554
0.8484531339043964
0.8415167985053924
0.8487886491944345
0.8495646435607159
0.8500877648824932
0.8454414285753694
0.8513241144999849
0.8519667808588454
0.8460233801415065
0.8530705603301881
0.8274319164463404
0.851391392371326
0.8475449079033339
0.8474148892234683
0.8480924525677113
0.8524897051366918
0.8421814984176413
0.8430825803131105
0.8483797729332432
0.8543705096656464
0.8486967206221115
0.8462268709455116
0.8477748177512896
0.8544043001735714
0.8496052952393591
0.8479484639783941
0.8441966212260793
0.8471554278383039
0.8488966595829541
0.853942934440665
0.8499765664242215
0.8476353308579294
0.8442769242064861
0.8504157015598088
0.8529050484807393
0.8481973759346488
0.8499786985406007
0.8519920984777467
0.8515101694423202
0.8511517465322264
0.846481588119112
0.84875755162023
0.8567089461976397
0.846692106823315
0.8507494788213292
0.8494814607074748
0.8464796378894379
0.8573675478528512
0.8488549822653894
0.8494925355868664
0.8556303075109014
0.844974818442459
0.8346648787472993
0.8509378275571151
0.8497322572120932
0.8447739953101322
0.8533010512051192
0.8474116405248147
0.847578668096808
0.8459547633819177
0.8466326803947545
0.8547291245672624
0.8483432541247383
0.8450519181958884
0.847479782358006
0.8506116996420359
0.8527865139253523
0.8530260789259162
0.8519139124564938
0.8552437982620583
0.8532663815781183
0.8535447995999059
0.8491398016887232
0.8520409704249894
0.8436895109867805
0.8448368624288688
0.8555223223844239
0.8547260880697651
0.8522834102459792
0.8516017595032747
0.8557975674936849
0.8504826712342325
0.8572510443656737
0.8536986403857623
0.8503469332279657
0.850676784768096
0.8490808552389681
0.8552057637310088
0.8443038282816506
0.8490780410474439
0.8531850933780577
0.8495674830142826
0.8507292540301775
0.8600956412841714
0.8494074429232192
0.8538488282802865
0.8535794995413575
0.8521825035437846
0.8499682097405928
0.8529603774060213
0.861645735363554
0.8552586018189093
0.856301479558415
0.8539106293408336
0.8530447778897066
0.8471561351754913
0.8503665264680573
0.8532889810012565
0.846063607417837
0.8541615824701151
0.8518036689034252
0.8515622294593146
0.8544558498973093
0.8573348183507075
0.8560661787906098
0.8520007835679265
0.8564570280583382
0.8529065692556922
0.853252310620497
0.8582703324099787
0.8545050401462861
0.855736408089015
0.8535481543991377
0.8365854810978637
0.8531477308173364
0.8523051810741265
0.8562379303645333
0.8577697044107617
0.8545815184534723
0.8544402278502841
0.8524067496418322
0.8515071026303719
0.8579875743693056
0.8583374940759246
0.8563366796883064
0.8462732116361051
0.8576211130773176
0.8571739395598361
0.8559456333766469
0.848512686643169
0.859882065872837
0.855077432555576
0.8530440402380685
0.8577498231833866
0.8556029032472972
0.8553277692910227
0.854639373582995
0.8463202242970264
0.8464284923583786
0.8567754561028917
0.8541127105228724
0.8601293256915183
0.8564350248194008
0.8516487721641962
0.855529319970171
0.8566671728843137
0.8554913460680232
0.8531048308169189
0.8521412203140813
0.8531103632042064
0.8574084268898761
0.8530186417806314
0.856772753064354
0.8592081352102924
0.8605712447041791
0.8531366761475786
0.8428170914046275
0.8530791039529307
0.8511924942066305
0.8541373612238542
0.8586018664021334
0.8560098090691802
0.8576714300133861
0.8503828204854106
0.8499362330473128
0.8610839631168925
0.8564870696791699
0.8582511837818334
0.8583845724181564
0.858501813556972
0.8606800634780558
0.8551093132530949
0.8574386200829619
0.8484432109741384
0.8598765284331412
0.857237650430789
0.8567492694697314
0.8544636659732303
0.857342755684432
0.863580484457867
0.8590167752390515
0.8597391787085686
0.8508079958163633
0.8572371704519833
0.8507690114325193
0.8492085649681578
0.8587555455109185
0.8550534538249223
0.8597781984592721
0.8570165166163661
0.8533416473072689
0.8532295899395553
0.8533617609454341
0.8578504469507062
0.8552709296956046
0.860691466763999
0.8547860399488079
0.8539436569350778
0.8555219080869284
0.8564676482209665
0.8563423383858059
0.8524771903208828
0.8600819997812711
0.8536369807926526
0.8523464693562381
0.8562222830554659
0.8575995190834672
0.8591006401674376
0.8587867946573771
0.8559593203512236
0.8524765132981463
0.8558654162871846
0.8586266130988763
0.8578539533221925
0.8600319657800777
0.8579111920578806
0.8555397734033194
0.8586144822661119
0.8536529059841867
0.8648680250780943
0.8514855440033807
0.8496177191118153
0.8586415985424327
0.8627615395670831
0.8511407929106383
0.8472788935443689
0.8614235253861245
0.8547319387587867
0.8568755847341802
