0.554619414639061
0.5665070157287173
0.5878487036111337
0.6018230044601511
0.6107728539155168
0.6226740175848533
0.6385834079275216
0.6525693338448363
0.6662157108923016
0.6553370688552795
0.6855050898424029
0.6915278439760834
0.7168782429096772
0.7155684852148506
0.725149479003189
0.749282636410489
0.7541520868935107
0.7671537570283224
0.771409500780817
0.7817296551617241
0.7893799188570233
0.8019688990672821
0.8047705405269255
0.8055232636991743
0.8168218613284353
0.8258894146003107
0.8296133114782049
0.8285505864846956
0.8325646256921759
0.8409651906704954
0.8477227459961327
0.8453749665779287
0.84387533276758
0.850692466568241
0.8473773845921344
0.8555507763608112
0.8454466544990952
0.8481155764290116
0.8664856062279367
0.8659493999527247
0.8681077876332525
0.8756543944695676
0.8745073877309029
0.8808769564021188
0.8870983054525446
0.8906865765336371
0.8862787381375865
0.8896015701592247
0.8752707672157574
0.893475624169292
0.8963169846122848
0.8969151912517486
0.9065160445317616
0.9073385181137938
0.8924003053517939
0.9025858026915908
0.9028183040575364
0.9138902128550004
0.9106807252492609
0.9128284566171827
0.9162927269697709
0.9206259711775807
0.9193937139380693
0.9187378663349646
0.9275041365868024
0.9255075311067452
0.9242006796789931
0.9222215118013819
0.9227688587670451
0.9281115464053351
0.9301304332662954
0.9356097154570784
0.9360776244560437
0.9327208859852051
0.9261430348403296
0.9388637658246243
0.9364195952151217
0.9177933295358112
0.9329369185043963
0.9356852784010107
0.9218146344109771
0.927262916419634
0.9302166525228335
0.9382408559150285
0.9398867718347845
0.9448429259521899
0.9471117517815416
0.9433423233861499
0.9437269193956513
0.9455133048906663
0.9405590882846437
0.9457961815525665
0.9474866602341289
0.9407344330647942
0.9449901768172889
0.9434663241146541
0.9529494735781573
0.9506322099642336
0.9530637867497471
0.9445377679093865
0.9495636724365756
0.951772435413058
0.9526782219845542
0.9502466451990406
0.9387911091477662
0.942417161700825
0.9518189356862472
0.9489678876863401
0.9593016046469274
0.9554062380116483
0.9532652879335666
0.9639564757442949
0.9670584314682849
0.9641337580358285
0.9655413600554903
0.9612710849676241
0.9665217408152273
0.9647140426950009
0.9588918209894483
0.9584752560421294
0.9688574107872884
0.9670439001329132
0.9639526007215292
0.9637830684755274
0.9453205225080697
0.9547542654313094
0.9502069262156915
0.9579472841902946
0.9611838969553946
0.9617477127678126
0.9663754587058199
0.9694851644753413
0.9680136245800444
0.9651354514207771
0.9727043396379955
0.9770056149079877
0.9729068095775062
0.9748075082441111
0.9707445468742129
0.9765532060000852
0.9775006490663132
0.9636406613888856
0.9564137439307456
0.9716784273607606
0.9754255743752495
0.9767614884737449
0.9733921561789175
0.9747861956188992
0.9745159127809876
0.9701342307886058
0.9604427988514435
0.9600688591545475
0.9601221407175766
0.9733175619906766
0.9756212630249202
0.967016774973553
0.9680785312113709
0.9772913978369623
0.982572085111
0.9799864761705475
0.9827135234419502
0.9806791364899268
0.9838537488907747
0.9848263796049801
0.983730716917962
0.9790729395535198
0.9847110976776988
0.9835321220012169
0.988097867574972
0.9853829297497123
0.9852196944157048
0.9782436846816475
0.9814754536682903
0.9796977869744984
0.9807856996159852
0.9726723707001779
0.9811441392218179
0.9779704955766615
0.98095038808353
0.9771412407047892
0.9726917458140065
0.9816382046244522
0.9817534865517336
0.9860208553725253
0.9848389734289689
0.9881075551318864
0.9827687425163624
0.9740257224011191
0.9808825751851291
0.9810162634705478
0.9835805597857888
0.9866650779073327
0.9883652441458093
0.9887217462402592
0.9891741551481615
0.9891760926595444
0.9765938937391256
0.9761773287918066
0.9749266651941579
0.9710681112751537
0.979071002042137
0.9850075369192794
0.9790903771559658
0.9876735525821214
0.9863899512909639
0.980780855837528
0.9823928653080837
0.9883119625827802
0.9907696957719626
0.9928893332248327
0.991543731569423
0.9887314337971735
0.9922073292180592
0.9884049631291584
0.9931576785513615
0.9859995427473136
0.9881588991835327
0.9892380930237965
0.984828317116363
0.9833243239054029
0.9849184113956669
0.929247896831394
0.9206715026950784
0.94435176681663
0.9632047213277378
0.973432843917958
0.9789053448189009
0.9856469156756296
0.9843739706970779
0.9806006672789203
0.9804282287658441
0.9842490012128822
0.9851916005006529
0.9892235616884248
0.9838319518877172
0.9924127054246443
0.9890569357094973
0.9905410694287828
0.9902775678807113
0.9914361996876732
0.9939317143488218
0.9942039346981163
0.9937176193410135
0.9895335635096857
0.9897641273642483
0.9727624649794817
0.9814386409520156
0.9766994881094927
0.9827658362492879
0.9761560161665949
0.9743570368475916
0.9800068200400679
0.9844989401812736
0.9884475883795817
0.9895258134641541
0.9896197827662236
0.9890249667716797
0.9938764952744098
0.9908917589890841
0.9929600523903078
0.9935829622999035
0.9959438199199421
0.9939956522244568
0.9939656207980221
0.9931576785513615
0.9940547463216345
0.9959166947605816
0.9958915071126043
0.9944238422400732
0.9957025997527736
0.9950264082801487
0.9954361919376277
0.9906369762422353
0.991189166986356
0.9917326389292538
0.9885183075450569
0.9843797832312264
0.9787077186578471
0.9775258367142908
0.9760998283364916
0.9823211773869172
0.9779152765022494
0.9736430639030004
0.96078041020991
0.9629959544762325
0.9674740276599125
0.9778513386266143
0.9825556162642455
0.9910971351956693
0.9920687971541833
0.9922538294912483
0.9957025997527735
0.991775264179677
0.9938542138935067
0.9925337998860743
0.9951736591452476
0.995855663152021
0.9962828844119459
0.995969976323611
0.9957801002080887
0.9941913408741277
0.9883700879242665
0.9897098770455277
0.9927304572914365
0.991076791326149
0.9841269379957608
0.9534764766743005
0.952801253957367
0.9502418014205833
0.9630681267752449
0.9739375656331981
0.9655985166412853
0.9706069835660284
0.9804650414821187
0.9842480324571906
0.9910041346492913
0.9928593017983981
0.9937428069889911
0.994813282028032
0.9960639456256805
0.9953364101014092
0.9966422927734702
0.9966936368251164
0.9969232319239876
0.9970530451866404
0.9973494844282209
0.9973281718030093
0.9977176115909681
0.9977398929718712
0.9979336441101592
0.9976488299368759
0.9962189465363109
0.9964252914985876
0.9920600783529605
0.9951862529692362
0.9958304755040436
0.9952705347143914
0.9883439315205977
0.985898792155404
0.988410775663307
0.9883061500486314
0.99090919659153
0.9839147804993355
0.9899820973948222
0.989023029260297
0.9901186919473152
0.9888224968321688
0.9947338440613339
0.9953577227266209
0.9968050437296319
0.9968738253837242
0.9964669479933194
0.9896362516129783
0.9910709787920003
0.9928515517528664
0.9900005037529596
0.9895045008389425
0.9941119029074297
0.9947987506926603
0.9930453028911543
0.9941903721184363
0.9961143209216354
0.996706230649105
0.9970549826980233
0.9953218787660378
0.9974822039579483
0.997587798328315
0.9980557073272806
0.9967643559905914
0.9951349089175898
0.9969212944126046
0.9939985584915312
0.9912313078589337
0.9727411523542701
0.9640950078081709
0.9677375292079842
0.9751175100653717
0.9805609482955713
0.9820702696628343
0.9829760562343304
0.9829789625014047
0.9726796363678636
0.9834207150967013
0.991349980431135
0.9859801676334848
0.9828045864769454
0.9815461728337653
0.986773578544774
0.9920087343013141
0.9932981481266202
0.9923439237705521
0.9678339203992824
0.9707958909258592
0.9770085211750619
0.9892487493364023
0.9941487156237043
0.9961869775984935
0.9972836090412032
0.9979055501951073
0.9967168869617109
0.9966064488128867
0.9970433576297261
0.9976575487380988
0.997735049193414
0.9975209541856058
0.9980576448386634
0.9980188946110059
0.99640010385061
0.9977466742617113
0.99801501958824
0.99776604937554
0.9984538659164622
0.9980828324866409
0.9970491701638747
0.9969910448223884
0.9976478611811843
0.9980779887081836
0.9979152377520218
0.9979568942467536
0.9984645222290681
0.9984209282229534
0.9968505752471295
0.9966674804214475
0.9970569202094062
0.9965221670677316
0.9926268004324527
0.9944083421490101
0.9824383968255812
0.9719157725051635
0.9306317643366154
0.9202539689920679
0.9230962981907518
0.924707338905616
0.9547920469032756
0.9691373811821145
0.9731509360117492
0.9771267093694175
0.973738970716453
0.9870147987119424
0.9905633508096859
0.9873790508519237
0.9912414797936939
0.9921705165017843
0.990338599489272
0.992589987716178
0.9949314702223876
0.9954061605111929
0.997325265535935
0.9978852063255872
0.9970414201183432
0.9978280497397922
0.9975722982372521
0.9968961067646273
0.9919942029659424
0.9937747759268086
0.9751804791853153
0.985372757814952
0.9838866865842837
0.9839574057497587
0.9778406823140086
0.9787324219279788
0.9754497932675354
0.9843575018503233
0.9902087862266191
0.990717382964625
0.9960290704207888
0.9961404773253043
0.995079689843178
0.9946573123617101
0.9978125496487292
0.9981148014244584
0.9976362361128871
0.9985488039742234
0.9986650546571961
0.9984432096038565
0.998763867737723
0.998466459740451
0.9986398670092187
0.9977873620007518
0.9979937069630285
0.9981680829874875
0.997532579253903
0.9963167908611463
0.9956057241836296
0.993727306897928
0.9873877696531468
0.9951300651391326
0.995285066049763
0.9958837570670729
0.9969271069467533
0.9968215125763864
0.9883022750258657
0.9806791364899269
0.984312939088517
0.9890065604135424
0.9920658908871091
0.9930317403114743
0.9864180452060156
0.9886481208077097
0.9772550694985332
