0.5320034557342814
0.5257790384829739
0.5257423144117241
0.52541151375782
0.5289008973647412
0.5243914267363423
0.5316314979420196
0.5290645709770678
0.5294938087710681
0.5273206838761323
0.5268607068572839
0.5280669497682868
0.5290774297529682
0.5274772695204368
0.5307844939956432
0.5300549642695613
0.5281800444311046
0.5284770023015728
0.5554002084076637
0.563105064266713
0.5610684300916431
0.554150750295579
0.5647990063014587
0.5604217826675884
0.5620525257122009
0.5604076972863044
0.5598604090144464
0.5676309870485289
0.5531104695626518
0.5911801639633876
0.5922004115137578
0.5925704635399371
0.600981132010235
0.596131698232684
0.6001750135379367
0.5923438420211296
0.6021715854640182
0.5921515860336899
0.5988177911454897
0.6036473152242473
0.6108423807142729
0.5878934213284119
0.614927622873342
0.6125669919997339
0.6121380464506403
0.6095973844821742
0.6111630433511979
0.6061488904654564
0.6145837370566377
0.6160160581578891
0.6161941340931592
0.6134817926483694
0.6210718044912856
0.6169821745424885
0.614484332627061
0.6131087646634911
0.6188336983238972
0.6112338283605325
0.6245763724849857
0.620872258845677
0.6204043294724626
0.6202376593208097
0.6264752152445481
0.6186274104648044
0.624889877179756
0.6183314610450711
0.6128080899317432
0.6134690944013614
0.6258319183466083
0.6112509679068991
0.628485893132541
0.6142764806402978
0.6356976453951341
0.6626402384520865
0.68521980439184
0.6922849402659642
0.6896401403236558
0.7117507025814528
0.7194997491633152
0.7224965148765828
0.7208033096282924
0.7349728245165651
0.74616012419503
0.7388614969887249
0.7430944051482522
0.7469038627861593
0.7444221066889838
0.7542148918784399
0.7456386522619838
0.743945434665317
0.7539539748023971
0.7472501400717491
0.7508406321841825
0.7464217039672698
0.7539944486639305
0.7420335437880835
0.7568643842037595
0.752575603757397
0.756456990687513
0.7538812881431056
0.7366306310860002
0.7615822419152298
0.7586069459123004
0.7599289671999135
0.7497690977107263
0.7645240491215118
0.7625889844580043
0.7561135123672282
0.7521999291038552
0.7613019749334546
0.749932874226189
0.7564658238927252
0.7512595632000603
0.7629576164209038
0.7573549646153159
0.7637010833477536
0.7577212298060827
0.7650844801819261
0.7610654952941984
0.7630704929290728
0.7667790972612454
0.7685799433061344
0.7601084385017106
0.7628361248621716
0.7637447307420073
0.7687884662213458
0.7593055882330182
0.771724877187165
0.7657982410314155
0.7693014507037175
0.7682870233547312
0.7668913769312242
0.7686707573819005
0.7672934606456423
0.7704196908526356
0.7665302445488915
0.7779324594853888
0.7750522994899463
0.7667009855486129
0.7707524878273823
0.7724483685572141
0.759986815226964
0.7822608576391913
0.7747606966986863
0.7722573721041618
0.7706658721995734
0.7717816015119681
0.7674736522693929
0.7796361032278162
0.773972491604339
0.7755944673017463
0.7712676168111126
0.7720290465094186
0.7774375118647316
0.7729553270319294
0.7771987601242281
0.7805177237892128
0.7607939627306244
0.7781508364049233
0.7766009134834886
0.7765460866925171
0.7789313237640552
0.7747237627050387
0.7630189178772055
0.7772056834472321
0.774981131680945
0.7755116055803465
0.740002910923917
0.7780974996513641
0.7768876510144684
0.778783151480167
0.778013477182588
0.7774088842122386
0.774203735532025
0.7755358660237388
0.7815387163582893
0.7706887743215679
0.77747693199815
0.764446118518399
0.7758626740359582
0.7767585075785278
0.775113024688685
0.7764701235973686
0.7731141888936068
0.7689147612984761
0.7746831941726201
0.7582521976405381
0.7745897457765671
0.77782665448074
0.7725953800937257
0.7601277884074431
0.7654862387224337
0.7612168946204381
0.7787521364749138
0.7771720505861939
0.7428912702412527
0.7604165757688964
0.7775971846031224
0.7741721154563309
0.7699360666930868
0.7804072716789331
0.7805452236233331
0.7778183975330908
0.7677301445105786
0.7695310605296004
0.7805917317247735
0.7797987807377842
0.7756654951624824
0.7805790128971382
0.7740129160723668
0.7592315556007049
0.7808532332906299
0.767774713916933
0.7793877074053871
0.7718849574219752
0.7618350502241396
0.7797078925717601
0.7756929085579681
0.7762857788030406
0.7795071491336462
0.7814488201784981
0.7766031238428542
0.7662943782123272
0.7786233058645073
0.7806681887549757
0.7612647939722801
0.7772313721861549
0.7773724194568921
0.7745402123229223
0.7774808917108313
0.7733226747636891
0.777623890025031
0.7734374282250625
0.7735336344251658
0.7805628735692554
0.7719993445481836
0.7814436503249351
0.7822255207022175
0.7765837368919926
0.7807224187077573
0.7720228023471135
0.776408245883504
0.7807558869237774
0.7717793829203515
0.7833899684754184
0.777741421871082
0.7724679818949752
0.7787741947911915
0.7804923272951969
0.7846271564175417
0.7833397352804472
0.7726970566245499
0.7764731242528204
0.7825100272932046
0.782615791136599
0.7740295781481815
0.783714298580118
0.7808257128758825
0.7819771372281648
0.775027829124156
0.785479787107406
0.7737023050137866
0.7855087852111893
0.7769073013973589
0.7866197274696877
0.7781973074612347
0.7770928028229377
0.781616058355463
0.7732157789857965
0.7829256365958457
0.7832746840338622
0.7670117941812146
0.7854932139086185
0.7838572310363103
0.7870874592688806
0.7772625106751714
0.7779927895360848
0.7899974282448199
0.7866187972253362
0.7743693437233121
0.7788305980582095
0.7890133902500185
0.7801821484297887
0.7856073705318019
0.7725788950113054
0.7724191687632838
0.7886384318023048
0.7662856479102513
0.7864408447738296
0.7675328833145941
0.7875776939258996
0.7845794464074703
0.7829052164974967
0.783942578897481
0.7764702141521282
0.7867425732336923
0.7791599374875795
0.7859859100086554
0.7881515188585226
0.7862889556286616
0.781860716735985
0.7873440708777045
0.7860355545976875
0.7799882789211734
0.7803576641350299
0.7830644570427153
0.7827548750154972
0.785938722746516
0.7870335833028878
0.779961235976978
0.7892265685031118
0.790435779140563
0.7827804443867822
0.7734806269616425
0.7833476505896844
0.7888719889924927
0.7833232831270305
0.7861589930837568
0.783974861669372
0.7834047741786561
0.7870027164781508
0.7907463078766341
0.7814823336718985
0.7819132426128308
0.7880984002596123
0.7889466184629961
0.789016176866947
0.7728949846328572
0.7843479102348776
0.788029940861156
0.7894799901147131
0.7903242239086627
0.7852443817768919
0.7882714339412082
0.7862358740748802
0.7938514223600777
0.7878343508121033
0.7869497048985021
0.7914910178733693
0.7895416085126743
0.7845982241717657
0.7830780196760675
0.7919157402777528
0.7878434062880897
0.7882444074615146
0.7854206548492156
0.7888774099297081
0.7940848601826276
0.7900436070562245
0.7833739814441772
0.7969460448397534
0.7767563671932947
0.7929037750303647
0.7844332045864175
0.79063691772672
0.7927805958601987
0.7824200940682846
0.7883334968807179
0.7870704473224027
0.7938352542193168
0.7894166758730672
0.7911227975230144
0.7954646595231584
0.7959677447238269
0.7931083135361419
0.7900281304245388
0.7897577627244667
0.7973252881740588
0.7918508989535658
0.7971784742115686
0.7814604811618933
0.7871508105556555
0.7876306602281684
0.7934718950131164
0.7852400022194149
0.7932381279005307
0.7956493912332785
0.7911658727758311
0.797453674242917
0.7976477042804246
0.7875227271866628
0.7851502624523907
0.793368646122371
0.7876117548639843
0.7885172119078522
0.7890590668941183
0.7806148808142948
0.7777570837284129
0.7913096161087368
0.793653490235645
0.7949425907519223
0.7953207350807329
0.7919751730131009
0.7952440146185019
0.7884874317402335
0.7978552105126502
0.7898242134537042
0.7908885899850058
0.7908568793545521
0.7922955845663735
0.7929306574456675
0.7852920218128305
0.7858598372022992
0.7874239195952761
0.7914776651624149
0.7923401663211043
0.7930708115171825
0.7899888831683891
0.7915212919760415
0.7834292321960699
0.7974202348397748
0.7934458111261505
0.794997438123521
0.786638645182248
0.7845594338055407
0.787735967181638
0.7953112268309473
0.7922079851845827
0.7930295226628105
0.7986096263331924
0.7925448159622687
0.7962489872273334
0.7881771046943093
0.7849247481713288
0.7882985386272854
0.7954759624036394
0.7816990764896299
0.791042738883045
0.7938593500176911
0.7858480609673916
0.7834471826191498
0.7935075982852551
0.7888403853813006
0.7936447928625727
0.7880675992928826
0.7851971327728707
0.7817301491206392
0.7913695715920169
0.7906759056669662
0.7854596098604584
0.7916942227545014
0.7936492094651786
0.7948707478983476
0.7931614938769341
0.7899372875358945
0.7871813563226073
0.7908428845280278
0.7944087045845241
0.7935213584926288
0.7879526112123586
0.7869016655983948
0.7917946932605691
0.774831144185734
0.7929581943249167
0.7868217345583142
0.7909490352872142
0.7970580240325746
0.7872451439186798
0.791537694735953
0.7908252345821054
0.7839200925041568
0.7914736190110991
0.7915483678492404
0.7721766590002458
0.7846956899062562
0.7881087399667384
0.792192479740019
0.7870753043504318
0.795345929884602
0.793127099532688
0.79104907360011
0.7878910463240283
0.7799142462888602
0.7941602758330915
0.7842682508590766
0.793446091022681
0.794447404395989
0.7911531210191921
0.7934645065679368
0.7914814437655765
0.7910916425694963
0.7914974760741975
0.7980174105520662
0.7813518895403161
0.7977467217942091
0.7887408903969642
0.7913641136096725
0.7813065956958828
0.7848160577627409
0.7943092836904456
0.7861502257365518
0.795709268510175
0.7947041106756982
0.777130045525994
0.7970120263306899
0.7907713874289906
0.7883831455858753
0.7921261977719248
0.7926757622611557
0.7966814479475599
