0.5304815188809061
0.5309710315814636
0.5326106897059997
0.5351965477337457
0.5360413710607723
0.5355869928087958
0.5351245155460235
0.5361106193714211
0.5364075746799277
0.5374643061234898
0.5374176723932046
0.5373915463889462
0.5379186237465644
0.5381933939294281
0.5388409409148819
0.5392741192608694
0.5384912990907291
0.5386443719104964
0.5390351100252386
0.5386888128955007
0.5393488797491718
0.5388545318936974
0.5387120438696991
0.5388710684266577
0.5389047528340045
0.5388549411387844
0.5389244976463508
0.5387430808150016
0.5388022546231381
0.5385688333512878
0.5385661454699757
0.538680739146747
0.5388250409853903
0.5391489458407377
0.5390906511516769
0.5387708336947911
0.5390011932071015
0.5386341609929551
0.5389260739977969
0.5389535742571623
0.5389668823011028
0.5390136120271493
0.5393828774058445
0.5400363660236726
0.540570830002491
0.5413860613730407
0.5422649278284164
0.5432732824607671
0.544418239061235
0.5451815114629599
0.546402830165219
0.5472072443292095
0.5479034156938902
0.5490460229244143
0.5490326795136143
0.5497426894251262
0.5500547766970351
0.5505968192885758
0.5499845633763661
0.550343784567
0.550074865073158
0.5492182948964116
0.5607846826900029
0.5645164168565606
0.5636877006077734
0.5730463677816076
0.5733016407201408
0.5770770630628389
0.5814745227805672
0.5808961685292691
0.5860873414098239
0.5867151941070163
0.5835725808742309
0.5880342162844925
0.5875723200486955
0.5878718217710768
0.587434111414681
0.5886171227558326
0.5896291808036003
0.5899989615279606
0.5893012087594253
0.5899164961167239
0.5891717357396755
0.5887833267852435
0.5904894190289043
0.589514021257079
0.5902512333358558
0.5896991263466197
0.5896084709812341
0.5902829826707542
0.5909039843020456
0.5898443578284235
0.5907791241312397
0.5903527513794767
0.5908637115540387
0.5907098859254076
0.5900533810197162
0.589940510214237
0.5898482330257289
0.5893075394272527
0.5914136257979938
0.5908059625250939
0.5899674243942186
0.5908032342245138
0.590933121541759
0.591526350083627
0.5929907603675699
0.591098466661728
0.5930704873734097
0.589137571353523
0.5927788017269496
0.5931436715102659
0.5936719563935112
0.5917032298521596
0.5934716435544409
0.5932275162290181
0.5935963824674433
0.5929670039428895
0.5940390593413762
0.5924711555220961
0.5942635732170736
0.5929153228565311
0.5930862306782385
0.5937481214513713
0.5938319105936304
0.5946128815822663
0.5942298736525011
0.5946288825599277
0.5924101628469061
0.5945907166662576
0.593896581422195
0.5947273994729105
0.5967065996570445
0.5961974330874936
0.5958610689928305
0.5954407742884711
0.597861327615516
0.5975598554538268
0.5964748153655424
0.5990329558803583
0.596567077396825
0.5939169375759674
0.5994574845030254
0.599269646060496
0.5976759547483257
0.6010034204502277
0.6017030274526758
0.6001377963574823
0.6019945312124306
0.6002654909294465
0.6026773743235367
0.6027789681532849
0.6045612810312992
0.6024163113248837
0.607722972158511
0.603971973158413
0.6039900961476367
0.6091471652709405
0.6064950398535497
0.6080410465344707
0.6110371954977827
0.6100583671405984
0.6099359877023569
0.6088927613466661
0.6090244321641053
0.6102017090216301
0.6060032182023161
0.6093481248182964
0.6108953390248446
0.6125098513123677
0.6100228436565642
0.6099643266615302
0.613319307780023
0.6106736595503055
0.610443340457263
0.6131421551814323
0.6126938246624085
0.6122494804936764
0.6127088656824582
0.6115824564735262
0.6115077717713511
0.6133691194752432
0.6127430704878787
0.6125898208338145
0.6142516236647255
0.6161313469782651
0.61622726190088
0.6166253664271882
0.6133919967808479
0.6146760815536738
0.6161668199382144
0.6165631106498779
0.6101787609823066
0.617819114136363
0.6192432819867502
0.619883497927497
0.6208875125409621
0.6218380726726916
0.6237256625862371
0.6216297669234034
0.6213934051498169
0.6227247046799034
0.6233662443516725
0.624586067541021
0.6242123813049043
0.6255542706831685
0.6230181435121067
0.6238234873192581
0.6254668488592111
0.623721044684885
0.6256806869957866
0.626879391117682
0.6176372021689829
0.629330925813536
0.6264705956950266
0.6298984375962327
0.6281596461648788
0.6250087621394093
0.6281836350003496
0.6278067455372556
0.6303331821888495
0.6284523321882185
0.6310152169145986
0.6278493777600234
0.6300967345243187
0.6295821063011992
0.6294373396409756
0.6302140918685295
0.629111469398729
0.6311103487138987
0.631733982650009
0.632251005714749
0.6215922073187512
0.6297895986127219
0.6319457695087412
0.6282169303722434
0.6310454303173186
0.6285644097655659
0.6318929415256573
0.6304924189469643
0.6317853656442671
0.6293046229749808
0.6338522554300078
0.6348513641548372
0.6318496221753361
0.630622963077312
0.6345432783904459
0.6322025834318612
0.6309379504316894
0.6333766419051832
0.6284262061839601
0.6339690570092855
0.6301819737078118
0.6306374634896543
0.6295735626784568
0.6316712317366675
0.6349518060354515
0.6359714325911248
0.6344262646100117
0.6363629336195475
0.6309284367465184
0.6348231565582844
0.6327511587875687
0.6345511753049025
0.6336708537558842
0.633308146403398
0.6325802812803122
0.6305158570699104
0.6355707008124061
0.6354784185714895
0.6337504696087373
0.633104751595154
0.6350890142925866
0.6367218920849402
0.6374055789482629
0.638411523581768
0.6348624491390459
0.632393973717553
0.6365470939087021
0.6360645282698068
0.6323543527302402
0.6358247662253121
0.6355709483804217
0.6331488187019306
0.6385192055637365
0.6359847557922907
0.6357044279600972
0.6369907610546977
0.6337220599158453
0.6380485231895899
0.6355404924620945
0.633000409255192
0.6399020649223779
0.6361546480798933
0.6352204931185034
0.6358688434369058
0.6359568664974723
0.6356271008482863
0.6383228740225497
0.6369682273128695
0.6391216951703512
0.6348517481378817
0.6378903676468901
0.6397768611877952
0.6382247461450199
0.6373634873332026
0.632272816962164
0.6369633517386848
0.635438181190342
0.6368611364626935
0.6367307337997831
0.6388335209477858
0.635953117610379
0.6361853465138276
0.6370715945379948
0.6396152144308346
0.6372730946930583
0.6354285917190439
0.6379185802958515
0.6372751004992254
0.6382778570629786
0.6369440313286511
0.6348536882627387
0.6345339920636566
0.6366766679766215
0.6384845763560035
0.6347683935027522
0.6382290558494548
0.6341332855469803
0.6373899467964208
0.6370090356161756
0.6365572745117924
0.637694116944239
0.6378586435740342
0.6360451472308715
0.6335751712440595
0.6361443664286333
0.6384564142311271
0.6344018362150032
0.6330463103862471
0.6404215788244992
0.6374682389182519
0.639322841656821
0.6372005825265302
0.6363246414156655
0.6373145294950159
0.6333787538119285
0.6382654887670156
0.6397022926910151
0.6336420499751305
0.640126588902892
0.640387712530447
0.6371253319546051
0.6349359768396787
0.639032237225776
0.6296358134033586
0.6398851494587815
0.6379681747375069
0.6391930351781114
0.6378301378853809
0.6390222081949399
0.6392267852667687
0.6400352110430937
0.6379150638195483
0.639281634213245
0.6385930414612868
0.6407080554378148
0.638825770553175
0.6396902629064204
0.6389996845579289
0.6409734079312688
0.639429300955937
0.6361209384105041
0.6365905092547848
0.6314807104652346
0.6414174135886325
0.6405583222600539
0.6395017423887461
0.6378724568588229
0.6412379975110423
0.6388126292387143
0.6380277577907305
0.6344095512427546
0.6412260435125746
0.6410907349610288
0.6420409363717562
0.6385049426145928
0.6364788207128902
0.6415401770099185
0.6394789711837197
0.636167652979325
0.6338694336188453
0.636562943314109
0.6400437192989766
0.6402108327619143
0.6401330660905655
0.6413281981596642
0.6385651824809191
0.6398496916560575
0.6424979924002279
0.6377608643126896
0.6390824935329424
0.6418462569681429
0.6408030811365368
0.6400492567386725
0.641835768168135
0.6399135793613074
0.6366104915303293
0.6379536642203477
0.6396608174697895
0.6399555042468879
0.6411229541699159
0.6390008466118796
0.6376562693523034
0.6413207812240131
0.6362254272703121
0.6402152536193357
0.6334857082470756
0.6373881582438183
0.6409470545686287
0.6417185371341363
0.6374962141040146
0.6414254368133012
0.6399268520383886
0.6402777822267042
0.6382382360756658
0.640403481097318
0.6404173499586001
0.638271127254881
0.6376611196644457
0.6407766317781356
0.6391515447996605
0.6380018743020792
0.64148593435246
0.6412237749811665
0.6379696854076429
0.6420330394572994
0.6405220762816068
0.6417861434120287
0.6424896458214162
0.6408751284814846
0.6358197390788729
0.6394358994014139
0.6419719305767143
0.638068813662052
0.6408054102968468
0.6389967288989672
0.6387499692687254
0.6382027328012656
0.6393023692976535
0.6422193571248755
0.6397146003580763
0.6387306640159172
0.6410327383640683
0.6358150858106615
0.640903300711178
0.6416176506415755
0.6360629771804029
0.6394402848919759
0.6424910301813401
0.6399988337020261
0.6388094512737794
0.641445030053393
0.6403833674591528
0.6417039457784414
0.6407150681807873
0.6367850674005944
0.6386322430986955
0.6377774058980583
0.6412339656890738
0.6388788208422319
0.635238995038363
0.638676194000077
0.632875245939877
0.6409165632834423
0.6376879934251594
0.639710305810867
0.6429951999189027
0.6385126727995698
0.6397689743781554
0.6393506400082868
0.6418019473457592
0.6414780677524541
0.639715646206632
0.6383708668507164
0.6371812014875948
0.6430051026395268
0.6403468587554647
0.6434335367739501
0.6346360204005341
0.6407505057738773
0.6380859160647623
0.6391522167699886
0.6417371299973487
0.6413576991727883
0.6323469913710825
0.640841226820573
0.6400197910924078
0.6410472387764106
0.6361247277168651
