0.5763081705254793
0.6971828043755401
0.7490185757448582
0.7566241547742198
0.7779009793579601
0.7843218716252917
0.7869247570621598
0.7963530181819141
0.795303245663703
0.8055802024573927
0.8026348018735944
0.8033677644483
0.8099242460040242
0.8102727048361016
0.8141532973540063
0.8113390735721202
0.8150139462562439
0.8175639600617287
0.8191725583514291
0.8187562122623329
0.8244944080789335
0.8215576637069529
0.8261651969080324
0.8176743957075069
0.820572711932302
0.8237199220307052
0.8218558852279337
0.8281413775486431
0.8309896416879867
0.8299794621804631
0.8262723478857028
0.8316153380335096
0.8284066824144138
0.8263605194089311
0.829813734621538
0.8346219742156022
0.8320068926990307
0.8320538782710232
0.8386308375508528
0.8371161033858754
0.8373805973749328
0.8381155974317351
0.8333419621043147
0.8334270712302095
0.8331900894236486
0.8436674397847891
0.8399537108764334
0.839990369089676
0.8417444106720925
0.8446736513473807
0.843160905270995
0.8393054005376976
0.8395900059156954
0.8393604166704397
0.8408575297023728
0.8434233782424572
0.8456340380853562
0.8453864449073896
0.8425499076094483
0.846229480908834
0.8410292956173309
0.8438867263680478
0.8469488890824384
0.84408442387333
0.8477127637592607
0.8443757014906795
0.8435175551927145
0.8460632100213495
0.8475663819899426
0.8467277955201078
0.843305109609951
0.8452041746402876
0.8418981150285831
0.8383879532203989
0.848462618912806
0.8478526091213668
0.847894165523893
0.8466337091246104
0.8482960804771676
0.8494708062156128
0.8390697194267784
0.8467569829656618
0.8489335283608453
0.851068171598965
0.842773796020958
0.8504640972604222
0.8491166300852877
0.8481189800636286
0.8561852152725378
0.8486183319385157
0.8520098135016488
0.8512209415949789
0.8491456528858238
0.8517412322000212
0.8518874781371997
0.8498651351496862
0.8480611690817073
0.8493894139509979
0.8481485708894767
0.8507483486516313
0.8543132261154
0.851310343839716
0.8519523153452614
0.8516888997810715
0.8535194560194466
0.8515126802183786
0.8517010176543913
0.8511391953435755
0.852999330059422
0.8567064855154369
0.8527331196460527
0.8500915220493432
0.8516798813502143
0.8500256187647903
0.8572066770799152
0.8573484529048567
0.8478715762274327
0.8570961097181227
0.8519144387588861
0.8482080900634592
0.8514900703412911
0.8573669507726214
0.8538361589436902
0.8544832632576695
0.8561413332591332
0.8551434362699473
0.8542277341898387
0.8540797430154703
0.8563991138475846
0.8495087486599954
0.856282347600867
0.8544179362306796
0.8512530267928484
0.8545403539176375
0.8551264366718458
0.8536932182552468
0.855161337299522
0.8570600853881992
0.8585737658250616
0.8500611326951583
0.8557465103900062
0.8563880702830066
0.8600805805646766
0.8585284020064958
0.860847431200198
0.8584681090009292
0.8578076355114936
0.8619723147755896
0.8489363931841571
0.8491640437343269
0.8556873410866868
0.8564972216976449
0.8572252819669415
0.8622372821190736
0.8565200456132558
0.8607550612290126
0.8590815886861213
0.861113143562388
0.858310691899284
0.8554129395836754
0.8610830670337372
0.857107404366353
0.856024871605699
0.8599854898345696
0.8605876131296498
0.8641323380432236
0.8642402916653564
0.856942450639012
0.8594608196720501
0.8634146421778057
0.8588050097527478
0.8626016086147541
0.8611256648160017
0.8622605835052365
0.8611153251088756
0.856815204736903
0.8621177539521802
0.85729417355857
0.8596347053916139
0.8608731981455044
0.858729091934979
0.8580303425949998
0.8638012739572908
0.864561851617629
0.8647530950382083
0.8612694451940366
0.8462078589018539
0.862070064522736
0.8624629775096553
0.8633929378483168
0.8618200099017514
0.8661005498649663
0.8612699432452159
0.8699040020758444
0.8640963589906798
0.8674063577344384
0.8662677551129274
0.8649940694864542
0.865085377497274
0.8662537726347798
0.8629802057173642
0.8618954543650934
0.8667261103783492
0.8597235643077921
0.8657084024773806
0.8601420425498705
0.8617134639945219
0.8667676009228681
0.862181031148697
0.8678650711027742
0.8621697035714632
0.8662106315239559
0.8653241909796593
0.8575422689038411
0.8663801664989208
0.8628656004365068
0.8649559253519247
0.8661492930225254
0.8625003601609766
0.8586198664300827
0.867215278958877
0.8674050241097933
0.8650422199219485
0.8637515141167462
0.8646413381161614
0.8688974118297116
0.8695670231176422
0.867305557938335
0.8655102727789263
0.865653703286298
0.8702440022701254
0.8680415993748758
0.8664924461688999
0.8631086864571077
0.8602047846500792
0.8654451680227104
0.8644085094801778
0.8637601415156859
0.8661485356554428
0.8653028735659625
0.8622354298626218
0.8663117729584717
0.8713526106854946
0.8675511547954591
0.8654804596823041
0.865426690735573
0.868062488711526
0.868312683280776
0.8605814430576029
0.8625412950285601
0.8653281177633368
0.8664338654715195
0.8677250528633993
0.8700604271912565
0.8652100755177304
0.8604080224602147
0.8709452912595064
0.8648376073259131
0.8678110840013941
0.8675274911902566
0.8640841505626002
0.8698532955264466
0.8682441539081871
0.8631050025248315
0.8641291974395064
0.8710948095164164
0.8669591324722289
0.8601715469370841
0.8633302616061156
0.8604221037253734
0.8634743959709389
0.8712556553505596
0.8680058961027372
0.8643655000853684
0.8675505003315127
0.8663298221685625
0.8661613203410851
0.8665458487804663
0.8684998970145412
0.861658760687314
0.8658898618677693
0.8730513685870147
0.8701562464755677
0.8698083227397985
0.8707482317536687
0.8657219651107327
0.8680543017380093
0.8701758762778306
0.8685259397402528
0.8706248303127284
0.8687858113204316
0.8679929261914495
0.8607683768948378
0.8666087472934418
0.8647158729157792
0.8657878025372785
0.8680189853816628
0.865803929516785
0.8706262009825028
0.8657063156017785
0.8670561372006692
0.8698316364743377
0.8625179236682647
0.8706206154002694
0.8644003842485429
0.8651034514041175
0.8668345744000377
0.8677831313934748
0.8690253615892722
0.8707002294986904
0.8682521721205604
0.8648301447904752
0.8692548726281444
0.8702810021217804
0.8653284305888711
0.8667262709072419
0.8676403718145512
0.8671446462461841
0.8687344791199658
0.8607813426899998
0.8641211751110078
0.8610355916428165
0.8723662106932659
0.8737800051138742
0.867393902338832
0.8710815185473435
0.8613527555731104
0.8672324061568676
0.8673088261419409
0.8708864594784735
0.8692453808428605
0.863959711858047
0.8602803690616865
0.8641207552662121
0.8650149300102261
0.8690384755649506
0.868961915631612
0.8686288140635822
0.8602151243572053
0.8691668739821851
0.8688183575243514
0.8693504614094306
0.8695205109000765
0.8718685176169344
0.8669629357721432
0.8698197244072903
0.8685386421033863
0.8674451810296668
0.8626158956861855
0.8713779248570017
0.8612718366629221
0.8632858362641519
0.8649767159015641
0.8657795044283747
0.8641353757438045
0.8613647705432941
0.8690246453834443
0.8677696716632588
0.8646031281236246
0.866905943899186
0.8677344829068012
0.8711402186123619
0.8740557114286529
0.871529073099589
0.8692047176395568
0.8660757049317604
0.8742200148081729
0.868698195474139
0.8682319413639819
0.8674112518075966
0.8721337195795691
0.8705532879363114
0.8724096193522437
0.8606087370854506
0.871539346948708
0.8688093020483653
0.8689259489274447
0.8708463889972344
0.8642791396573375
0.8704032263508424
0.8648553478265952
0.8737336328445736
0.8668161176935275
0.8725198327272474
0.8705070556152761
0.8670234963258642
0.864282321422309
0.8692791618844149
0.8721501676168605
0.8613691212878929
0.8681820456912976
0.872040958576466
0.8670373223912451
0.8661507377825577
0.8628036692130117
0.8700489596657575
0.8675811160725972
0.8685768520959227
0.8698791941877674
0.8645860050417596
0.8710531625591302
0.8697651775128494
0.8629924635389492
0.870688123973747
0.8701834417164044
0.8717780534118317
0.857373676521604
0.8716233076756026
0.8696821223335534
0.870434632388013
0.862247292536164
0.8690097532415723
0.8696004254756554
0.8719328608899425
0.8652657790434224
0.873935783997591
0.8744090231726337
0.8604818575185065
0.8694242100290879
0.8690893138303627
0.8704684957520761
0.8705028530511933
0.8667689962893952
0.8716987850679483
0.8723875610359663
0.8622587106681575
0.8688977905132529
0.8683641471972561
0.8684154505848437
0.8722946724329744
0.8711737362218875
0.8663344898548211
0.8704051403491757
0.8711067709769689
0.8714068077092723
0.8681500551643133
0.8630087181183446
0.871608888888157
0.8656665949912021
0.8713598632985344
0.8705745189113737
0.8681176406764077
0.8697295894922232
0.8717472812579802
0.8737426348109291
0.8632550229490459
0.8691209050931784
0.8707628645796374
0.8699291351378317
0.8699615990192425
0.874652508457403
0.8660605575901106
0.8691586046861594
0.8681424197516067
0.870540062825246
0.8706050523299492
0.8689170827932291
0.8664653167860701
0.8677980688127267
0.8619706724415358
0.8684183195242812
0.8741820558992887
0.8667629990946171
0.8678210697217318
0.8662813012817778
0.8727096396200454
0.8699589893957083
0.8725104356128491
0.8724391443200843
0.8648779206585537
0.8638541620531761
0.8702741775857871
0.869462774008413
0.8761781709354455
0.8729378293826485
0.8748922933453941
0.8719152521052747
0.8714220126766786
0.8719017717944314
0.8732436533873326
0.8671088318386584
0.8729523140281013
0.8734380785728832
0.8678339202653815
0.8691584935507723
0.8753526037704039
0.8748564130798612
0.8719422415398393
0.8708042728016474
0.8758072545229221
0.8731914609166479
0.8726436005033529
0.8767890574616053
0.8659269275774313
0.8707688082647848
0.8752725821755631
0.8681603907553139
0.8714760532876894
0.8757415199995124
0.8727213664614477
