0.5420650191820245
0.5625808593768907
0.5817177103580123
0.6079463391374829
0.6395847383028735
0.663064346575093
0.6774508473156802
0.6966036841172374
0.7041827212419612
0.7150764616847622
0.726582008375418
0.730806599936948
0.7330410528499812
0.7459718839732985
0.7479943226692183
0.7562701323952317
0.759970127331708
0.7640170509489823
0.765225516324064
0.7661849636423128
0.7747294907658291
0.7764429191066052
0.7788701820321137
0.7821443044052667
0.7810874213894501
0.7869206341302136
0.7884255293633198
0.7890814279799936
0.789474560936356
0.7905134422207525
0.7928496102213376
0.7906414904613105
0.795094900550564
0.7947053851186744
0.7989859017896873
0.7980714259593333
0.7975458643242596
0.8005579788983734
0.800758347313937
0.7991461540819071
0.8046915664783327
0.803168861505329
0.803277882375545
0.8066729038312545
0.8072868421954886
0.8056721480212601
0.8080401007236029
0.8099372700036296
0.8061755043210572
0.8091246860951241
0.8118120318520403
0.8105445846603442
0.813124061496178
0.8124808696868354
0.8097033384385226
0.815337183140602
0.8146228887866979
0.8157085806356764
0.8164129773213652
0.8155224852740733
0.8179403153529466
0.8190268661113672
0.8120382079701278
0.8192599589766661
0.8191247161064305
0.8210902899448896
0.82115174744166
0.8217760078764219
0.8217211033534523
0.8232571618420731
0.8227762331835258
0.8229963262018014
0.8237209022069658
0.8230791099147725
0.8237258384100523
0.8254308645955235
0.8201721208039355
0.8231512380982561
0.8250452496229816
0.8256950348253927
0.8278701573056266
0.8269458393835503
0.8280229623477442
0.8265120598009534
0.8268770154752139
0.8265717489547553
0.8281990842550045
0.829446099506801
0.8272772319082673
0.8281956536696455
0.8261356604214822
0.8278181377078999
0.8296063669562461
0.8323111031031559
0.8312676443366751
0.829696198779049
0.8314771727688157
0.8289506401214608
0.8319645584054025
0.8324514185915072
0.8303602873498717
0.8347662755331169
0.8345424336277476
0.833635010959634
0.8352793526668325
0.8342803197281302
0.835474946556381
0.8356281103195008
0.8345364061044291
0.8350794137059898
0.8354564092696619
0.8303301648905044
0.8355545977760934
0.8362150031411328
0.8369406300472613
0.8375329491556026
0.8371989950597853
0.8368158355577657
0.838670933432366
0.8360602680789753
0.8388723072772173
0.8384315907377753
0.8390922285136048
0.8369912400230216
0.8402936356740376
0.8390708669305446
0.8388536739947373
0.837435179999075
0.8409775448433336
0.8402234324581856
0.8390061102110358
0.8412485408770615
0.8383683194263601
0.8406731018654573
0.8420920808923338
0.8408178331588214
0.8424825512294263
0.84144237147605
0.8422166076041798
0.8409838098298508
0.8427535674727882
0.8432294588800793
0.8433023398724265
0.8423564026944576
0.8424115093137664
0.8436779813906257
0.8441666351817411
0.843301516329844
0.8444205793368437
0.8435158041307743
0.843429347316837
0.8420985580800072
0.8436721155443784
0.8426623765521037
0.8438851200335545
0.8446442545127328
0.843178353768288
0.8451672040526218
0.8455163962124196
0.8463258678373003
0.8453635659082595
0.846177210822546
0.8467908157278202
0.844936965798115
0.8461301072182719
0.8441979651667356
0.8464631619853794
0.8469954382713253
0.8469079861329171
0.8469498150227364
0.8467208752372094
0.8461512919670352
0.846715186225259
0.8462989587097272
0.8467059453701462
0.8479476758026709
0.8481779595288541
0.8465674790632993
0.8475491064547822
0.8472650246830868
0.8494516919167012
0.8491870417080262
0.8433269147872811
0.8491937159396302
0.8475913193276461
0.8475398757044865
0.8490168210138723
0.84911136168138
0.8488498136515128
0.8502442026063092
0.8499543914033956
0.8509131718037248
0.849031053648565
0.8490137087302475
0.8498351949824977
0.851046499811146
0.8493966509787025
0.8495998942146922
0.851242760618614
0.8485561525133363
0.8508525732163965
0.8497629051219427
0.8506534982174041
0.8505720028685958
0.851922936058042
0.8515731729760858
0.8483548999262885
0.8525039428237929
0.8509700770804534
0.8511117213522351
0.8502062337565699
0.8519053284144836
0.8514662741174318
0.8510093848184402
0.8527248391750174
0.8524924890137651
0.8514297098372505
0.8512160485349718
0.8525382436249745
0.8522354679418973
0.8543982726502529
0.8527920614698651
0.8523030388529302
0.85446649532198
0.8522012883985193
0.8544250099959376
0.8540698155748636
0.8541880722477841
0.8551135976954873
0.8536938102832539
0.8547813260516944
0.8552052281757098
0.850731178997809
0.8530981313232724
0.8552100481734012
0.8503798294595893
0.8551068426253474
0.8553158405545976
0.8515041671810439
0.8552869155160404
0.8556119217964366
0.8532355922008314
0.8547812199511163
0.8555898730858231
0.8555339580811571
0.8561512360873975
0.8546116611224737
0.8543940791512131
0.856315126113724
0.8561937419999532
0.855021138620274
0.8570081043562441
0.85645356210612
0.8572402726307911
0.8579866750405958
0.8580052426417658
0.8579742259060971
0.8578783412979333
0.8573524563087167
0.8577639194030501
0.8567851062030916
0.8575296190121241
0.8577089289891364
0.8577273450180518
0.8590348022325136
0.8577065240426991
0.8577755146805155
0.8585015912509987
0.859034731498795
0.8563481284459256
0.8574341436490474
0.8576506039856246
0.8568215290158354
0.8572357810396508
0.8584609749392152
0.8590250409793272
0.858547249866447
0.8592574315598474
0.8578663418277894
0.8596120095870866
0.8585279799804982
0.8589908563835407
0.8598276665907155
0.8599176550381815
0.85888105239001
0.8600424091084092
0.8584582567434522
0.8601361363381517
0.8600860164460139
0.8589712783006745
0.8595583024849272
0.8585384384660553
0.8602839394958726
0.8585688741747486
0.8602855764762205
0.8600602239007153
0.8604551504620888
0.858965796437472
0.859657501473055
0.86037971295105
0.8609509382539804
0.8572283287371404
0.8612880298954646
0.8609768520570825
0.8603104949548518
0.8581475235170164
0.8580758955219725
0.8593393007868833
0.8611890077416338
0.8611795294233223
0.8609129289849733
0.8602011911497608
0.8610877271612114
0.8602276101937111
0.8618222008345912
0.861460352391547
0.8608813969036395
0.8586619092245289
0.8609805302104572
0.8606723535027132
0.8622324665081146
0.8603972751229318
0.8592765347163163
0.8595424429747034
0.8623346716792891
0.8593817056512695
0.8604700954863773
0.8610251379249413
0.8622478359347157
0.862199120612136
0.862454327869359
0.8603683955560509
0.8618724268273068
0.8610532242636906
0.8628299845447834
0.8616870084884404
0.8619168172882262
0.8627633432769112
0.8632293370159868
0.8611848647666788
0.8625909904663781
0.8625798195912252
0.8642424611219439
0.8634043777078321
0.863130223918803
0.862897151263138
0.8635104227094522
0.8616835475886304
0.8638879942476914
0.8637266051635635
0.861415704257795
0.863657488215535
0.8621300845026434
0.8625711395534539
0.8635272068104284
0.8624275349471809
0.8649931530265498
0.864406629030737
0.8638151940938801
0.864383989188331
0.8646791357346009
0.8633944093058977
0.8633327699224222
0.8648833641902445
0.8632461564838219
0.8640365653715014
0.8632637944418311
0.8640487164138998
0.8651631918339983
0.8634406388435045
0.8647220711018777
0.8660983017005912
0.86541131561453
0.8654536446927888
0.8655040828866608
0.8643082940044593
0.8644225036981862
0.8653878067578651
0.8662136785006771
0.8640641414169942
0.8647747374078899
0.8668319164645292
0.8663225023269625
0.8649907986041975
0.8647915518233167
0.8630839135426606
0.8667574288062848
0.8667173834166595
0.8640495298516653
0.8650493358088652
0.8663667563728529
0.8626788417450562
0.8661539135607482
0.8651203625672996
0.8675143856974078
0.8656733284659777
0.8671875352879154
0.8638588115363015
0.8660727567233082
0.8653336146244913
0.8669328282191322
0.8646377110374601
0.8660217577120948
0.8674474665470688
0.8665786846990226
0.8669562360276275
0.8676741479060045
0.8669257598996666
0.8660462922076815
0.8674487347015976
0.8643918254738859
0.8653540869836588
0.8659637409055005
0.8677459022112605
0.8620288291842635
0.8670271971047517
0.8607761198681083
0.8666096559630148
0.8670433041829909
0.8672543382328594
0.8669749198341924
0.8668685262163868
0.8666243584716962
0.8678233253188327
0.8660183523887781
0.8669798610896874
0.8675551788434882
0.8664784752291982
0.8679870839825384
0.8661370536736451
0.8663097449955464
0.8684249661208223
0.867816459095706
0.8674155504826904
0.8672102559688574
0.8677798746058907
0.8656817710405504
0.8658919461809769
0.8691563931918878
0.8689342943674447
0.8660513597733885
0.8689203699296694
0.8694388127211924
0.8679684052283819
0.8671075354520177
0.8684612323089032
0.868955236600601
0.8693820842787611
0.8661213558404928
0.8686360405899585
0.8686343935047935
0.8686453218643391
0.865105710582703
0.8699085957666294
0.8676873094300992
0.8681696173961619
0.8685084874854317
0.8679286730880825
0.869325214368892
0.8695992873193854
0.8691151251194098
0.8698120745549967
0.8703444064174359
0.8692836330470884
0.8692968046760001
0.8695960184110978
0.867644874251262
0.8676988238690286
0.8696406463352158
0.8709174404826028
0.8690724221629234
0.8698191580316879
0.8692400408667091
0.8660498541556609
0.8691101282874216
0.8677987857708374
0.8701794907521877
0.8689416809886448
0.8698488914556022
0.8695626118862174
0.8704338542571942
0.8710821085798355
0.8697482980027336
0.8688414412043697
0.8688347619203568
0.8694192245335093
0.8697090913129162
0.8704822209635886
0.869726001724104
0.8720893264202777
0.8707609522347021
0.8715479608514735
0.8683392671681573
0.8705454316461021
0.8697128452524179
0.8703850227292196
0.8712564773013525
0.870767530470545
0.8701679965228921
0.8710185290715028
