0.5328067810750967
0.5377414036518321
0.5403934336095952
0.5485594717333098
0.56563903390665
0.6003051920219156
0.6155199881145399
0.6251604463186047
0.6294012796345608
0.6398509198663946
0.6462335118684568
0.6637633265950782
0.6757712662782037
0.6869306130693869
0.6920346054918963
0.7059350314198399
0.7172408815980885
0.7250135044665561
0.7305883318043992
0.7370774249114695
0.7428778067940761
0.7433756276995868
0.748142149939627
0.7506268545220602
0.7433683777320765
0.7518963483055698
0.7562899203885248
0.7581303261705321
0.7595769954962
0.7577109650048351
0.761034957844396
0.7648970033008765
0.7651287065522627
0.7659688717393565
0.7664906552660333
0.7641263399120245
0.7675923801108001
0.7640239022557545
0.771920014198108
0.7732508166027927
0.7741286387941274
0.7755484444919392
0.7775918697579535
0.7747385690776853
0.7771354124153196
0.7800930218756807
0.7814322876742243
0.7814660035920479
0.7819546269297749
0.7825000722702457
0.7830353717349463
0.784341360080649
0.7869247345795561
0.7829196424715741
0.7887337646231258
0.7894369910779003
0.7877126612525078
0.7918477735232513
0.789258469550213
0.793539381624677
0.7945854061213077
0.7957807483383835
0.794844855028946
0.7966372641906005
0.7955473167192153
0.797777614741315
0.7980345297292261
0.7995743626669297
0.800702991926993
0.8000403948611701
0.8010820245111103
0.7978973972565654
0.8032783109064442
0.8037963572839051
0.8038932223561466
0.8043044209353569
0.8062301336487153
0.8086543453587792
0.8065290698969776
0.8076060061749125
0.8083563268279236
0.8073197905095887
0.80906991839096
0.8062851762993768
0.8070680810187438
0.8097800736121525
0.8101359950129196
0.8097474589552164
0.8123471229380865
0.8092121543920859
0.813441582520053
0.8129978457603573
0.8115244504644441
0.8141857238758612
0.8142935964585489
0.8145696305590923
0.8103746678181641
0.813910138437161
0.8129667606324317
0.8176244772770875
0.81503381712166
0.8176852964489792
0.8191111845738229
0.8151237687227734
0.8193137604944172
0.8182443189086341
0.8202031969093724
0.8197051618698004
0.8184991078512203
0.8201624502565301
0.8167241200249966
0.8193221321165353
0.8212888005183676
0.8219032989952372
0.8214488045481667
0.8225249607663063
0.8225980875483032
0.8237692937975917
0.8211825849254414
0.8219685741949797
0.8234516616063899
0.8213439349407698
0.8245797453344395
0.8244237435722179
0.8189450369358312
0.8225693680919142
0.8223371549975245
0.8258667777172708
0.8248430129661743
0.8238911666691564
0.8274966285356784
0.8236967278428985
0.8179642672452229
0.8280951944186875
0.8270823454062967
0.8262341705856173
0.827705047257093
0.8298421663718669
0.8287553238443732
0.828465167092632
0.828040574937719
0.826694028581085
0.8269824008823139
0.8298525722675691
0.828947162471313
0.8297578689296626
0.8250458285129801
0.82888468630966
0.824542480909311
0.8322015005597312
0.8304786186884686
0.8321779713051181
0.8277665649138994
0.8319076576430743
0.8296739181807008
0.8293183026857358
0.8319018505312641
0.8289383574826421
0.8340170005110156
0.831491855181542
0.8326766334515847
0.8345443056374209
0.8332612857190272
0.8323804503555416
0.8333030622547368
0.8314481871282895
0.8305128903351662
0.8349678169251665
0.8307637381913351
0.8360133264803636
0.8370535081761737
0.834688040576977
0.8335518299514512
0.8355600046722014
0.8368955486168188
0.8366959348840751
0.835834488850014
0.8380209454722398
0.8352332360943762
0.8361428520954114
0.8389760751582004
0.8354637565099942
0.8352824359442172
0.8387042268687162
0.8383260049349743
0.8398361446161521
0.8382069565936491
0.8387501688217646
0.8385601197437673
0.8378852456584192
0.8393279484055196
0.8408675009295712
0.8392660993507608
0.8409837043469368
0.8419829099605528
0.8409536745940286
0.8401244047519203
0.8421916090956196
0.8397372809593369
0.8422245143630678
0.8416615457185654
0.842089094962899
0.8427381302048279
0.8376786827655374
0.8422714658052631
0.8433345904362324
0.8412169014383232
0.8444396598511024
0.8421014841478849
0.8419749105238277
0.8446806014577124
0.8439755854539955
0.8442876348643087
0.8426592625906113
0.8437069440770033
0.8456581795311188
0.8446236010099174
0.8409454916138218
0.8427261692879651
0.8464281648287761
0.847308005998405
0.8461966247271512
0.8467613676253057
0.8452233446302646
0.8422613607169331
0.8465578841841652
0.8464757025904255
0.8458963985760901
0.8472134250228192
0.8478377226822168
0.8458765758801126
0.8446058890639747
0.8482516438230658
0.8450784676423804
0.8469943301889107
0.8481171829277439
0.8474203550026637
0.8456461217440852
0.8485534708811581
0.8446608654350458
0.8489777979177093
0.8470835527145292
0.8497516988096337
0.8492672153970955
0.8478196181571612
0.8492968678661811
0.8465545804015022
0.8506755547257577
0.8481926396922668
0.8505161727044229
0.8483384242006975
0.8512650759938841
0.8501124535220745
0.8487528653814103
0.8495299120046665
0.8503122864873096
0.851009022640649
0.8503652438800869
0.8511613229426649
0.8511984955960527
0.8511361061077101
0.8500131972861464
0.8495308246236428
0.8522837168227951
0.8497103862310574
0.8493836788343928
0.8500586191993312
0.8511299828932376
0.8512492759592047
0.851002777063856
0.8526247763000092
0.8504505355161479
0.8530811571661927
0.8530891617013481
0.8503897571316968
0.8510054741333446
0.8539745550612855
0.8535283404645924
0.852562718209619
0.854837489836917
0.8539728725793737
0.8521003313928537
0.8552038885114068
0.8531595302326959
0.8533732258291972
0.8548312391616937
0.8533041828896587
0.8543029194477116
0.8538365303633688
0.8550249846014666
0.8541284205813219
0.8545313699007351
0.8570787239914426
0.8538352302637096
0.8541156541125133
0.8548971924526308
0.8548947706983641
0.8519424941958198
0.8553991736770504
0.8553845207891289
0.8553048068355262
0.8571910475035511
0.8560467762601394
0.8575723947749045
0.8571284897670176
0.8511455484001355
0.8543317357742712
0.8561933918126657
0.8575039636469701
0.8543309404191859
0.8562714538749369
0.8494791214446544
0.8564091114858909
0.8551468166855911
0.8569187454537938
0.8578622201286934
0.8571175485361617
0.8574692280431394
0.8585984844100971
0.857360254199564
0.857182818637474
0.8588600746583505
0.8573455095399019
0.8583005270604016
0.8566965660697134
0.8585909285367848
0.8589523664388501
0.8574970144868321
0.859808418333934
0.8592440119321617
0.8597419806921435
0.8596525950167638
0.8577444107058669
0.8579243037112338
0.8585675828256528
0.8589574750657456
0.8590679733399014
0.8598089026847874
0.8587688025638577
0.8603537005246437
0.8598206851565992
0.8609144462536507
0.8594897613582952
0.85913123975821
0.8617727312610901
0.8587732942807189
0.8604306103417269
0.8599307041783317
0.8616164439867866
0.8619227321711598
0.859537166560764
0.8590846706982671
0.8612834808164689
0.8584897196021533
0.8619966084223718
0.86204394734525
0.8629619859527036
0.8604690474057634
0.8623694872014365
0.8624892391261068
0.8601735474993448
0.8621331902645887
0.8589371119361845
0.8623868371588468
0.8630906907205157
0.8624542027149039
0.8601845040254908
0.863507089698362
0.8635368339391881
0.8622677837190916
0.8600934103760496
0.8645754402201177
0.8630318905269182
0.8637442584667461
0.862869571809883
0.8617120446483794
0.8632675909474519
0.8629669161345478
0.8650410645399551
0.8631449278192317
0.8634821991629296
0.86383859981612
0.863385456453009
0.8645422800311677
0.8607343238189321
0.8642007209078101
0.8603408728746751
0.8619507123551938
0.8621502547099171
0.8659210892530653
0.8632639098809665
0.8605856637959617
0.8646193529980121
0.8633774978037237
0.8651500893678309
0.866121146549222
0.8656177683549727
0.8660618365126208
0.8655242886402748
0.8662361671308193
0.8661105061257381
0.8671745280803935
0.8660536790245642
0.864081274888942
0.8624275430242491
0.8657588623077707
0.8641014136875818
0.8659843556713738
0.8651862780242218
0.8658730773374225
0.8646164214007417
0.8671909960094076
0.8643263921097512
0.8670317975315542
0.8670835109074028
0.8669520223967913
0.867790729432895
0.8677300428201844
0.8650126509893681
0.8680285100128831
0.8680073566266664
0.86887632284503
0.8669369973234773
0.868995626107857
0.8688395376723249
0.8671710713448298
0.8679632246162807
0.8692691058949527
0.869320513364999
0.8675383418508554
0.8661779430598157
0.8695129740004032
0.8680697206228589
0.8671305235307585
0.8690843285936116
0.8688176756043335
0.8677840402926886
0.8696460226306053
0.8673031461748952
0.8668236796175117
0.8699756361323899
0.8687974501323832
0.8689370655404711
0.8669504469819104
0.8680463341242869
0.8703014462053685
0.8696691134202355
0.8697029058145095
0.8693135845985811
0.8698065365034079
0.8712387211893455
0.8674907531049056
0.8706700015157632
0.869598209553734
0.8699936692794251
0.8697232587472108
0.8706702258466847
0.8707817030194076
0.8707903499567475
0.8671232072836579
0.8713733605297187
0.8712714123227319
0.8719379504749724
0.8716868680910219
0.8690421594787896
0.8716697730551134
0.8715276492194481
0.8725370567915651
0.8697226214434564
0.8711954814042158
0.8676793134413328
0.8721470472875817
0.870731294841648
0.8698357046216402
0.8705042974411848
0.8702705140303442
0.8709923191641674
0.8707578117762619
0.8721920562279336
0.8730618534903929
0.8718216807780164
0.8730977056504013
0.8724604936677244
0.874478544047453
0.8718302563373357
0.8708343698016726
0.8729139276413475
0.8733273542344833
0.8730000911089448
0.8719470664678756
0.87217709233578
0.8738343625109175
0.8746123217531501
0.8734098009465848
0.8741925527130505
0.8745877167297996
0.8743604593094043
0.8727297213641706
0.8734012355841254
0.8744243477361773
