0.5310523450203455
0.5321394832567813
0.5320068170088317
0.5302669930545617
0.5321885709411615
0.5318805951764467
0.5320075256906065
0.5338523875004646
0.533655236309428
0.5355977891371931
0.53644704992347
0.5359889304926445
0.5370549561303039
0.5373797567141353
0.5381603008603957
0.5378886820002631
0.5380100858162644
0.539239439660106
0.537926629615016
0.5396186099018343
0.5366143549050797
0.53687840769504
0.5363705530792198
0.5364863792127625
0.5362278735146807
0.5364148125503565
0.5363178608048045
0.5357666185493835
0.5367668540458668
0.536341017874025
0.5363412371065166
0.5360868305461831
0.5361358468525428
0.536304365260501
0.5364392901129562
0.5366590324474794
0.5364973459357687
0.5362776596839759
0.5376653401741348
0.5387550888067487
0.5364288842172541
0.53649609682041
0.5365417022770762
0.5374375015327155
0.5364253408083794
0.5370440505884582
0.5370492662823844
0.5369916540229851
0.5373632530961109
0.5378605692570482
0.537391268969155
0.5376799726683363
0.5363443930347084
0.5383246028667146
0.5381954392401993
0.5375703054382761
0.5380536111134762
0.5379869695344843
0.5373622232132438
0.537202703534298
0.5376235942290054
0.5379992720461596
0.5374502323125138
0.537602741650161
0.5385615625994672
0.5375459859270075
0.5369503261491185
0.5371841503473994
0.5376415407027298
0.5377648309378446
0.5377964768930739
0.5377116033282755
0.5380271553600229
0.537358659410649
0.5370730351632091
0.5376413622576786
0.5376476282281921
0.5380266455170193
0.5377240333007016
0.5375939978426504
0.5372714660601846
0.5376315324845705
0.5378482667453729
0.5369899460489231
0.5380785730269293
0.537944662762051
0.5379148420447744
0.5375065852596944
0.5376738290601437
0.5380021628559896
0.5378112878323265
0.5379194867145365
0.5380079699678
0.5378525545250326
0.5379729998361875
0.5378451108171809
0.5377832056796918
0.537831559190147
0.5366751383879611
0.5373161792915946
0.5378450496360205
0.5377606655205056
0.5378027632573074
0.5371995068186658
0.5378766751975297
0.5379834516177598
0.5380257889807734
0.5373363180902342
0.5379558691112687
0.5385678336684107
0.5381259374419576
0.5380055584103931
0.5381269520295346
0.5383786972093897
0.5383059783017956
0.5378225043784042
0.5381137929816133
0.5378097379095957
0.5379593411421228
0.5386269652599606
0.5378243041242067
0.5378443307573856
0.5377857446978495
0.5383518029909532
0.5381943124871615
0.537993419048479
0.5378015141419488
0.5379467939058058
0.5381154142823646
0.5379836555549613
0.5382287574804803
0.5380652967151172
0.5380118753652069
0.5378565262020301
0.5380378059803667
0.5374676536479446
0.5379074136322128
0.5396852820714064
0.5377662941872645
0.5380914975470688
0.5381163167044809
0.5370510762250469
0.537754532109173
0.5379667236688139
0.538112146188712
0.5401517323369098
0.53813783207923
0.5380264772688281
0.5382156749090097
0.5380268188636405
0.5381435525177296
0.5381530865818958
0.5380317439470546
0.5377846026495215
0.5382955877013835
0.5360022271981766
0.5377755478377787
0.5379493737114036
0.5379190278558333
0.5385183381096276
0.5379364899787044
0.5378695170017601
0.537985327840013
0.5379204044319429
0.5379381061810256
0.5379843387445861
0.5371899319670594
0.5374776057833734
0.5379367041127658
0.5378517438746568
0.5375032865754614
0.5379184772253895
0.5378018965242013
0.5379395541351556
0.5378652292221004
0.5379355518675779
0.5377242831237734
0.537740399261115
0.5379889783159182
0.5378681047366404
0.5383026184364023
0.5377713161408494
0.5379306012920135
0.5378795864010799
0.5378249567232513
0.537903824337468
0.5389119624005061
0.5378343072439361
0.5375972455425828
0.5389975956313796
0.5377859027491805
0.5378852201662689
0.5379100495205411
0.537965586718916
0.5379990732073882
0.538153983905582
0.5380351649936084
0.5379587140352284
0.5378056030828371
0.5379487364076493
0.5380446735656242
0.537941491538569
0.5376578454819828
0.53882597227953
0.538109856993626
0.5379673762678585
0.5378982670487293
0.5377560412444635
0.537971633456938
0.5379070261515302
0.5379381979527662
0.5378209544556736
0.5380033456917578
0.5378941985015612
0.5390669444767203
0.539074536039043
0.5380533306998243
0.5388101467527003
0.5379467072324952
0.5380467231344985
0.5384174860650985
0.5379711694998048
0.5377155444146928
0.5378338126962227
0.5379428579178184
0.5378790663612163
0.5382246124568615
0.5380044979369458
0.5379438623085354
0.5391220738006924
0.5379005766375353
0.5378474560949972
0.5377149326030886
0.5378928474176019
0.5377784233523186
0.5377453549351094
0.5380005823426787
0.5379410377782958
0.5380051148469801
0.5380323863492391
0.5380384993668514
0.538025901146234
0.5378507598776601
0.5380033660854779
0.5375332347534891
0.537668531791337
0.5380391672611861
0.5379553796619854
0.53790701085624
0.5379183752567888
0.5378459061722665
0.5379695074116132
0.5379651329586429
0.5381918142564441
0.5380003274211769
0.5378366423248923
0.5378971912799919
0.5378033597736216
0.5365881540731281
0.5378822120925482
0.5379125018653881
0.5379990732073882
0.5392506867967639
0.5381644203918643
0.5383083592686221
0.5380661379560729
0.5378567556313817
0.5380184880289627
0.5379503322162503
0.5375307722117821
0.5381163931809314
0.5378446570569078
0.5373058600692031
0.5401591046667409
0.537894448324633
0.5379032023290037
0.5378579894514501
0.5379785877155061
0.5379961772991281
0.537889405977328
0.5377800752436501
0.5377804831180529
0.5371144395135261
0.5382143595140605
0.5380756210359388
0.5379386619098994
0.5381211296224342
0.5377345411650045
0.5379594787997337
0.5380195892898504
0.5380101368005649
0.5376305229954235
0.539093298261573
0.5378922152122775
0.537930519717133
0.5379952493848617
0.5379924809373524
0.5377175328024066
0.5379262370359033
0.537854068758753
0.5379466307560445
0.5377996073291155
0.5379469723508571
0.5379506330236224
0.5382100717344007
0.5378838690823096
0.5387131848102882
0.5378437393395015
0.5380343645400928
0.5379414813417089
0.537880886500739
0.5380002509447264
0.5380753967050171
0.5380244837826843
0.5381783645980109
0.5379822585851317
0.5376711727780953
0.5380536875899268
0.5378512289332233
0.5378969618506404
0.5385673901049975
0.5375237567720534
0.5375403317680982
0.5379449737662831
0.5379456365621877
0.5379661832352303
0.5378662030222372
0.5375914435292026
0.5378716022596446
0.538082152124814
0.5378988686634736
0.5377055310981034
0.5378163250812014
0.537833736219772
0.5378825842779407
0.5380118498730566
0.5378154175606551
0.5376291566161739
0.5380557983399614
0.5377912408054276
0.5378145610244092
0.5379516068237591
0.5369340978463161
0.5379481093007549
0.5378966457479782
0.5380470749261709
0.5378784851401923
0.5379079540657966
0.5378267513706236
0.5379523868835545
0.5379272363281902
0.5379955348969436
0.5379685998910669
0.537984053232504
0.5379029576043619
0.5379576535617812
0.5378380138025718
0.538019834014492
0.5379091470984247
0.5401509675724044
0.5379841552011048
0.538003957503362
0.5379381469684659
0.5381493392358198
0.5381451993106311
0.5383489274764133
0.5379936433794006
0.5380767324936864
0.5380556351902002
0.5380792664134141
0.5380037433693005
0.5382099493720799
0.538323348652926
0.5352036652001713
0.5382873180478662
0.5379499906214379
0.5380689318957325
0.5379464676062835
0.5384100015698066
0.5379697266441047
0.5379266755008862
0.5379578778927026
0.5379457946135189
0.5373859869956384
0.5378498574555439
0.5374251735288901
0.5379155201359691
0.5377953042541657
0.5378560112605966
0.5379722503669723
0.5379849709499104
0.5379606514386419
0.537988233945133
0.5378646327057862
0.5378013713859078
0.5380033303964677
0.5378556900595043
0.5373630032730392
0.5394791219544974
0.5380969069813364
0.5379998379718935
0.537892016373506
0.5380874697873409
0.5378304120433891
0.5379684010522956
0.5379531924355001
0.5380258501619337
0.5383045048555154
0.5379637920715437
0.537952738675227
0.5381843195642922
0.5379052417010177
0.5379828907904559
0.5380184115525122
0.5372420736110308
0.5383188110501945
0.5383216355804341
0.5374910044575064
0.5379824013411727
0.5380174989335358
0.5380007964767402
0.5378166003964233
0.5378470074331541
0.5378688491074255
0.538275015536191
0.5379315852890104
0.5379615130733177
0.5376346578221821
0.5377676044837838
0.5378887533782835
0.5381129007563572
0.53797192916588
0.5382850747386507
0.5363532286139596
0.5362849402420663
0.538357395968702
0.5380791899369635
0.5379473037488094
0.537846263062369
0.5377984805760777
0.5378412818962245
0.5381279972076918
0.5379125885386987
0.5411642244591981
0.5380110647148313
0.5380959841655
0.5378570513403237
0.5378744675773245
0.5378922305075675
0.5379171261414302
0.5372515413956065
0.5379306420794538
0.5384470467624434
0.5379143627923509
0.5379969063746232
0.5379178858075054
0.5378816359699541
0.537806612571984
0.5378797699445612
0.5378468136928127
0.5380246520308755
0.53771513144186
0.5378936274773972
0.5379253499090773
0.5380394425764079
0.5375768365271514
0.5379369131483973
0.5379773029111372
0.5377458086953826
0.5378543287786849
0.537969476821033
0.5378673654642852
0.538025890949374
0.537814250020177
0.538041323897091
0.5362144289546775
0.5379206083691442
0.5375398984015454
0.5379399824032786
0.5379278277460744
0.5379980637182411
0.5373791907884014
0.5353362804638204
0.538173327349136
0.5380956578659777
0.5381382195599127
0.537968329674275
0.5380748664682936
0.5382910297049319
0.5381746631378053
0.5379529630061486
0.5380516890053528
0.5381117128221589
0.5398292719324645
0.5375634531483087
0.5379721025125012
0.5377470884013215
0.5379434901231428
0.5381393310176604
0.5387654947024508
