0.5501263257421637
0.560895498386053
0.5618259882276809
0.5615891274611238
0.5665385002886891
0.5692941258529894
0.5709497293296597
0.5724905352568946
0.5722720808484749
0.5736922766921255
0.5751003630896332
0.576616950124582
0.5771865784711485
0.5788513851268876
0.5796036239212905
0.5810373823446213
0.5824314217846029
0.5840017747604267
0.5858007540794302
0.5889056160704944
0.5900332476953303
0.5913299271883222
0.5913415522566194
0.5924599807023866
0.5931477972433088
0.5936965973425095
0.5943548668348426
0.5956810933764236
0.5958622506907227
0.5967234745004127
0.5978283403664997
0.5984924223929816
0.5982516866036588
0.6001344632899718
0.6004144336847979
0.6012432041788245
0.6009545149827755
0.601681566129201
0.6018118637696996
0.6028963857662664
0.603032011563068
0.604402800866455
0.604171268256201
0.6044502698953357
0.6052523996078477
0.6041509243866807
0.6055004010648563
0.6055042760876219
0.6054219318538496
0.606436219062787
0.6053977129615636
0.6069632221589302
0.6068489089873402
0.6078510867501347
0.6080700255364001
0.6084173244517811
0.6076805857484413
0.6081160414317435
0.607905821446701
0.6087355606964191
0.6079494154528158
0.6068305026292029
0.6088484207344718
0.6096340816002295
0.6093870488989122
0.6094732681554504
0.6100903655308973
0.6100244901438796
0.6109041203117067
0.6104831959637762
0.6109254329369185
0.6118341257754889
0.6113633105094493
0.6119372982566272
0.6127738187961854
0.6137977935620372
0.6141852958386131
0.6143848595110497
0.6152848335483971
0.6159997752486795
0.6168493739900722
0.618104881366178
0.6175105497494797
0.6203175193654262
0.6207030841306193
0.6217076837826423
0.6217672622576658
0.6239600407652395
0.6236936329500935
0.6276006246536698
0.6276340467250245
0.628898757280199
0.6309040815614793
0.628552911498355
0.6320772447038125
0.6345698530978869
0.6312625211673119
0.6355056710958178
0.6366081150726761
0.6391162235578134
0.6383237814022158
0.640095635561859
0.6413191740001473
0.6419614590235718
0.6410663287646814
0.6432407009141179
0.6423886802834967
0.6425398061713613
0.6451520558933284
0.6462767812510898
0.6454218543533943
0.6469088943397543
0.6459798576316635
0.6487185299713636
0.6392755838690554
0.6480084320495383
0.6526565218570659
0.6472993028834045
0.6525160522818072
0.6526894595505749
0.6512867013093702
0.6554484757597951
0.649129282384534
0.6536049336789853
0.6544593761988351
0.654364438141074
0.6555356637720247
0.6552711934682616
0.6502220388044779
0.6519260800657204
0.6585320251256477
0.6557807589619589
0.6622224999321871
0.6590609657331736
0.6554736634077725
0.6552111306153924
0.6644370754428184
0.6643271216718398
0.6602757853702391
0.6574828627118184
0.6643300279389142
0.6667286670309189
0.6680781437090942
0.6629001445383492
0.6604646927300699
0.6661726012640324
0.6699274983240526
0.6703779697205721
0.6712324122404218
0.6699410609037328
0.666244289185199
0.6683803954848234
0.6727407648519935
0.6704806578238647
0.6688967422683608
0.6781386715646954
0.6679023145510979
0.676524724582757
0.6823285399301722
0.6829635592859109
0.684112987913804
0.6859313423466362
0.6808066247389203
0.688703436757691
0.6890410481161577
0.6860349992056203
0.6921449413515304
0.6893374873577383
0.6960432142538837
0.697980725636763
0.6963435285182301
0.6930943219291412
0.6960170578502148
0.7009528680981001
0.7011059314973476
0.7031199745798508
0.7043977633368596
0.7060562730806044
0.7012841825445725
0.7076140322324393
0.7078165021719504
0.7084200369677173
0.709812138896316
0.7074910002596264
0.7097007319918005
0.7114193045884145
0.7133984724660258
0.7104079236465514
0.712517873542507
0.7130225952577471
0.714582291920965
0.7142994152590647
0.7142325711163553
0.7144757287949067
0.7179312803462721
0.7124432793542662
0.7199860111678157
0.7175776845188966
0.7117709629044071
0.7185764716367709
0.7197932287852191
0.7195306959928389
0.7228922782421346
0.7181260002402514
0.7253596989882316
0.7228104183862081
0.7264059551349865
0.7243308804439227
0.7198494166153226
0.7216609897583148
0.7272390850296245
0.726534799641948
0.7291882214808012
0.7272909134591166
0.7292134091287786
0.7307973246842826
0.7216590522469319
0.730862231315609
0.7310327323173023
0.7308389811790144
0.7333664647779806
0.7327319298000876
0.7331068382526748
0.7317195801025331
0.7328462429716774
0.73481959831514
0.7320145662105765
0.7364006076035696
0.73169051743179
0.7319472376900215
0.7329314934725242
0.734273220105168
0.7359578862525817
0.7332347140039448
0.7363143883470316
0.7387362775756308
0.7372162998957619
0.7393785625990553
0.7348263796049802
0.740146785862367
0.7372618314132595
0.7401768172888017
0.7362262315791106
0.7385769172643889
0.733880874050135
0.7399433471671646
0.7415030438303825
0.7390443418855086
0.7425657688238918
0.7430559592037602
0.7433359295985864
0.7413402928742205
0.7439975897358396
0.7446025776651437
0.7438038385975518
0.7458701944873927
0.7435325870039486
0.746249946718437
0.7328772431538035
0.7439036204337701
0.7441429030895556
0.7466238864153327
0.7481322390269043
0.7481651767204132
0.7477520024180142
0.7487110705525395
0.7487231799986824
0.7492569643846657
0.7502170012748824
0.7433058981721518
0.7514424772245537
0.7522552632496716
0.7507846921100663
0.7509290367080907
0.7516178220047043
0.7531436122187218
0.7531755811565393
0.7547808093372549
0.7519060268229076
0.7549871542995316
0.75436715065701
0.7564005688533421
0.7573189492488268
0.7570937135505671
0.7564625692175941
0.7553446251496727
0.7583535803272843
0.7567686960160891
0.7582915799630323
0.7587507701607746
0.7604925928939833
0.7593218516408784
0.7594443992358455
0.7613450979024502
0.7615514428647268
0.7619515389652913
0.7617418033580947
0.763402734991068
0.7588350519059299
0.7571605576932764
0.7586558321030135
0.7602939979772382
0.7632855155524039
0.7632777655068723
0.7659089059648225
0.7645633043094129
0.7653935279369767
0.7619428201640684
0.7655524038703728
0.7669977873620007
0.765416778073571
0.7655911540980302
0.7659369998798744
0.7687783603228668
0.7655465913362242
0.7642097084820374
0.7694923332674579
0.7703894010377311
0.7711750619034886
0.771207515219152
0.7714279071389544
0.7724179754556058
0.7700086800509953
0.7704533389133661
0.7722668495677412
0.7685197025532525
0.7740958603131795
0.7729972913590868
0.7695553023874014
0.7744591436974692
0.7703438695202335
0.7737296706618151
0.771682689885803
0.7751314601473284
0.7743293304348163
0.7750113344415899
0.7732830742880614
0.775923902302926
0.7766088125767738
0.7767812510898501
0.776606875065391
0.7722910684600273
0.7773847858856171
0.7788747321390513
0.7789900140663327
0.7752370545176954
0.7790122954472357
0.7791304836415914
0.7790859208797851
0.7732850117994443
0.7802765216245646
0.7789812952651096
0.777409004777903
0.7790781708342536
0.7806320549633228
0.7785317926242817
0.782531784874236
0.7791682651135575
0.7817732491678389
0.7826838795177922
0.7834850404746128
0.7834075400192977
0.7837495107783757
0.7839074179560807
0.7831934450114896
0.7817320770509526
0.7836313225840202
0.7855136148924875
0.783360070990417
0.7866364027388661
0.7865288708571162
0.7868243413430054
0.7849856430406529
0.787630830456129
0.7857393349685929
0.7880314109345392
0.7880372234686878
0.7887763840612564
0.7882493809651132
0.788702758628707
0.7862285565927699
0.7854680833749899
0.7899214532885381
0.7875722207367969
0.7910326160666195
0.7881437865947463
0.790282799161445
0.7899602035161957
0.7899495472035899
0.7904242374923953
0.7911653355963466
0.79293718975599
0.7925244998314365
0.7918715584954061
0.7926940320774385
0.7904746127883502
0.788284256170005
0.7936298500753692
0.794171384506884
0.7928722831246633
0.7916080569473345
0.7949802955092362
0.7955760802594715
0.7946867625347298
0.7934879273665734
0.7950500459190197
0.7940561025796026
0.7949279827018984
0.7946731999550498
0.7944174484525096
0.7961127709125291
0.7962561467548621
0.7979505004591902
0.7982401584109307
0.7956748933399984
0.7980289696701968
0.7929459085572127
0.79768796766681
0.7981897831149758
0.7965099607460193
0.796790899896537
0.7973973409593782
0.799351321189012
0.7968151187888228
0.79768796766681
0.7970243700181738
0.801182269445833
0.7963133033406571
0.7998666992168578
0.8012956138617315
0.797185183462953
0.7997257452637535
0.7995416816823799
0.8012510510999251
0.79930288340444
0.8014651461077333
0.8012801137706684
0.7991769451645527
0.7954201105931498
0.8026770594777244
0.7988291618713259
0.8031507810108385
0.8012743012365198
0.8044014446084871
0.8042532249876968
0.8006329849687865
0.8030384053506314
0.8051871054742447
0.8045031639560881
0.7992592893983251
0.805139636445364
0.8037087842891076
0.8017615853493139
0.8039548482347334
0.8043433192670006
0.8053411376291835
0.804430991657076
0.803599314895975
0.7995373222817683
0.8072011485567476
0.8059727663400023
0.8030451866404715
0.8064455191174249
0.8036487214362383
0.8078569961598525
0.8074685251275853
0.8083355614714236
0.8087283919043026
0.803092655669352
0.8043229753974804
0.8070132099526085
0.8047443841232567
0.8052936686003029
0.8085496564792318
0.8055741233729747
0.8090175654781971
0.7994201028431043
0.8084275932621106
0.8080333096956945
0.8109516862161565
0.8102614477860058
0.8115595804125351
0.8101713535067019
0.8098371327931552
0.8110316085607002
0.8119916454509171
0.8086978761000221
0.8127404936004
0.8082861549311602
0.811332891580738
0.8110161084696372
0.812538023660889
0.8120720521733065
0.8065656448231632
0.8060744856876034
0.8115663617023751
0.8126794619918392
0.8132907468331376
0.8148882249683216
0.8121979904131936
