0.5591381755617815
0.5639010629187446
0.572977334991843
0.5812960401142357
0.5885278013508329
0.59125097359947
0.5956471869272232
0.5975386824147593
0.5985035630834331
0.5941320530258115
0.598080216846274
0.6030605898559653
0.6067704397763336
0.6057120741834359
0.6015033150819761
0.6045476298423254
0.6014858774795302
0.6081809480630699
0.6063771249656091
0.6107064941506531
0.6123921290537582
0.6239019154237531
0.62188787234125
0.6244783250601598
0.6237348050669798
0.6184381333240332
0.631039222980435
0.6322748708648664
0.6304308444062109
0.6232039269480709
0.6184371645683417
0.629856856659033
0.6295594486617608
0.632308292936221
0.6339634120350457
0.6299857011659944
0.6356412968926192
0.6374281667654798
0.6280506116723436
0.6285190050491547
0.6306677051727679
0.6373303224406444
0.6359764863618573
0.6356611563842938
0.6282172376512711
0.6253695802962842
0.6335671909572469
0.6373346818412559
0.6266100719591727
0.6382709842170322
0.6365020363244634
0.6405649976943615
0.6301983430402653
0.6323029647799181
0.6375759020084243
0.6396412891425737
0.6365591929102583
0.6343441330217815
0.6333530959494387
0.6347490729008033
0.6383005312656213
0.6420622096154815
0.6421174286898935
0.6464375946958689
0.6407572956991122
0.6459241541794059
0.6432029194421518
0.6468948473822285
0.6479745256003379
0.6521421125849114
0.6660427880013795
0.6607160848319985
0.6769398363965388
0.6665654316969112
0.6702384689010048
0.675763766987131
0.6824941971534083
0.6775239960784769
0.6718054312319085
0.6819400688979047
0.6871805528107477
0.6682123163723588
0.6810066727892026
0.6810696419091462
0.6844413960932021
0.6954362888131969
0.693540918302895
0.7007668670053437
0.6989620751521916
0.696786249869218
0.7014604960804144
0.6997874550012981
0.7045062639743007
0.7084791310648949
0.7000369095918438
0.689865459209573
0.704365794399042
0.7072865928087329
0.7041846370847429
0.7077225328698806
0.7135278013508329
0.7054963322909522
0.7104258456268431
0.7063929156833796
0.7104902678803239
0.7177016852474009
0.7158818776810314
0.7129024695520086
0.7065813386653648
0.7167537578033272
0.7119453389288662
0.7190061147859244
0.7133853942641913
0.7192148816374297
0.7113757105822998
0.720505748596273
0.7205939053641939
0.7180630311203078
0.7258489206124086
0.7284834517152788
0.7235553915129251
0.7185057524712958
0.7301981492891271
0.7318212994501343
0.7200208863727073
0.7379414135308044
0.7355597276633999
0.734785207488094
0.7272623351662191
0.7377026152528647
0.7312972026210655
0.7222843840457563
0.7296745368379038
0.7311678737362582
0.7277210409861157
0.7314526879095414
0.7436711190678245
0.7279443391729925
0.7438609951833467
0.7340605782308971
0.7314575316879988
0.7365594835369658
0.7381288677570981
0.7445972495088409
0.7327009296179615
0.7367125469362132
0.737402785366364
0.7495059345973658
0.747330593692238
0.7206563901062919
0.7459971014829712
0.7340484687847542
0.7388234655878604
0.7408355711589806
0.7343797832312264
0.7334294338979241
0.7337326544293448
0.7486970235950137
0.7498992494080903
0.7506393787563501
0.7540774927052698
0.7477205178580424
0.7501118912823612
0.7466955743364992
0.7529324234779879
0.7441564656692358
0.7503778147196614
0.750712519811054
0.7516444627862189
0.7421104536489151
0.7492385580265284
0.7529832831517885
0.7530230021351375
0.7525400774229548
0.7488336181475066
0.7518687297287872
0.7567754773059292
0.7558580656661358
0.7604460926207941
0.75
0.7529765018619484
0.7603424357618103
0.7530573929621837
0.747489469625634
0.7478018933361233
0.7582407202892316
0.755669158306305
0.7480862231315609
0.7643288654320843
0.7665100188713608
0.7673000391377299
0.7791643900907919
0.7589222399181595
0.7664204089699026
0.7591794445542368
0.7614012857325536
0.7588621770652902
0.7531949562703681
0.7555141573956746
0.7588011454567295
0.7624649794817544
0.7656328105927621
0.7579554217381027
0.7676032596691506
0.7669997248733836
0.7660348442047097
0.7671547257840139
0.7637403463495348
0.761717100087963
0.7653693090446906
0.7642784901361295
0.7690234555128012
0.7635126887620465
0.7690830339878246
0.7567716022831634
0.7655412631799212
0.7666955355862715
0.7628471536020274
0.7694206453462914
0.7684344520524058
0.7698236477139303
0.7625870426988759
0.743478336685228
0.752078465335984
0.742337142480712
0.7678144484098843
0.7618856635782736
0.7656686545533455
0.7694811925770064
0.7694148328121427
0.7700774617050875
0.7676274785614365
0.7696008339048992
0.7655620914272872
0.7682842949202326
0.7705308393686814
0.7676449161638824
0.7724547881718805
0.7743177053665191
0.7639525038459601
0.7608883295939363
0.7554579695655712
0.7704218543533944
0.772255224499444
0.7668030674680213
0.7693983639653883
0.7571988235430883
0.7945404804253224
0.7894084971499208
0.7909793345035901
0.7720343482017956
0.7943879014039207
0.790436831316384
0.7898052026055653
0.7877126903120555
0.7881040676113972
0.7936434126550493
0.7799137226181204
0.7908751932667605
0.7882164432716042
0.7864474953790355
0.7960265516559909
0.7919146681236753
0.7907972084335996
0.7915581660292255
0.8038347225289948
0.7953813603654921
0.7948979512754638
0.8055382794123916
0.7999161057571214
0.8029812487648366
0.80056129704762
0.7953028911544856
0.8008296423741489
0.7897117176813414
0.7956971747209015
0.8111158903058555
0.8085399689223174
0.8015174589150711
0.8029434672928704
0.800834486152606
0.7893208247598456
0.7873290630582455
0.800724048003782
0.788742477612056
0.8039325668538304
0.7975300604891054
0.8080759349461177
0.8089211742868989
0.8009691431937163
0.8006194223891065
0.7923481862955946
0.8013363016007718
0.8035295644861914
0.8070563195808775
0.8101694159953189
0.8019446801749961
0.8005612970476202
0.8028107477631431
0.8081505291343587
0.8087816734673315
0.7941132591653977
0.8116428934019988
0.8001142162960208
0.8110257960265518
0.8101151656765984
0.802523996078477
0.8081350290432956
0.7993551962117778
0.7989948190945622
0.7947962319278625
0.7885157887802591
0.782308971065205
0.809987774303174
0.7983094244428686
0.8049826980233508
0.804009098553454
0.8033329070808293
0.8036186900098037
0.8039044729387785
0.8098855705777271
0.806585019936992
0.8053285438051948
0.8071003979648381
0.8134583415677566
0.8134370289425451
0.8114462359966365
0.809754304181537
0.8121146774237299
0.809669538058536
0.8111129840387812
0.8076622762658731
0.8098148514122521
0.80041985871667
0.7946489810627638
0.8069967411058541
0.8168141112829037
0.8067371145805482
0.8139688758171454
0.7917843704831766
0.8022401506608852
0.7962290215955019
0.8030151552140369
0.8087501889073598
0.8129323072273049
0.8083549365852524
0.7898594529242859
0.8050601984786661
0.8092190666620166
0.8096133502284325
0.8171037692346443
0.8069734909692594
0.8154433219795166
0.8124692420067967
0.8011658005990785
0.805793546537086
0.8031924375055703
0.8073212742624863
0.8086155318662497
0.8156516044531761
0.8089182680198247
0.7971551520365182
0.8089739714720824
0.8087405013504454
0.8201926467567998
0.8086145631105582
0.822206205461457
0.8140657513862892
0.8045147890243856
0.8025918089768778
0.8009042365623897
0.815133320158256
0.7897354521957816
0.8205767583884556
0.8066828642618276
0.8077475267667198
0.8101093531424497
0.821191433874674
0.8170572689614551
0.8265762623855415
0.8174205523457451
0.8148078182459322
0.8225888639595758
0.8207937596633379
0.8178807112991788
0.8275159554062379
0.8220725171760386
0.8129739637220368
0.8186140593575987
0.8107574507000229
0.8243723431875163
0.825973696345466
0.8263408547525217
0.8219543289816826
0.8257208511100003
0.821132824155342
0.8177944920426407
0.8206901028043538
0.8125312423710489
0.8257605700933492
0.8251744729000283
0.8279044264385054
0.8307738807965497
0.80552713872194
0.812690118304445
0.8148010369560922
0.8173130204639951
0.8215707017278727
0.8277813944656925
0.8215300139888322
0.8250126906995578
0.8134534977892995
0.8243103428232641
0.829992094953558
0.8270867966349302
0.8229133971162079
0.8177470230137602
0.8231129607886445
0.8314626660931633
0.8291623557038399
0.8215513266140438
0.8211938557639027
0.8305413794306041
0.8331473322405769
0.8133508096860069
0.8309889445600493
0.8276147684867649
0.8321282012531823
0.828672649701817
0.8183689641676646
0.836840228936345
0.8334980218008781
0.834284651422327
0.8337905860196928
0.8192011253066112
0.8313958219504539
0.8254428182265571
0.8288964322665395
0.8374166385727517
0.8287259312648461
0.8369603546420836
0.8361533811511142
0.8244411248416084
0.8218564846568472
0.8156167292482843
0.8313357590975847
0.8314122907972086
0.8249589247586829
0.8332442078097209
0.8229598973893971
0.821476732425803
0.8291444337235482
0.8320662008889302
0.8286973529719486
0.8178124140229323
0.8276389873790508
0.8213866381464991
0.8208819164312591
0.8338932741229854
0.8361340060372855
0.8412199734173438
0.8419523527200721
0.830913381616117
0.8322744833625897
0.8394549005475407
0.8442202097937326
0.8435590340343249
0.8324130154264656
0.8451666841042692
0.8360167865986213
0.8193619387513902
0.8312098208576975
0.8149889755602315
0.8272572976366236
0.8401853423388862
0.8446571186105718
0.8326397042582625
0.8379174852652259
0.8453061849238365
0.8365418521833815
0.841081441353468
0.8344425586000317
0.840761751975293
0.8358714732449053
0.8257702576502638
0.8290940584275931
0.8393221810178135
0.832849924243305
0.844549586728822
0.8405631570585478
0.8259204147824367
0.8444352735572321
0.8372044810763262
0.839933465859112
0.839371587558077
0.8378457973440594
0.8294263416297571
0.8468862254565745
0.8342323386149892
0.8441155841790572
