0.5630916675385469
0.5661916857511538
0.5717479840194062
0.5778036758465956
0.579455888678346
0.5815144945226554
0.58727084084119
0.5867060562730806
0.5898346527785852
0.591916508759489
0.5946871500370065
0.5972872903128306
0.6005694345954282
0.6019673490581757
0.6053870566489578
0.6097251446352246
0.612745240503288
0.6151976455361675
0.6167980299384259
0.6195618899261033
0.6219653727965652
0.6235948198695668
0.6261392566931332
0.6277062190240367
0.6292717282214033
0.6314911475104917
0.633508096860069
0.6342332104951116
0.6392329586186318
0.642215273014729
0.645989545188578
0.6480529948113445
0.6516354533582884
0.6547703467757873
0.6555158042803502
0.6608115072676053
0.6604593645737669
0.6641222298431004
0.6644540286674185
0.6693457605313431
0.6711645993420212
0.6757322824271594
0.6749640591638476
0.6790289580451285
0.6823023835265032
0.6800258076516199
0.6864118451695903
0.6855816215420265
0.6899090532156876
0.6909679031864312
0.6903595246122072
0.6951597090632907
0.6958969321444763
0.6962156527669601
0.7001972386587771
0.7018421858228417
0.7030473179029927
0.7030889743977246
0.7057225367449034
0.7086903198056289
0.7090332593203985
0.7114415859693176
0.7129460635581234
0.7147072614051606
0.7159307998434491
0.715256545882207
0.719079255840628
0.7178063108620762
0.7220853047511655
0.7237641583644303
0.7232478115808931
0.7262780793837164
0.7284529359109985
0.7303807597369634
0.7312458585694191
0.732765836249288
0.7312584523934078
0.7349707242030047
0.7355776496436917
0.733969030818056
0.7364693892576619
0.7388990285317926
0.7395568136462802
0.7409925095809937
0.7429949275951997
0.7432787730127914
0.7422732046050771
0.7456686933035731
0.746554136005549
0.7473504531839124
0.7467023556263394
0.7490767758260579
0.7466016050344295
0.7503458457818439
0.7450777523317951
0.7526379217477903
0.751678853613265
0.7547653092461919
0.7552651871829746
0.7561748487772365
0.7568791341649133
0.7573538244537186
0.7576725450762023
0.7555698608479324
0.7604761240472289
0.7606785939867398
0.7617955692989697
0.7617306626676432
0.7624213854756396
0.7643162716080958
0.7629542011059316
0.7647764305615297
0.7666160976195736
0.7674637588495833
0.7672680701999125
0.7663264396678331
0.7675315717479839
0.7704184637084743
0.7709599981399891
0.7719946292184466
0.7724257255011373
0.7733034181575815
0.7732782305096042
0.7738265462309593
0.7747710830301128
0.7761602786916374
0.7767512196634154
0.7778129759012334
0.7788757008947428
0.7796245490442256
0.779570298725505
0.781048619910642
0.7810408698651105
0.7824804408225898
0.78237290894084
0.784133138032186
0.7830781630842081
0.783794073540182
0.7845477654681221
0.7864542766688756
0.7874898765030245
0.786525964590042
0.7852694884582446
0.7895329822562707
0.7890805733483685
0.7862789318887248
0.7896618267632323
0.7876875026640782
0.7920401219857166
0.7932316914861874
0.7935910998477116
0.7935872248249458
0.7952777035065081
0.7959858639169506
0.7950374520950311
0.7967695872713253
0.797383778379698
0.7965748673773458
0.7977644993664338
0.7978177809294629
0.7996647136551926
0.799949527828476
0.8011241441043466
0.8017780541960684
0.8022091504787591
0.801763522860697
0.8019214300384014
0.804031379934357
0.8035189081735855
0.804185412089296
0.8055029198296539
0.8057799839574058
0.8070863510073122
0.8071808046872275
0.808058497343672
0.8070994292091466
0.8077620581020912
0.808276467374246
0.8080885287701065
0.809605600182901
0.8096123814727412
0.8113251415352065
0.8129613698980481
0.8125603050417922
0.811013202202563
0.814014407334643
0.8110645462542093
0.8096937569508221
0.8133304658164866
0.8155556976397236
0.8166377977470618
0.8169429557898653
0.8137615620991774
0.8146460360454617
0.8168610959339386
0.8178748987650302
0.8178623049410415
0.819526627218935
0.8175523031197809
0.8134331539197792
0.8204488826371855
0.8198608479324817
0.8216462646718049
0.8225384886636209
0.8224585663190771
0.8231623673289081
0.8237717146588237
0.8219562664930655
0.8231846487098112
0.8242105609870457
0.8237746209258979
0.8249632841592944
0.8239984034906205
0.8243984995911852
0.8241185291963591
0.8226857395287196
0.8245690005928784
0.8267981074388812
0.8252500358439606
0.8277968945567555
0.8285476802176213
0.8280293959227011
0.8301567834211026
0.828897401022231
0.8266217939030391
0.8294292478968314
0.8291889964853544
0.8313066964268416
0.8312601961536523
0.8312824775345555
0.8302681903256182
0.8330620817397302
0.8325699538484789
0.8337305231668237
0.8335978036370963
0.8328654243343679
0.8346014345334278
0.8351662191015372
0.8338622739408594
0.8346014345334278
0.8346227471586396
0.8327491736513952
0.8363209758857334
0.836133037281594
0.8367259157647551
0.834295307734933
0.836743353367201
0.8378767975261855
0.8396244327935427
0.8396195890150855
0.8341412755799941
0.8402105299868636
0.8387796778306073
0.8408780026582657
0.8413168489864878
0.8420405094879934
0.8412684112019158
0.8416442884101945
0.8413953181974945
0.8430276715375704
0.8437077380329608
0.8447481816455672
0.8448295571236482
0.8424900121288212
0.8460516424283993
0.84699085107125
0.8456297493247773
0.844968089187524
0.8475256042129248
0.8473502594327742
0.8452277157128297
0.8475924483556341
0.8473270092961795
0.8499649310439699
0.8496636480239321
0.8497527735475446
0.8500714941700283
0.8508416549447227
0.8491976765363497
0.8505723408625024
0.8495977726369143
0.8510431561285423
0.8498273677357855
0.8545810519136801
0.855550776360811
0.8537004529901614
0.8538951728841406
0.85644493786401
0.8548929912463237
0.8567384708385162
0.8565476259673025
0.8573119742078485
0.8528857294536606
0.8569903473182905
0.8541596431879036
0.8571385669390807
0.8595662687018286
0.8568866904593064
0.8586779197327785
0.8606716189457614
0.8599169582621299
0.8610116521934567
0.8590789845890343
0.8620966585678691
0.8624192542131185
0.8627650999949625
0.860725869264482
0.8631661648512186
0.8647413616054994
0.8643325467037118
0.8626420680221496
0.8631448522260068
0.8635071668546053
0.865712054808322
0.8649012062945869
0.8625849114363547
0.8672659389373913
0.8646483610591212
0.8604526801594958
0.8640254511495254
0.8653516776911063
0.8683887267837698
0.8671157818052182
0.8667931861599687
0.8691104497738924
0.8668997492860271
0.8696868594102991
0.871173899396659
0.8716253395488699
0.8718200594428493
0.8708309598818893
0.8712543061190485
0.8717183400952482
0.8735657571988235
0.8734010687312788
0.8744163246959076
0.8730455353925204
0.8733816936174501
0.8731889112348534
0.8725422668108175
0.8762123977478369
0.8747229358722483
0.8760690219055036
0.875613706730527
0.8770600589778464
0.8772305599795398
0.8756786133618536
0.8761097096445442
0.8776064371878184
0.8785151300263889
0.8727800963330659
0.8786342869764361
0.879852981636267
0.8803237969023068
0.878143127840876
0.8803567345958158
0.8800409202404064
0.8809941758407831
0.8723906565451072
0.8815628354316583
0.8805921422288356
0.8788890697232847
0.8811404579501905
0.8814882412434173
0.8794819482064458
0.8790905709071041
0.8827970301825523
0.8831622510782251
0.8829985313663717
0.8819697128220627
0.8833511584380559
0.8853787641002391
0.8794548230470853
0.8852644509286492
0.8838311768831643
0.8861682999887623
0.8867563346934664
0.8850736060574356
0.8876446836625164
0.8867117719316602
0.8864259890026854
0.8873298380627986
0.888769409020278
0.8866778654824596
0.8864395515823654
0.8859832676516975
0.8872688064542379
0.8886037517970418
0.8896848831486885
0.8910082034231951
0.8876156209917734
0.8902951992342955
0.8913220802672215
0.8917163638336376
0.8924099929087084
0.8927936201625184
0.8922472419525465
0.8935192181754068
0.8938117823942217
0.8935463433347671
0.8913792368530166
0.8940404087374013
0.8939977834869779
0.8928837144418225
0.8933816548672224
0.8949103513483142
0.8927635887360837
0.8921571476732426
0.8916902074299686
0.8875284329795439
0.8938747515141652
0.895811294141353
0.8969292382092746
0.8951748216520773
0.8930794030914931
0.8971036142337335
0.8979406191511374
0.8974775539306293
0.8985354351456815
0.8971598020638372
0.8982322146142608
0.8973080216846274
0.8982971212455872
0.8956824496343916
0.8940549400727729
0.8997202233563122
0.8995158159054184
0.9001416320820884
0.9001145069227282
0.9018098293827477
0.9007500106563125
0.9004351650565946
0.9018970173949772
0.9022322068642152
0.9027466161363698
0.9014029519923429
0.9026274591863228
0.9001551946617686
0.9025935527371223
0.9028822419331713
0.9028386479270566
0.9027475848920612
0.9043712194309141
0.9039846859100298
0.9048972537713659
0.9034809329504809
0.9030304615539618
0.9014000457252686
0.9027330535566895
0.9032513378516098
0.9043625006296913
0.9066632953968605
0.9055240387037273
0.9063920438032573
0.9059900101913099
0.9064918256394756
0.9072929865962962
0.9075603631671336
0.9079362403754122
0.9072639239255531
0.9082588360206615
0.9085494627280936
0.9084041493743776
0.9088139330318565
0.907876177522543
0.9095094996183102
0.9098960331391946
0.9090425593750362
0.9092256542007184
0.9099657835489783
0.9098078763712736
0.9056606332562204
0.9060946358059854
0.9099376896339266
0.9098524391330799
0.9107776008184048
0.9119730453416414
0.9092837795422047
0.9105208805601731
0.9118141694082453
0.9104801928211328
0.9117550753110674
0.9126211428992145
0.9123741101978974
0.9124273917609266
0.9125039234605503
0.9131694586205694
0.9135501796073052
0.9122132967531184
0.9142903089555652
0.9110149459628075
0.9145208728101277
0.9129543948570698
0.9143242154047655
0.9144298097751324
0.9143881532804006
0.9146652174081522
0.9141595269372207
0.9112416347946044
0.9155109411267791
