0.5423730125954986
0.5534722997496181
0.5767223349045186
0.6202652070878866
0.6551990063759627
0.6910689921921542
0.7137915021302058
0.7266598588007946
0.7398261017973952
0.7473188707554368
0.7513608980685716
0.7589030361978567
0.767920091182097
0.7716496885786257
0.7762754230855233
0.7782933802416614
0.781578478087547
0.7850562733631894
0.7886141098433392
0.7911041018112266
0.791515887545154
0.7876958053864223
0.7983337112279318
0.7952673723663052
0.8014737313032738
0.8019279087428179
0.8063779222614004
0.8076097351576339
0.8027124393351557
0.8090508637896621
0.8097811512760652
0.8119361796123971
0.8123956385200233
0.8160130736711695
0.8100255560484377
0.8187674271980705
0.8168129670373822
0.8180573640707366
0.819621082039847
0.816094160466396
0.8229690058918626
0.825009023365577
0.8215652015553122
0.8255633017087423
0.8231940507699335
0.8277976837942659
0.826768225634196
0.8296803028162452
0.8303901271866431
0.8265562012421288
0.8323600283346853
0.8315982249327447
0.8324700170686509
0.8323853983173728
0.832477677873094
0.8345590167627129
0.8356971052121134
0.8349726343386482
0.837184742048653
0.8372006111518918
0.8387638310246361
0.8392124594236705
0.8398388011964851
0.8401421171845386
0.8376264547295444
0.8400570373853844
0.8420935558350383
0.8406058407850195
0.8396892323256474
0.8412907479876084
0.8437934146555923
0.8448263841892193
0.8455857794393065
0.8424611880018218
0.844413894533981
0.8401356501647752
0.8474766643910661
0.8471823594190929
0.8451660859110027
0.8473824459643656
0.8477910002466607
0.8465259630878483
0.8467502834621139
0.8499292579664957
0.8479699815021005
0.8482656408022101
0.8507468399284586
0.8516167796398624
0.8505732636360672
0.8500269877667532
0.8503317115974287
0.8514677747293731
0.8516164050384629
0.8535308610628933
0.8518062085694968
0.8536963525514554
0.853321924044997
0.8540275742855157
0.8541641185538509
0.8537037992979559
0.8559705329482925
0.8526114904327626
0.8538849375988166
0.8551484310705433
0.852651951500398
0.8569661287884551
0.8564465648804682
0.856308822710955
0.857352342831249
0.8586134857821068
0.8577205183758865
0.8590504933047615
0.8587515325725383
0.8587200125405022
0.8581246227228763
0.8596935110145985
0.8605068447497021
0.8602013264347399
0.8603304033740801
0.8595693450584395
0.8604290717360857
0.8609246241060198
0.8611247147677917
0.8610858015037406
0.859650934066531
0.8617340101186837
0.8618036489304842
0.8629479903417056
0.863036593863914
0.8613519413902767
0.8634857409418087
0.8644353966543074
0.8632598727639589
0.860630150357592
0.8642576709310302
0.8636737208638324
0.8615204296900343
0.8627657323531455
0.8640107880263231
0.8636000231841219
0.8655380667472182
0.8637714300815956
0.8643125232788011
0.8646900515089272
0.8654309554459797
0.8663283686710065
0.8657276562203097
0.8656280245975627
0.8668544366472467
0.866070214792326
0.8680394037860593
0.8666367973506871
0.8680325374659029
0.8685771502696636
0.8676153056039382
0.8640302179011059
0.8684166479777616
0.8684648315973234
0.8659860200404338
0.8677572630683197
0.8686189450829408
0.8681242242457834
0.8703091507135868
0.865238994869525
0.8687582268230409
0.8704688338222087
0.8695972433947481
0.8701109165928167
0.8705824574246985
0.8710990409874855
0.8702675452592588
0.8715215049195456
0.8690005815789639
0.8713131771434857
0.8708898569796556
0.8712752600721672
0.8714454608354649
0.8722130355688558
0.8726863753107545
0.8728917145086168
0.8699433586218094
0.8720063420428571
0.8704789727589862
0.8719097360467977
0.8734386325517584
0.8712115572517727
0.8733989371529172
0.8733608842371353
0.8740932052739925
0.8741726989841468
0.8746032106715459
0.8730883349618203
0.8744307046688672
0.8736896731203491
0.8745227495841512
0.8741983283062649
0.873540038385529
0.8759770263136488
0.875448986534438
0.8745218563038911
0.8765985476662579
0.8762464923312919
0.8763483839119318
0.8748473602209869
0.875347523069683
0.8763658131682519
0.8743309372016568
0.8752796543524072
0.8759776479049821
0.8731951786906307
0.8756302442137668
0.8776559321548292
0.8751249192754568
0.87723726363475
0.8768075711306309
0.8784499389276224
0.8768639753984854
0.8771591407187276
0.8769948224323503
0.8760220443455606
0.8747094616245153
0.877114270880776
0.8778434633784732
0.8780041591458232
0.8775386407518242
0.8773271885531033
0.8777715234437904
0.8789456230255214
0.8795073975131735
0.8797628962500672
0.8788361653199129
0.8772257580203394
0.877349821064026
0.8797536505935498
0.878389438743368
0.8792847443209606
0.8773496399380746
0.8790953071583282
0.8788913099391055
0.8786199832639621
0.8814387106005774
0.8793636658377685
0.8797048124506639
0.8791378058929163
0.8804609021521386
0.8806719920989567
0.8814742483355349
0.8810314694814299
0.8800285174577425
0.8807053810214911
0.8775076105831563
0.881780083620912
0.8817969612663802
0.8787303054343384
0.8803017830038651
0.8779358458466666
0.881570434448707
0.8826500933127971
0.881047947826505
0.8828714292253638
0.8827256969314958
0.881131043473192
0.8828648922251191
0.8801715699108301
0.882138083180282
0.8833380920060555
0.8844458953730883
0.883523816086685
0.8832450550145378
0.8834901966402124
0.8837677392286866
0.8807586073521987
0.8801807661693607
0.8840780120998721
0.8837637956227457
0.8848605750057384
0.8822382787633773
0.8828005307649014
0.8844352830389377
0.8853182061878552
0.8840002473192536
0.8856084481754195
0.8832433507839954
0.8859358168665146
0.8823031218539656
0.885670512629254
0.8838105302346964
0.8854240372579376
0.8853406122913388
0.8849864081439497
0.8840959970835429
0.8850937005711393
0.8835853001141751
0.8849003033365707
0.8850376297396957
0.8855570207547288
0.8858501648740138
0.8828525262624396
0.8857226233887611
0.8842892625901472
0.8859493313323855
0.8864691833952948
0.8859086520903088
0.8869148108666349
0.8859804973455169
0.8860848176605048
0.8865703587051272
0.8868291794566285
0.887726679128132
0.886416047627563
0.8865401641857351
0.8840630815583814
0.8874264834462408
0.8869930778601187
0.8877053474308602
0.8878253474901376
0.8861643443026505
0.8871367272055459
0.8869487102350322
0.8865054497505566
0.8887794778369346
0.8862396350674333
0.8868526599663237
0.8891731015777388
0.888658465118929
0.8883902134684598
0.8896233848093288
0.8866831013768538
0.8860562162261848
0.8879124320242536
0.8885586153217405
0.8880588064919493
0.8873407655897577
0.8878391418779336
0.8873524523301195
0.8881812352855749
0.8891425900879317
0.8892248583183411
0.8893388606387291
0.8903136805089705
0.8901581344817376
0.8906158726928258
0.8906193593673897
0.8889633330270656
0.8907093748487186
0.8907370747697807
0.8891899133592244
0.8903578875906001
0.8903533265098247
0.8894142131509954
0.8914979890079598
0.8907801745132075
0.8919557601510393
0.8901457397035659
0.8910167085396936
0.8898899486952511
0.8912467137989324
0.8922147579119932
0.8899422282312129
0.8897822199191783
0.8907868103094256
0.8893110701546915
0.891005005333336
0.8916691242165069
0.891851254593601
0.8907692616746378
0.8909711183144353
0.8928694952941831
0.8909338104849532
0.8917341484330464
0.892687706586497
0.8925356513503268
0.8927465972196836
0.8918838613813456
0.8928305285156464
0.8916440259227462
0.8927738031608784
0.8925303534162494
0.8909188922929591
0.8919054688840434
0.8917207533456432
0.8918369621094389
0.8927887913333536
0.8936279602155203
0.8902376652403821
0.8912319602668941
0.8934555447758171
0.8919774211682229
0.8916343315678493
0.8916697746233321
0.8930346204143438
0.893572482159917
0.8925546201772334
0.892449221339535
0.893823703854459
0.894555444464972
0.8938096460107339
0.8936097611739069
0.889264244979765
0.8943244512459984
0.8931855312638212
0.8929574936910538
0.8933683820282221
0.890376877000001
0.8939684852370824
0.8948214814390358
0.8927090382837692
0.8938584100566398
0.8913314848606697
0.894481137543425
0.8951204874527467
0.8922155153477898
0.8940444593406818
0.8943099035389047
0.894542675085401
0.8950345596548201
0.8947046058024193
0.8942617487348352
0.8951288892269909
0.8956317319164673
0.8952074320259004
0.8954996787484262
0.8925453951032105
0.8942149853073922
0.8952014795684988
0.895617134811387
0.8941114635931897
0.8943990710214614
0.8950623789543498
0.8954273889113377
0.8944398120110217
0.8953458822332236
0.8953328082327344
0.8927249115035067
0.8969179566950902
0.8965522098848007
0.8960437317083372
0.8943862522439034
0.8959630318640066
0.8967622583573984
0.8970221946801004
0.8937200010143052
0.8949396620058019
0.8949741376840447
0.8968126566533654
0.8963513288552412
0.8943178771972637
0.8968895075712295
0.8968421637174422
0.895524069004377
0.8924438657744731
0.8974524140960778
0.8966159703361796
0.896669674180759
0.8943643771687775
0.8973469535108962
0.8946515400151686
0.8966791338952189
0.8976651671084493
0.896763571520546
0.8953912090025526
0.8966925989631034
0.8945169346178126
0.8959689472729184
0.8971232423784669
0.8973206902479482
0.8968975964915574
0.8967994015269248
0.8972091248949057
0.8967085586293179
0.8979095142498373
0.8953867714167443
0.8944815203778221
0.8983215799056894
0.898159336334755
0.8970185145300884
0.8977540917175713
0.8976389203114971
0.8968876633797247
0.8954997651949032
0.8944283846100902
0.8965799550873504
0.8970969667660225
0.8983288578757349
0.8978522990317008
0.8958324565190687
0.8981914779581244
0.8977903374903388
0.897646313543512
0.8982424566804356
0.8975296478483389
0.8983327191516982
0.8986883064427159
0.8985126719008774
0.8982040620952453
0.8990725198670471
0.8981986283167044
0.898139449528595
0.8991592627317548
0.8973285692268326
