0.5508971580020952
0.5693573420721665
0.668569242475287
0.7076041243696405
0.7474004885790209
0.7658888295015315
0.7645868097166499
0.7840514400995073
0.7890590580923617
0.795786977439281
0.7943301237814752
0.7926864345883387
0.8072963255142906
0.8120872098403424
0.8059640371130368
0.8161830603765247
0.8186968004265351
0.8203149837925205
0.8230854657620907
0.8223039731459372
0.8287463227315374
0.8362922521563045
0.8313833601564401
0.8369632414761304
0.8354388319549648
0.8429264676388849
0.8398398509037033
0.8408589396030576
0.8427372321846983
0.8459588783166221
0.8435007274676848
0.8457621302519527
0.8519332725408777
0.8436792476752485
0.8497870782111738
0.8523898581322753
0.8399064558558185
0.8525854782762474
0.8457191334209984
0.8534801375635135
0.8483388280360579
0.8514797537411565
0.8575898195359817
0.854234518917947
0.855979622177852
0.8440953804320085
0.858203050259817
0.8601072232700084
0.849037550208937
0.8550477291580838
0.8582887557668033
0.8556286000841082
0.8520314757385081
0.8589437771874169
0.8599792824843631
0.8554162504886285
0.8565731184059862
0.8608367409711184
0.8561827466993088
0.858241963523868
0.862235568460505
0.8603806822915792
0.8595485279235292
0.8575364861763028
0.8631578288728597
0.8606494855529001
0.8600229914696262
0.8639867929542663
0.8572147653216912
0.8591400024567266
0.8628423568635704
0.8601819294919484
0.8651671331483215
0.8590379544491284
0.8609651551541365
0.865671581272367
0.8619808600913996
0.8624809900081047
0.863460774376013
0.8615449063924616
0.8653442660957578
0.8658237064890184
0.8691807730850788
0.8659371283830624
0.868387404369614
0.8643368559037675
0.8662516824130982
0.860979044221407
0.8679296867410207
0.8645092960424638
0.8686722702096219
0.8692530999706576
0.8667217577713736
0.865606729948781
0.8648469559807955
0.8685333466049258
0.8640846092010009
0.868156892781011
0.8656357224504958
0.8684886784754201
0.866590511437116
0.8688714181931467
0.8705509209266669
0.8693987622840442
0.8655615966549002
0.862648346270666
0.8661137961661235
0.8686502634065312
0.8656873062981445
0.8679175430692811
0.8682351927064862
0.8699934522968582
0.8716887376871403
0.8682507613053055
0.8721843147560678
0.8698554260889211
0.8689257271630637
0.8729282566693045
0.8713149719370037
0.8689388629110364
0.8720328234802464
0.8683276533881585
0.8729003385738011
0.8730475651567678
0.8722627505260062
0.8688099012336654
0.8623237479833272
0.8727947833091448
0.8752170300547231
0.871975986980008
0.869526110293849
0.8724370307397085
0.8736178196321431
0.8739471971746987
0.8642014436726284
0.8723513375822188
0.8728500678892999
0.86941728652907
0.8753542206133847
0.8740989189744581
0.8672107566750678
0.8726550487541662
0.8734480511012295
0.8677702917873211
0.8760786997198475
0.8804723707180591
0.8742389458008581
0.8745092762832692
0.8637797824578528
0.8654094385062576
0.8770258526010181
0.8753643183851731
0.875811098476204
0.8675695960002121
0.8743245031138844
0.8733397583648079
0.8748863434655191
0.8755699333884615
0.8766710721437836
0.8763199306715722
0.8638449672178495
0.8770593526690227
0.8774278739995672
0.8794958095687853
0.8738019506277002
0.8772018905597483
0.876341307650332
0.8778807465089621
0.8768736779863799
0.8728304692380625
0.872883341549865
0.8805841048475562
0.8751231532974311
0.8721857102491931
0.8757340005684061
0.8781103524678081
0.8758787243200449
0.8730370927835798
0.8742321659271788
0.8740850010916955
0.8791124523762243
0.8728455891385023
0.8772447433132414
0.8794819410840092
0.8777742321000631
0.8803152604212462
0.8732286293606485
0.872606572863183
0.8760370819160228
0.8750415931048314
0.8742103855315273
0.8740339770878965
0.872926087274387
0.8716878155913879
0.8704410598041668
0.8724296539736893
0.8690982331657424
0.8804547397532934
0.87361879935888
0.8807172200723121
0.880298868522648
0.8781885371313138
0.8787626199506613
0.8783667280189662
0.8774495144342565
0.8693476312512742
0.8797905138411513
0.8761415010269842
0.8770444591760218
0.8785374598106214
0.8743347531961321
0.8755961431369237
0.8790434639712491
0.8780233708461644
0.8784031014031991
0.8719238597545053
0.8808296087251336
0.8759974564976629
0.8779707043593065
0.8737782931085525
0.8819458961963881
0.88000849069062
0.8764969689395339
0.8772133179606798
0.8775037781226854
0.87733196780832
0.8746151320523446
0.8796162953749324
0.8812581568425597
0.8806633598007745
0.8761623181618943
0.8808500347926486
0.876330954655612
0.8799767977656301
0.8795746034741274
0.8758781150782085
0.8764287956013398
0.8782240707497725
0.8714920225544621
0.8785452358770334
0.8758955319850318
0.8847618778282405
0.8724106398652949
0.8828854829525902
0.883597810154316
0.878200491444104
0.8816602358720935
0.8773660277201742
0.8797004860103256
0.8804801632504665
0.8759638617501839
0.8783218211325245
0.8809751763590457
0.8836874469177467
0.881626690522601
0.8757456708427724
0.8734185605031481
0.8845436869208294
0.8816935795131401
0.8803484394023371
0.8798192264209413
0.8778505067080818
0.8799376333951466
0.8766362836116252
0.8816794064074459
0.8816100804495612
0.8833091283198329
0.8738030209174128
0.8827251535536418
0.8846082459729938
0.8809065296234786
0.8756140293246208
0.8834127652960043
0.8813766667292374
0.8766610690514697
0.8801158448652934
0.8822461742082572
0.8804102321672445
0.8783086318700662
0.8796338687087137
0.8743348561086044
0.8867038608807793
0.8806527721656177
0.8809203404772701
0.8715973719941736
0.8831094822399418
0.8831488730178647
0.8839388373887433
0.8773139787081504
0.8770541946959076
0.880089956203745
0.8773562263363062
0.8827806398422426
0.8798893139311215
0.877908479362015
0.8811984223270996
0.8826750022476085
0.8858688537789954
0.8724745567436321
0.8800591400930198
0.8792431635656256
0.8842675110099879
0.8779063675980822
0.8820194497986373
0.8854058340998255
0.8830960748030421
0.8821792811012196
0.8798520431501293
0.8806775781879567
0.884514620322134
0.8819898645210816
0.8764742787976267
0.8830608746209939
0.883489859087303
0.8774393507984857
0.8764722493636716
0.8847935337047402
0.8805023305970141
0.8852251403808452
0.8848787863968482
0.8798121542758404
0.8824893069824713
0.8823109514348634
0.883287870719541
0.878865071375151
0.8856202213622582
0.8745059213366699
0.8778376179500429
0.8834663868106057
0.8820659662361467
0.8809515517718893
0.8835663395202664
0.880102651486336
0.880754972483675
0.8769927189014151
0.8849414189275302
0.8813610487324312
0.8833770464350954
0.8804387059900987
0.8782945657933432
0.8822259374996912
0.8851550364046696
0.8817544131338051
0.8858235064271721
0.8832380405004213
0.8839254958158258
0.8797999323906223
0.8829502354802028
0.8839065105229238
0.8827132980368253
0.8849384056503393
0.8791644808057536
0.8783887471715537
0.8805596693101175
0.8799313228023413
0.8857174777651429
0.8791864052788664
0.8861815677340255
0.8845765777469974
0.8859838852241071
0.8836803006756656
0.8800742517604618
0.8842975696849166
0.8821165415415663
0.8812335237131742
0.8823062503931256
0.883289706678048
0.8801790290068271
0.8788614035746359
0.881916623772748
0.8828601747173859
0.884601943613186
0.878512740234759
0.8779235375149719
0.8862961998787442
0.8821357614749054
0.8820739851759936
0.8839685008797782
0.8821164921435795
0.8828109702060983
0.882476191816993
0.8843747993206788
0.8859306424274039
0.8815463199981821
0.8844561207563426
0.8815715088549185
0.8855900350758638
0.8817155328017451
0.8758482622282246
0.8829264915145786
0.8829118944094981
0.8833748029431979
0.8784788120508694
0.8861949916369208
0.8738454002735331
0.8846864923839832
0.8814065813267047
0.8833104414829801
0.8855005382733954
0.8835238325526806
0.8894678099666036
0.8860173070786328
0.883783316060504
0.8836305033885373
0.8821493541542554
0.8838639418078544
0.8830491961136299
0.888041628342062
0.8802692955945888
0.8830280167268169
0.8808830779292759
0.8837037894183585
0.8839718764088719
0.8813257662204053
0.8814852929020692
0.8785388841192387
0.8853222527062686
0.8790659277057171
0.884034220784631
0.8854430884148218
0.8795374726540979
0.8862173524589164
0.8763377221797948
0.8785638959665226
0.88413060448975
0.8848600439773809
0.8841056585064486
0.8867700089015174
0.8801296186705947
0.8764387369461704
0.8839450821175665
0.8867174206281382
0.8811267376153485
0.8795269632324199
0.887663083336709
0.8813119306676204
0.8858030803596568
0.8844783910153624
0.8854086456685705
0.8860906877879285
0.8865197751667099
0.8713799302895611
0.879662490725528
0.8863299839851728
0.8802903309039403
0.8885594797865085
0.8827090209944737
0.879627282310482
0.8827432579157803
0.8778107166297662
0.8832229123669836
0.8804569708956942
0.8803153015862352
0.8783091999469136
0.8835909109021685
0.8822111263366683
0.8839580573220823
0.8802938505104952
0.8839075437641464
0.8879346405357902
0.8836058496766572
0.8838672597059632
0.8821578588409716
0.8824285927402742
0.8807050064200916
0.8837781416213935
0.8786933475072622
0.8848014373826181
0.8730925090916997
0.8813774529805263
0.8828472283283623
0.887846592740933
0.8786279363398266
0.8869430418160543
0.8660121639249138
0.883763075235439
0.8809882668255307
0.884735721594264
0.8838974048273689
0.8859416828774392
0.884380965836023
0.878286328679055
0.878663276482837
0.885859649287467
0.8826114146891828
0.8848107653691134
0.8851867499121538
0.8815024875179521
0.8801521770845375
0.8800729385973145
0.8823980359689794
0.8873156055485136
0.8866976408509495
0.8818969633740273
0.8756831288750662
0.8840606775230269
0.8853210301060971
0.8842112055381073
0.8874002983967719
0.8846292812823454
