0.6004537937176364
0.709230038668673
0.7320477118756593
0.7402628128638095
0.7484925019138307
0.7543279090527124
0.755170549637189
0.7630394942196193
0.7696683377647333
0.7771280220269268
0.7849999593983058
0.7925852377061083
0.7981995368996128
0.8047858485839746
0.8090752367792478
0.8097376502492659
0.8131718493989266
0.8156728423958325
0.8200495400938242
0.8233531905223719
0.8285666526611969
0.8287040957403176
0.8358421447997254
0.8369811000381973
0.8415462625537743
0.8418870360629958
0.8471172797067847
0.8484177852803506
0.8538495735140937
0.8550572360180928
0.8585799230712087
0.8586039795750642
0.8649941581140361
0.8616459568420484
0.8668371213551018
0.8698350790898799
0.8727697314876735
0.874597546807568
0.8773231559899964
0.879738249441457
0.8791382372863249
0.8822929429370466
0.886057447971625
0.888398062690158
0.8871837595887403
0.8917568473647185
0.8922147282138446
0.8933557484291109
0.8938235703493185
0.8946877853418875
0.9006277735635898
0.9013501601768559
0.9023604825866629
0.9056831476133593
0.907689665898174
0.9047694144138172
0.9103103434909678
0.9128738155169398
0.9084885533990628
0.9127850643368738
0.9141984331044901
0.9122095670406613
0.9154015041278284
0.9184857912150495
0.9152151233190817
0.9189195283301177
0.9203376884148585
0.9200788795759458
0.9212578084512301
0.9229697677881256
0.9225308951931336
0.9261623852708726
0.9250019047904225
0.9258356399642224
0.9287424246913113
0.9286522984460526
0.9295100092375199
0.9295099568993984
0.9300662556210351
0.9328001738767557
0.9315067529816393
0.9310725035873819
0.9316682731826633
0.9331901103281258
0.9354732308271662
0.9374534611009441
0.9373206983186901
0.9358171668277306
0.9376136236828161
0.9390847864246206
0.9388167692483274
0.9387970869426283
0.940867508487816
0.9413492555203553
0.9400090728926658
0.9429275718429533
0.9446917376630642
0.9446017160940485
0.943965895147774
0.9458117512595565
0.9440157020074175
0.9460706330546387
0.9452212916046039
0.9441159580581961
0.9471624649516975
0.946774658503273
0.9476676102965642
0.9456152311292683
0.9479705163818637
0.9472103416448597
0.946331476736276
0.9488954832454888
0.9501650443012064
0.9503758860447472
0.949764212004538
0.9507398834058908
0.951354859505767
0.9523784710404293
0.9514959773554201
0.9521698306699997
0.9540330344900607
0.949481781226779
0.9532766725059093
0.9494839366057835
0.9549054967017784
0.9538643741004584
0.9537450304953616
0.9537214275885594
0.9538757425748541
0.9553058484393311
0.9564997682214219
0.9542223747816787
0.9563347683283185
0.9561760236337389
0.9569903191604027
0.9580962664902353
0.9578763654936604
0.9569881621953945
0.9586129611139176
0.9584380788318689
0.9592027990554269
0.9576229094171759
0.9579584205661792
0.958485495583963
0.9582136862728654
0.9578154946723281
0.9611846962190751
0.9589601404920125
0.9588342086276189
0.9593013342922101
0.9594224447054089
0.9611747535619899
0.9612958719052073
0.9620356046407483
0.9611563923973582
0.96197681148424
0.9621962795018096
0.9614274023625998
0.9613341231420204
0.9618925708986469
0.9621204320477039
0.9616747729429548
0.9624051006766589
0.9632924411889215
0.9634358936359952
0.9643731853342367
0.9626473897012154
0.9643815261276025
0.9657705085025976
0.9657181497630287
0.9650100054628312
0.9654892133034749
0.9635070877552967
0.9658340834602085
0.9653836441403603
0.966132618519359
0.965024279495973
0.9662935392109911
0.9651751925043689
0.9665772847858031
0.9668090015098121
0.9643809916443616
0.9644384684178133
0.9659626718807699
0.9662042297576288
0.9675532575278554
0.9675531782276713
0.9679972481567307
0.9661571428943005
0.9680628405110258
0.9674455773938394
0.9679508401029787
0.9691381081856252
0.9673170730314729
0.9682032287989848
0.9675281003374444
0.9682548024667306
0.9660256917370922
0.9699881458912767
0.9692318711373277
