0.5181020603083641
0.5365666075408195
0.5435921226179106
0.5434611361258925
0.5512662027561741
0.5651957975167144
0.5774512211761496
0.5888693318779279
0.5926829490153273
0.6030977395733843
0.612719334151999
0.607202437804157
0.6323159139491518
0.6491122026652112
0.6614754172920363
0.6724969300040933
0.6821694637740483
0.6890417064629097
0.7040496657115567
0.7136980943284669
0.7321653704461728
0.7239409651157502
0.7486696684404421
0.7631345795242643
0.7694273889116297
0.7760513030427071
0.7795451857916041
0.7880402055760222
0.7955018874789648
0.7973729931323055
0.8077864192477373
0.8095756583435667
0.8045062991767863
0.827097830536226
0.8252039841724655
0.8280702233137764
0.8262718879337789
0.836251421294401
0.8387665438668304
0.8356974575885752
0.8482521489971346
0.8474007367990176
0.8496074953381544
0.8499722563332879
0.8513066812207213
0.8528830672670216
0.8601591849729385
0.866131805157593
0.8645963523900486
0.8737490335198072
0.8679028516850866
0.8738836585254924
0.8779524264338018
0.8803065447764588
0.8865420475735661
0.8884568153909129
0.8875526447446217
0.889346431982535
0.889416473370628
0.8837695001591851
0.8875863009960431
0.893103197343885
0.8950679947241551
0.9026834038295356
0.8975358166189111
0.9060244690044117
0.9064929276390594
0.9069777595852095
0.9035266293719016
0.9106258243507528
0.9154886978669213
0.9139191340337471
0.9188447719106745
0.9109055350889161
0.914353026788557
0.9173602583344704
0.9220785009323691
0.9217110110519852
0.9220994223859553
0.9229672078955747
0.9267858279892663
0.9179224086960477
0.929687542638832
0.9243953245099377
0.9267676354209305
0.9278109792149907
0.9273843634875154
0.9237776868149361
0.9343321053349707
0.9294892436439713
0.9307272479192249
0.9350843680356574
0.934140628553236
0.9408941647337064
0.9406758539136763
0.9421931141128849
0.9367453495247192
0.9380679492427343
0.9433792695683813
0.9492090780915995
0.9486760358393597
0.9501741938418155
0.9476981852913086
0.9530258789284578
0.9521717378450903
0.9547268840678583
0.9571301223450221
0.9505707918315369
0.9566089052622003
0.9597462136717151
0.9577586755810252
0.9482066675762951
0.9572110792741165
0.9476499749852184
0.9622658843862283
0.963276481557284
0.9587674534952473
0.9648692409150862
0.9655669259107654
0.9660044571792423
0.9672370036839951
0.9685159412380043
0.9654604993860009
0.9699013053167781
0.9715249920407514
0.9636012189020784
0.9694255696547961
0.9731832446445627
0.974431254832401
0.9706854050120525
0.9662027561741029
0.9737999727111475
0.9739955428207578
0.9755037067357983
0.9754072861236185
0.9773384272524673
0.9783144585436849
0.9776185928048393
0.9767871924318916
0.9789275480966025
0.9793223268294902
0.9797916950925546
0.980402055760222
0.9825405921680993
0.9822968117523992
0.9855041615500069
0.9845417746850412
0.9798735616500659
0.9843653067721835
0.9843798608268524
0.9839668895256288
0.9854941556374222
0.9844035111656888
0.9852531041069723
0.9851666894073772
0.975343612134443
0.9836266884977487
0.9872506481102471
0.9880856869968617
0.9874043753126848
0.9889725747032337
0.9867448947105107
0.9901050620821396
0.9890144176104061
0.9898394505844363
0.9905598762905354
0.9897694091963433
0.9902533315140766
0.9898567335243553
0.9911020148269432
0.9882448719698003
0.9916032200845954
0.9916477918770182
0.9913230545322236
0.9918779278664664
0.9899440578523673
0.9922981761950244
0.9921480875062537
0.9899868103879566
0.9936153181425387
0.9925865284031473
0.9931923409287307
0.9892390958293538
0.9921680993314231
0.9940492108973484
0.9945467776413335
0.9951789693910038
0.9950561695547369
0.9947005048437714
0.9954482194023742
0.9948860690407968
0.9957638604630008
0.9945176695319962
0.9932123527539
0.9945986264610908
0.9960904170646291
0.995798426342839
0.994762359576113
0.9959703461136126
0.9925719743484785
