0.5637046218739279
0.6928996618453991
0.7473529062900532
0.7661016590742189
0.7740128825590775
0.7920885622301164
0.8026176943177666
0.8087060900471353
0.8120110387839985
0.8203445962397933
0.8245132355262912
0.8316163414222039
0.8364546727377508
0.8422496712072165
0.8466221122334114
0.8507547978288796
0.8583783083811466
0.8595101695823458
0.858494926911099
0.8675208110536787
0.8676858105229704
0.8713837669777897
0.8734714356265201
0.8764911799770431
0.8768406570394606
0.8797108253099204
0.8836501218781369
0.8798342060080285
0.8861435847734144
0.8891833910782289
0.8914064634830601
0.8950016208673273
0.8921029090616441
0.8992965022627473
0.8984651726013269
0.9010840628091735
0.905128371871105
0.9051744174886144
0.9073795387108079
0.9003077158622654
0.9128070383623061
0.9117952730109269
0.9174035034754722
0.9177863743569139
0.9212702767525743
0.9216337272516557
0.9235045445876067
0.9251691286262413
0.9273319959210398
0.9282186996558506
0.931376118927111
0.9326533667436621
0.9335642256616864
0.9343822940312869
0.9359692671133925
0.9366231700572117
0.9391270200020572
0.938666724219946
0.9388755622993036
0.9436730447299844
0.9411733585869733
0.9458607793528399
0.9439266196201114
0.9453200112033858
0.9463174823321354
0.9497660661929779
0.9496939214293033
0.9478744747578912
0.9533132468282224
0.9527957099984007
0.9513835909304517
0.9514723203285504
0.9551009805990702
0.9532067458876263
0.9555067171041435
0.9591686236321431
0.9558371458959208
0.9576629312980138
0.9596153694150651
0.9602339474083472
0.961989525593998
0.9634798715275305
0.9636512995475739
0.9631181917669795
0.9624056812272358
0.963365158466214
0.9656258462333774
0.9657106171326599
0.9667795850374338
0.9686815121963338
0.967344662347365
0.967269951295965
0.9692687686479298
0.9677782751528532
0.9694247861101832
0.9695626342553423
0.9698575969507574
0.9709798024943906
0.9719692603897184
0.9716396078999778
0.9703440624519463
0.9718310144699619
0.9728502733814988
0.9734999547820103
0.9730449647997711
0.9735109705720707
0.9760799400679431
0.9764340813583012
0.9765825860132391
0.9758979261110333
0.9760510308367185
0.9732204796330166
0.9766701413347035
0.974700701561473
0.9784052148814304
0.9786110696513073
0.977600266657825
0.9784803044602698
0.9762460366252372
0.97895116051637
0.9799375709450243
0.9780325449936963
0.9806946707339932
0.9771255162601016
0.979253501288995
0.9806834239780375
0.9787717385100626
0.9807160479107442
0.9822428864557288
0.9798031038839431
0.9831275243289208
0.9817048193241055
0.9821469522048415
0.9818644295891744
0.9801523243175881
0.9826351756131221
0.9814401067452511
0.9831012840369308
0.9836781791018362
0.9822075807523493
0.983010546518687
0.9817179843801358
0.9839293160186242
0.9845243547377469
0.9835454956107242
0.9845692904358151
0.9846368543759003
0.9835086629661481
0.9847625703958386
0.9851193100525186
0.9851583753674154
0.9856763035561149
0.9855257266238391
0.9854849354804471
0.9863693231405861
0.9858315511320511
0.9862910192863709
0.9867274421769183
0.985536466537969
0.9864219384546719
0.9851318463680563
0.9869862587097239
0.9868233379334895
0.9872641363446085
0.9863959291285769
0.9872217669342654
0.9854937763416605
0.9875105127976663
0.9867867362548088
0.9879116684791501
0.9881117875959612
0.9886463838234361
0.9876119645671628
0.9886446900735376
0.9890491434347483
0.9880383276098273
0.9871445794152108
0.9885135720179375
0.9885311190102588
0.9882050849862107
0.9886873032812143
0.9885410056337203
0.9877041905322871
0.9889570586154488
0.989253952442377
0.989908503373847
0.9899095619675339
0.9888054295052053
0.9890915192608105
0.9900632184450802
0.9882683054843212
0.9891240597891662
0.990259770421953
0.9903167548408912
0.9889371313912625
0.9901050232721235
0.9886839029499785
0.9908288318935775
0.990216291092169
0.9908771807543202
