0.5442692544825236
0.5836390837054426
0.634475454449444
0.716822140014124
0.7587002822840627
0.77079547062137
0.7857719379616225
0.7902079201915337
0.7974930973556776
0.805239598056491
0.8110620139158263
0.8176735293430976
0.8278185442780047
0.8249784171442018
0.8307582551757858
0.8278803531020932
0.8397190244488252
0.8431622672581145
0.8488217932728434
0.8444502902985982
0.8551580338721949
0.8552810941001883
0.86434660651472
0.8627687897950209
0.8699518488778399
0.8731106777608493
0.874217137380573
0.8792445164988532
0.8796271854549526
0.8834062285535016
0.8839634348433945
0.8851695430433967
0.8882095571660908
0.8940543865021144
0.8923060056878376
0.8994700865578913
0.8972181803137365
0.8959204283465587
0.9044985286634987
0.9078572574986595
0.9078551120791152
0.9102924253506455
0.9131991836412888
0.9117485040948801
0.9187360577707168
0.9179685096226735
0.9210295371899664
0.918515669386
0.9247568892889236
0.9233629045604995
0.9263694086558721
0.9292180461699212
0.9311351114060626
0.9284810135361197
0.9323125578380155
0.9356384312904891
0.9358862953049575
0.9366983916962853
0.9393179359964701
0.9419134528940861
0.9387552981006011
0.9372711733431712
0.9444671632779258
0.9431554887694157
0.9489628153940113
0.9489165106289852
0.9485120893224622
0.9527759583482158
0.9528190417431105
0.9524866378279933
0.9523570376352867
0.9567498975805228
0.9550327322965327
0.9571912382517701
0.9576228111065428
0.9537583919770696
0.9584515263973005
0.9598083065692786
0.9623298421415856
0.9622451013104055
0.964125253663453
0.9623037665439234
0.9656218944484956
0.963240225970883
0.9653985763669994
0.965682186571154
0.9656366920098832
0.9660100727901314
0.9690031534296851
0.9699140687526463
0.9683102995862556
0.9685381548087816
0.971824224571162
0.9716888233195671
0.9713914720597217
0.9745544102961782
0.9734708178672457
0.9745958603203022
0.972340415106144
0.9753497451922153
0.9754981291487861
0.9748281749042977
0.9757955646698221
0.9764490685372617
0.9783784877602648
0.9785218354902924
0.976543253103414
0.9774460923153419
0.9771491818063393
0.9794900743493522
0.9789663327153705
0.9797815726972691
0.978563091065515
0.9816354290772329
0.9810151500453927
0.9820999869472934
0.9819771017233112
0.9825892203829272
0.9812271771273543
0.9829033525829535
0.9830444511873563
0.9835278900457317
0.9835428950192809
0.9825785127300964
0.9842838620025185
0.9841432884101494
0.9859036472767451
0.9853423705231852
0.9860267463945188
0.985986527880103
0.9848238206748676
0.9863920640269935
0.987419985735488
0.9859146790110781
0.9866009928897944
0.9876847603227381
0.9874774777939679
0.9854361273017549
0.9893353203764078
0.9888711449225198
0.987847546461264
0.9884787016683159
0.9878146262622763
0.988587042114482
0.9899109409772529
0.9893617524637226
0.9896937545177772
0.9892174324891886
0.9903320784076565
0.9902367919643967
0.9910179385722698
0.9901030046386823
0.9912075910673235
0.9909873841682478
0.990463331416024
0.9915627455038909
0.9909800988160798
0.9913187963939684
0.9920524067271075
0.9913640057635174
0.9917497016408466
0.9914696304066956
0.9920695247120506
0.9914741481028352
0.9917570518093153
0.9919372605693965
0.9922381702441354
0.99278652910902
0.992166561195422
0.9922002656716448
0.9934751374847716
0.9928306171565713
0.9937610940390017
0.9936717188423411
0.9935531114941869
0.9935165939905257
0.9935205348215915
0.9922041416864105
0.9935010964130931
0.9926207679023044
0.9938096090398723
0.9946684574286994
0.9945907037947054
0.9945370034898005
0.9943034379512066
0.993088799926068
0.9949913463109135
0.994976723753537
0.9948561524714798
0.9950231581511637
0.9950954542526617
0.9950485661409317
0.9943333636371143
0.9948551478188232
0.9939772045478903
0.9956189366214417
0.9957216186045805
0.9950172598678249
0.9955624556972484
0.995579165339499
