0.6357493624586086
0.6821397818168581
0.70372441445074
0.7195473773950871
0.7247220592970323
0.7370046399547148
0.7397565168041772
0.7572100717450574
0.7580694965009618
0.766315778644203
0.7740188454388244
0.7793113886680639
0.7790919106529781
0.7875953120297179
0.7888745230301644
0.7949752223934002
0.7973862935309
0.8003468763027951
0.8048484666855393
0.809540766120435
0.8121934514710814
0.8159602492734932
0.8183113207913415
0.8224026383999083
0.8250370713466185
0.831915400888642
0.8307928605877546
0.836081745400379
0.8386651573230087
0.839911312426344
0.844618447097726
0.8467546576651016
0.84877796203606
0.8466398341726884
0.855700630635158
0.8580007033492436
0.8569463111759912
0.8572317771863851
0.8634261955015874
0.863736713333175
0.8692314090782511
0.8706198678584998
0.8703664514822519
0.8735792967610329
0.8729463986224647
0.8772398163704046
0.8795357783256907
0.882809669166227
0.8827714232377359
0.884561572987981
0.885983947909074
0.8892999621235637
0.8908964745011997
0.8928516053498742
0.8908073376962038
0.8936924650302271
0.8960785192641759
0.899098822314584
0.8979658733819564
0.9018008145505068
0.9040345786618409
0.902123390078851
0.9033094598555945
0.9044773042102167
0.9039450831574287
0.9073566701332584
0.9095528231823256
0.9100259064463607
0.9136383508109306
0.9131661039831453
0.9112608704453351
0.9155239257161187
0.9162420816270551
0.9173738243138572
0.9187299636418146
0.920987990753059
0.9198636014042949
0.9240262859122516
0.9238232668040193
0.923786795326624
0.9263413621023725
0.9229930030409426
0.9271867531403982
0.9265312680487509
0.9264393648141844
0.9298219399907492
0.9298393273894555
0.9303311725375714
0.9296314848850874
0.9294467007219701
0.9317173537352419
0.9318221812589605
0.9334294450960976
0.9336556526931564
0.9342477511538478
0.9343822554992011
0.9345418370603964
0.9355540058682654
0.9364034140223226
0.9358633126925309
0.9368579369723034
0.9369025633063441
0.9370398547144201
0.9361177115242603
0.9390733121834635
0.9411900720369055
0.9403874059085799
0.9402985373345636
0.9429743841922222
0.9430993528468927
0.9408686122859498
0.9430841636724868
0.9443039035794129
0.9445267019448496
0.9453264413398831
0.9439611758099576
0.9452001347046457
0.9462564870273644
0.9448283316493031
0.9468149836059924
0.9462352301190238
0.9475452781591286
0.947588791890112
0.9505543155083942
0.949035850409989
0.9477685574357299
0.9468656713253054
0.9449683355233203
0.9506604492693687
0.9480096447099104
0.9506406557276739
0.9506709372593867
0.9509523448874447
0.9531659662806613
0.9504773998782079
0.9522357602894587
0.9523721343158409
0.9532734507195267
0.9538550405570478
0.9535351203566849
0.9552588043747883
0.9535202565512186
0.9547811294407889
0.9534696846949915
0.9555644194519621
0.9543404068953493
0.956286233779513
0.9566513532806841
0.9563726200265942
0.9569033872357295
0.9565857414436135
0.9565004820840799
0.957711705260613
0.9576596192484418
0.9582178983853883
0.9583360247693311
0.957384522190649
0.9584254980534255
0.9566505549364075
0.9569475532917581
0.9586179736208448
0.9595062514594582
0.9543787559896018
0.961136981539395
0.9598269239762964
0.9608054813791086
0.9605266306747671
0.9610839210075702
0.9603251050893267
0.9621537213840756
0.9612325828697152
0.9622463420174747
0.9601433793942429
0.9626291187354967
0.9624589063393828
0.9613522519785822
0.9628299189862766
0.9612547222421068
0.9615305113040835
0.9622706335863654
0.9627227757880065
0.9632514796819143
0.962790619179854
0.964835731205602
0.9642977566776603
0.9645281004281675
0.9646839505631319
0.963336929501315
0.9649759525213009
0.9650408056932339
0.9644457773249191
0.966312038012412
0.9654995870084112
0.9646727197796321
0.9660662305078572
0.965088858717718
0.9657700796989155
0.9667178476770357
0.9654918717966258
0.9646361276776544
