0.5533602485376398
0.5925956148152984
0.6231583397053344
0.67351618776259
0.7043639526982324
0.7195304351248696
0.7346308375409341
0.7550960408153666
0.7653802824608452
0.782623005219681
0.7859436457509833
0.7985243677638989
0.8131873301099728
0.8320279731244756
0.8353295736527317
0.8543830967012953
0.863683818189411
0.8674082987853279
0.876074380171901
0.8872294219567075
0.8955139032822245
0.9061915049906407
0.9101390256222441
0.9159113465458155
0.9265971882555502
0.9288259086121453
0.9308331089332974
0.93936175029788
0.9411494305839089
0.9416509506641522
0.9509316721490676
0.9465860714537713
0.954234712677554
0.9564479930316789
0.9507745521239283
0.9605108736817398
0.9617835138853623
0.9631777541084408
0.9637987142077943
0.9650462344073976
0.9664455146312823
0.9688641550182648
0.9734335957493755
0.9751849560295929
0.9774372763899642
0.9784651965544314
0.9811148769783804
0.9807827169252347
0.9828110372497659
0.9819060771049724
0.983451357352217
0.9854137576662014
0.9849782375965179
0.9868489578958334
0.9871728779476604
0.9865347178455549
0.9895779183324671
0.9893497582959613
0.9901934384309502
0.9903761584601853
0.99015343842455
0.9899607983937276
0.9920257587241215
0.9920167987226879
0.9923564787770366
0.9926228788196606
0.9939799990367998
0.9934921589587454
0.9934580789532925
0.9937771190043391
0.9945351991256319
0.9945142391222784
0.9950278392044543
0.9960998393759742
0.995242399238784
0.9963252794120447
0.9967129594740736
0.9949595191935231
0.9964313594290175
0.9965406394465023
0.9966811194689792
0.9968038394886143
0.9974051195848191
0.9973044795687168
0.9973422395747583
0.9970281595245055
0.9976955196312831
0.9978516796562688
0.9969601595136255
0.9979889596782335
0.9978926396628224
0.9974859195977472
0.9979046396647423
0.9982926397268224
0.9984367997498879
0.9983046397287423
0.9985036797605887
0.9985335997653759
0.9985075197612031
0.9987051197928192
0.998771199803392
0.9988843198214912
0.9989844798375168
0.9985326397652222
0.9984451197512193
0.9988753598200576
0.9987782398045183
0.99877599980416
0.9989084798253568
0.9989900798384127
0.9992918398866945
0.9988020798083328
0.9990735998517759
0.9988377598140415
0.9992838398854145
0.9994417599106815
0.9991899198703872
0.9994812799170049
0.9993764799002368
0.999284319885491
0.9990297598447615
0.9994251199080192
0.9995399999264
0.999517599922816
0.9995894399343104
0.9995177599228415
0.9996151999384318
0.9995812799330048
0.9995118399218943
0.9995291199246592
0.9991561598649856
0.9995337599254016
0.999677599948416
0.9997097599535616
0.9996638399462143
0.9993462398953985
0.9996569599451136
0.999622399939584
0.9996878399500544
0.9997529599604735
0.9997126399540224
0.999644799943168
0.9997363199578112
0.9994271999083519
0.9997086399533823
0.9997817599650816
0.9997860799657727
0.9996980799516928
0.9998158399705344
0.9997785599645697
0.9996947199511552
0.999747199959552
0.9998227199716352
0.9998139199702273
0.9996535999445759
0.9995615999298559
0.999862079977933
0.9998700799792128
0.9998787199805952
0.9999062399849984
0.9997529599604736
0.9998425599748095
0.9999423999907839
0.9998348799735808
0.99986799997888
0.9998622399779584
0.9999038399846144
0.9998867199818753
0.9999268799883008
0.9999332799893248
0.9998028799684608
0.9997561599609855
0.9999319999891201
0.9998780799804928
0.9999171199867392
0.9999276799884289
0.9998886399821824
0.9998779199804672
0.9999579199932671
0.9998849599815935
0.9998606399777024
0.9997377599580416
0.9999633599941375
0.9998345599735295
0.9999548799927808
0.9999619199939072
0.9999428799908607
0.9998571199771392
0.9999575999932161
0.9999782399965184
0.9999321599891456
0.9999630399940864
0.9999569599931135
0.9999547199927552
0.9999524799923968
0.9999580799932928
0.9999740799958527
0.9998899199823872
0.9999830399972864
0.9999655999944961
