0.6310308392096988
0.6979260911182947
0.716530271890893
0.7122091927254436
0.7272453826196952
0.7328604367892574
0.7335931284421582
0.7394837738579361
0.7477919912539233
0.7458042661572251
0.7564976019127226
0.7549441719757318
0.762049607510283
0.768438835770701
0.7769176052274193
0.7828509513101573
0.7789659215541829
0.783294880920969
0.7834909809842666
0.7909864725623641
0.8006236594608027
0.7996324248064507
0.8067744698629356
0.8069331946603533
0.8044445407580163
0.814033993963376
0.8167072826537443
0.8180356743675818
0.8269837334823462
0.8213102321657677
0.8267800177474386
0.8329153949284026
0.8342279287812464
0.8350182113402056
0.8379613203519592
0.8401277561630692
0.8421091047010887
0.8453036074503599
0.849734612639932
0.846938338510505
0.8549422979914564
0.8489111803294136
0.8495970084528108
0.8580308983529766
0.8607786452001442
0.8629909073057764
0.8707797345057142
0.8721899146343082
0.8657043766693914
0.8752990717401278
0.8745891505276616
0.8750447751369234
0.8700378608867683
0.8733469467756165
0.8825871650510677
0.8744693255227078
0.8889090983412371
0.8866056361316198
0.8821423374314463
0.8927291094748757
0.8892174982348906
0.8949860840656536
0.8943274746588876
0.8961905853703144
0.8977994482076969
0.8887899833897608
0.901806363515971
0.9063381127636208
0.9096881937988218
0.9022879050771552
0.910313667376646
0.9084070972156213
0.9115439185618226
0.9105789628474403
0.9121534716268757
0.9158293070980732
0.9160744774257015
0.9183517999215208
0.9138514809822061
0.9170144907713652
0.9247692214817741
0.9189427314860658
0.9244491822801393
0.925159006034285
0.927450376450862
0.9291511216004729
0.9273502449879414
0.9288576676363863
0.9292552210092963
0.9313778771506128
0.9339258970927015
0.9285456200170257
0.9319392858053793
0.9342000543093452
0.9340589694679232
0.9368488461547458
0.9352287756105151
0.937651714759656
0.9370788547522403
0.9378321727625268
0.9408139379209434
0.9378048217810324
0.9389203993296203
0.9421481701726971
0.9432149280640646
0.9416958591463298
0.9441186660306071
0.946961998606179
0.9467147677312049
0.9447342963180694
0.9463396436946082
0.9471267867033881
0.9473995725422377
0.9451060093134513
0.9512710973595254
0.9476382688528666
0.9463215512535534
0.9514806884388926
0.9515679762874438
0.9526387856604173
0.9515996502415799
0.9534018982319056
0.9546120033899902
0.9576169984352093
0.9559936351920102
0.955687497723652
0.9586135584906412
0.9567430827147143
0.9589574889033956
0.9574724329394866
0.9580194734533002
0.9573035376702026
0.9598317178827777
0.9593197762869315
0.9591144942575885
0.9601244130642266
0.9600643857001577
0.9609769714899328
0.9612211741956656
0.9595746089108983
0.9629884068037269
0.9618822061378248
0.9640133272304006
0.9641352406279344
0.9632016316861838
0.9595600319306872
0.965300340925912
0.9661874483262063
0.9626782944281574
0.9662797065490989
0.9676306389801872
0.9677157966683065
0.9675076187345856
0.9693402946048076
0.9671745061953976
0.9697909070718765
0.9707304052807038
0.9666968420831042
0.970211599834577
0.9680044542907668
0.9711126228907652
0.9695501223686671
0.9701863302843545
0.9718405669312001
0.9712872751622625
0.9727762990720742
0.972072524695103
0.9732452824325418
0.9729918907994556
0.9728589715730228
0.9724388983667879
0.9743094855236525
0.9745980596104096
0.9737647770482203
0.9731090426619065
0.9760724995787016
0.9759394063195539
0.9740035151267008
0.9761286634164967
0.9764461199726404
0.9766646354496342
0.9761992093178621
0.974736951639622
0.9756600281214591
0.9781429528668172
0.9756041705812425
0.9732044404349782
0.9766474340560803
0.9769020856860237
0.97711252604504
0.9795240625706921
0.9797887315237123
0.9793372488930685
0.9784450666988037
0.9800117091995197
0.9815145930747566
0.9804212012166807
0.979987873678869
0.9785317489135068
0.9805119627582242
