0.6071613516079951
0.608160177894326
0.6343828138708155
0.6618153790455182
0.6746661717495963
0.6837170408054699
0.6860101448501489
0.6912588535001212
0.6969945912064592
0.7005202270995761
0.7061050833894613
0.7081871130159865
0.712721049360199
0.7087205013688103
0.709580698541993
0.7170605088831763
0.721558322302936
0.7196397042100225
0.7266108801251171
0.7265606528049995
0.73139589608246
0.7325121877650095
0.7363567682093873
0.7400769592814931
0.7416442639474379
0.7381178017361913
0.7489143604460089
0.7464578733614469
0.7533131724056931
0.7473739467364451
0.7557349113882081
0.7578095540155898
0.7601644894513653
0.767094306719374
0.7678634877999257
0.7688979739876193
0.7707094556609373
0.7766558047623392
0.7779453953023301
0.77951182378612
0.7785836761936208
0.7870145644554072
0.7840830085570657
0.7882329349207227
0.7936447131795633
0.7980031922663917
0.801865139638361
0.8035012139183202
0.8045510724726019
0.8049535535127326
0.8143751544716262
0.8158079687385046
0.8162659270682501
0.8263511825837668
0.8276242752548892
0.8298435164315641
0.8350157265436349
0.8388478908457684
0.8417877954065944
0.8432537407564207
0.8336327050675126
0.8464721857613304
0.8533540409606466
0.8556575950802956
0.8610516431165051
0.8596146687652488
0.8622235545573126
0.8655815048575253
0.8715985682699197
0.8725991113033995
0.8787678468332155
0.8769112168469055
0.871413836303871
0.8823550932910319
0.8842686537471163
0.8891860373207437
0.8887736333396229
0.8957136798562046
0.8910779069259193
0.8989306788043872
0.9013422384023544
0.8979553242270037
0.9019240304766643
0.907902812564663
0.9055810580758606
0.9080637380204528
0.9098751484594494
0.9110486626724916
0.9102446622555715
0.9174362656552381
0.9168749748186672
0.9164931303614869
0.9211615357344693
0.9177157463923663
0.92076104213191
0.9233833698404481
0.9252602446209397
0.9301449743815735
0.9276213988129853
0.9308339954800968
0.929373492432436
0.9306504673740824
0.9340348598544507
0.9303719126831342
0.9346157757466056
0.938628113018209
0.931958735553181
0.9379977106428806
0.9345056332386412
0.9412288424804565
0.9444015408040736
0.9432534073797959
0.9434282805157432
0.9436911137919278
0.9503957095055249
0.9450149466702826
0.9478818431749627
0.9508011610168636
0.9488173777666057
0.949040369686753
0.9513178093041256
0.9520130705292157
0.9341463201973637
0.9552895430124515
0.9523980564199762
0.9541335025784831
0.9541891793241982
0.9578133821480292
0.9574302697199254
0.9582725158440801
0.9575116478088521
0.9566033247280373
0.9604709209817046
0.9609068322889337
0.9607684453724789
0.9620829180609836
0.9590573186113457
0.9596813882554891
0.9645877447561424
0.9634450251403018
0.9658135520846267
0.9657513930156514
0.9624571333223271
0.9636819789874708
0.9637104228520615
0.9667866699043142
0.9700499426677687
0.9698352709163771
0.9657838331256805
0.9669646132395199
0.9711076797380126
0.9584403866462203
0.9600834133959616
0.9716126527199743
0.9683555702190615
0.9694899625427141
0.9702829999975495
0.9722471795625199
0.973994585963613
0.974086471114967
0.9712394418625643
0.9728765704104825
0.9683519586389594
0.9723700658906078
0.9758658830967281
0.9754944530973566
0.9751009333348759
0.9775013946255471
0.9734151232516176
0.9754261251361359
0.9739827112022125
0.9740932241286488
0.9752906944440249
0.9782346878549072
0.9770409359711155
0.9785760284768604
0.9779026575587794
0.9773713563715767
0.9800727470535918
0.976697629281888
0.9797056267306734
0.9764192598001757
0.9806495883425544
0.9807587976809069
0.9784597242000828
0.978895136867061
0.978034654756592
0.9834613209886344
0.9790747257150941
0.9750663063311753
0.9804330075113459
0.9811321937475527
0.9798329010929683
0.9828262313949485
0.9820049281613263
0.982729452445705
0.9811048967555386
0.9823497735118992
0.98453014211931
0.9805184602034644
