0.560410766410625
0.5718341395957645
0.5896884356752912
0.5923200904209184
0.595390726526473
0.6009561630133405
0.6119724387478527
0.6161267426982382
0.6183142561276023
0.6179706954527538
0.6226767296597217
0.6241105814069368
0.6282205251356876
0.6314325594477029
0.619871484741239
0.632516227292534
0.6375125282969696
0.6299463379943913
0.6420726974696036
0.6465078724760689
0.6493351434768216
0.6493586328302915
0.6539080200046117
0.6544927123703252
0.659047798600897
0.6483445858888595
0.6545860536700152
0.6557941765810993
0.661187717209132
0.6529547373251063
0.6615504544381247
0.6589994336370313
0.6631734532414769
0.6644602077259796
0.6615685527924374
0.6665336630160361
0.6652352023619355
0.6723717300317007
0.6708222798597047
0.6672665308442937
0.6684467745883087
0.6742118320725328
0.6701327710675241
0.6762909864188409
0.6754082488140187
0.6691924267859957
0.6765231844539603
0.6780513016721493
0.6708734943516963
0.6806818012036715
0.6813403502578361
0.6792259233741864
0.6783578954956353
0.6781682863538562
0.6745529282906235
0.6810444614183904
0.6755940072421142
0.6830866489133363
0.6817970449007078
0.6852458210899892
0.6841758617858716
0.687120425525426
0.6843220348773001
0.6796330978390874
0.6873456922759151
0.6813821690084397
0.688507452594249
0.6944109047282605
0.693983706552205
0.6790325405329973
0.6924106129981917
0.6951126587899548
0.6942857565335445
0.6989480466330669
0.6966430094220802
0.6997486100078816
0.7041042292696443
0.6913297176672131
0.6990778156842032
0.7013709926970445
0.7039793891320228
0.7003986874919425
0.7097101752644631
0.7051892063571278
0.7037531211959762
0.706699687306646
0.712232007655835
0.7117600641867763
0.7146479454209084
0.7143336501700551
0.7131805924646462
0.7207603372793908
0.7252276272379771
0.7267781556098045
0.7212852665687353
0.7224975482505976
0.7295610663889224
0.7319875551094889
0.7399851793731747
0.7396766601928468
0.7393785379394646
0.7175653231218568
0.7384968785344739
0.7374620377391505
0.7410358851088743
0.7365815335482647
0.7422588717747769
0.7480344032002204
0.7480079102900774
0.7495552040624105
0.7407791965347275
0.7537393125367069
0.7536252543973996
0.7528479493332336
0.7535271382127421
0.7617111370187128
0.743410312180439
0.7607278957867493
0.7630523405947012
0.7608687548932944
0.7645067551529866
0.7635712627706994
0.7697259354654272
0.7692482159258432
0.7714940291603765
0.769336628312018
0.7751710756568202
0.7756535700813718
0.7759178830686122
0.7833429062075508
0.7840251756580061
0.786162321752389
0.7800243611550477
0.7766496726970383
0.774337550172874
0.7925487303965942
0.7907558381055229
0.788426464384056
0.7938053723000913
0.7985368212173708
0.7901647535550944
0.777390704038305
0.7971445571779382
0.8013090270124485
0.8028441525295416
0.7945328491291919
0.8072363535712983
0.8051766838362289
0.8062744452931419
0.81212853127773
0.8154353701606348
0.8027499640728413
0.8178791100785037
0.8219710324672155
0.8170167042419307
0.8234514008357281
0.8259257154202446
0.8273129735318885
0.8274743184352302
0.8307324842971746
0.8353854556695828
0.833072254945587
0.8355292413185275
0.8431441046420662
0.8434299816259345
0.8431147622037973
0.8312794396687893
0.8475142796015529
0.8523353731333858
0.8361071564281581
0.849986052715038
0.8543897288835719
0.8464246816576491
0.8447260548375515
0.855643521258943
0.858618428622324
0.865456834038707
0.8505000459775214
0.8651874381094042
0.8677766579902386
0.8710640892761783
0.8620873825513072
0.8729818987191449
0.8640467797020565
0.8799424487735709
0.8754719242154902
0.8750591277086113
0.8874904637075627
0.8853252844175634
0.8856239457708612
0.8933100472975459
0.8873166424918861
0.8959611096401385
0.8881306063503198
0.8945392721196161
0.8936331991898714
0.8878402625385784
0.8937266175038348
0.9016093364712029
0.8967691433994993
