0.5578679115630302
0.5637884636043895
0.5700381338505145
0.5878798844097453
0.598616908952333
0.6042586401871921
0.6069524512393343
0.609134230009605
0.6140108527959632
0.6158522302168334
0.6181589181657356
0.6229538573416402
0.6258488579868455
0.6371374852762908
0.6411578604106556
0.6426076650374442
0.6494239557370182
0.6549105834625333
0.6515807049963036
0.6597342072526147
0.6476760218238266
0.6689020801033345
0.6677333211284671
0.6768864146488908
0.6775750837654302
0.6755083612869268
0.6831356081424257
0.6875962642938372
0.6919689595923575
0.6918485001045678
0.6964734769820671
0.7019696397593862
0.7011499431393077
0.7073338215279856
0.7060847297416701
0.7116292034481291
0.7145033858968954
0.7123841411747057
0.7241913163647551
0.723604672302518
0.710723373526755
0.7138186897186078
0.7299001902560669
0.7314103835442806
0.7306635506117372
0.7346174187597694
0.7421026728021547
0.7264699553696009
0.7454354912426906
0.7378515494141347
0.7407933512719441
0.7328847409294641
0.7448027610967344
0.7578831835376694
0.759606485233701
0.7620062988552216
0.7597802615528276
0.7664988179714114
0.773875928634587
0.771902093452407
0.7629814168197042
0.7777553439197835
0.7824171102054931
0.7817488619915671
0.7815179548203819
0.7850378986525701
0.7722722918386951
0.7854655457259766
0.799055298850772
0.7872969113424527
0.8026583565511846
0.807578840575841
0.8023781054869139
0.8097248629018468
0.8130693617808424
0.8119140313372657
0.8171718972782512
0.820230662438189
0.8259026674625256
0.826811993569561
0.8263886372694663
0.8359900371422051
0.8370523213719286
0.8356292148901912
0.839390316074254
0.8454301357219273
0.8360120472201192
0.8475691656766104
0.8396020736830663
0.8350362141267513
0.8530386303088785
0.8532124066280051
0.8596805090192055
0.8605557473160418
0.8666976714767824
0.866919440889989
0.8716885559672578
0.8645078673712434
0.8728422177767691
0.8634396237341425
0.868355975903017
0.8776558297624565
0.877751577574321
0.882891367790468
0.8789690447721535
0.8794597821049962
0.8873268355133639
0.8865277981721941
0.8867649031270519
0.887150198678696
0.8908768942174996
0.8952374323249698
0.8948366423141443
0.899268296016319
0.9001567244681508
0.9003299445759222
0.9051201956846897
0.8925092950863336
0.9088963940341088
0.9027284073984374
0.9073709446630089
0.9111219545839124
0.9108409883907566
0.9103785383782657
0.9135974924085095
0.9159304017498726
0.9131350423960185
0.9157074404551908
0.9158743038617595
0.9141761111354785
0.91006221303467
0.9203098510434208
0.9214450784194445
0.9215324830609806
0.9191321132281044
0.9249963290050555
0.9263704888875326
0.9286120206491081
0.9242626067687426
0.9316179457302991
0.9284632738409666
0.9284133737365261
0.9290018453503591
0.9323704202351599
0.9212064637480509
0.93152307196485
0.9311389682946815
0.9382966138488363
0.9414870421824335
0.9376153343974452
0.9384851694982592
0.9406037785503288
0.9416321338873834
0.9376086598611824
0.9404334984168635
0.9424235431871102
0.9418369785836379
0.9457121030955227
0.9441180808101997
0.9479505359652619
0.9461285464830598
0.9425808715418752
0.9500690655585665
0.9478446968902382
0.9512154966204597
0.9454377319798644
0.9409568933021346
0.9498065337988981
0.9512063588624811
0.9517543859649122
0.9516229611675481
0.9538916678267646
0.9534548035366143
0.952463317066535
0.9536459813252832
0.9479777108629032
0.9552129876304951
0.9578582493772022
0.9562579498494416
0.9558029689608637
0.9585412769214242
0.9586166038306752
0.9601387159336436
0.9578277372114297
0.9598189738631516
0.9589077407457556
0.9566299757873251
0.9557528304801279
0.9608934152839251
0.9613853444982434
0.9635418553812338
0.9632024869957785
0.9575463737244484
0.9643727556871817
0.9655752846371881
0.9549327365662245
0.9601008935614881
0.9636180563369001
0.9649626575587853
0.9669890149846517