0.5608483137795147
0.5694617583712056
0.5768189293941186
0.5806088075789453
0.5890164348160294
0.5939249330528165
0.5949966027268031
0.5952561556468982
0.5954653265999317
0.5967963932126912
0.5966953173159233
0.5957004684431068
0.597283522881836
0.5971271516063581
0.5972468672711255
0.59685948765751
0.5965354364606964
0.5981280837507393
0.5989540048516431
0.5984864508384309
0.59924600188675
0.6003954282498396
0.6005576488248991
0.5981966375418342
0.599591266543379
0.6011311141558665
0.6012315661273455
0.6024998502579307
0.6017204115910344
0.6020677040048517
0.5991495274389864
0.6004337996550941
0.6030646586255175
0.60131875968644
0.602952040110909
0.6021293166271098
0.6054684087908577
0.6047804531694156
0.6054611556593767
0.6064321393899009
0.605191151990696
0.6079829836856014
0.6053838669142402
0.604208625642331
0.6088308981529316
0.6075281421501464
0.6092376974411577
0.6117327746706298
0.6088467302571321
0.6144822574365655
0.6120955872260032
0.6108230915997195
0.6104686240450823
0.6113884459019341
0.6148052947547848
0.6166220872047897
0.615766373671351
0.6160153978521996
0.6172690197385005
0.6129416299174671
0.6114405436635395
0.6165660119194687
0.6150529151037338
0.6171468863632394
0.6168300103072458
0.6175167960687715
0.6182128627189665
0.6181050016346842
0.6173706415698959
0.6165304481780134
0.6188293788948536
0.6164259406921577
0.6184097891382094
0.6216413321803195
0.6196428994806445
0.6175164061154661
0.621680717464168
0.6226117699762159
0.618448238534125
0.6222183070910358
0.6234954821569847
0.622532297492569
0.6222086362490609
0.6240719111330733
0.622586578992685
0.6204979110981335
0.6197442093493957
0.616552753507084
0.6237774183968114
0.6229792619712545
0.6256865517895425
0.6253689738175991
0.6256648703857606
0.6251132424398973
0.6246545013713878
0.6236893669404451
0.6248477622295595
0.6260941309843794
0.6258288847460249
0.6256811704339276
0.6235598244523807
0.6268304408156951
0.627690989770121
0.625620103746297
0.6270100533081766
0.6226288499309939
0.6263202259108684
0.6254762889672538
0.6250666820152287
0.623938781074599
0.6271389718709522
0.6264964068142624
0.6273649108161192
0.6315874811886525
0.6270714319584516
0.6291701606482833
0.6283539883800154
0.6276206421938211
0.629025253999985
0.6282873843554477
0.6298549186526208
0.6274971049866604
0.631010350296614
0.6299233164623934
0.6307655376114643
0.627274363658598
0.6309854712757275
0.6301551047071419
0.6301147835353603
0.6313270703712854
0.6301710927926647
0.6322374553581456
0.6328790065362413
0.6315108163688047
0.6307088384008546
0.6330222753806568
0.6352048440311564
0.6332671660564677
0.6312409686814462
0.6301583803149076
0.6303351851435901
0.630807730559112
0.6332263769407196
0.6333951487313103
0.6319515415946033
0.6351464290260027
0.6324653440698398
0.6324920948665922
0.6324706474347936
0.6334086411156782
0.6322463462935094
0.6349743036369853
0.6337567914267674
0.634573509629663
0.6349633849444332
0.6349996506018383
0.6359483290032919
0.6369060543214313
0.6343109150737855
0.6295702527396559
0.6350144688274447
0.6350616531774018
0.6351607013169815
0.6354298470883903
0.6339599570988971
0.6351586735597932
0.6360328708799093
0.6344672863492634
0.6356224060306122
0.6360586077980679
0.6355710881756176
0.6357914897838474
0.6318228570038109
0.6371885364958858
0.6356458032289382
0.6360893361185358
0.6332774608237312
0.637614365505417
0.6362348666921228
0.6368807853472394
0.6369890363848272
0.6342810446505893
0.6363704144610909
0.6375745902682629
0.6373902983361159
0.6357428236113295
0.6373572302958155
0.6371095319562055
0.6367789295438606
0.6366910340688166
0.6366584339724825
0.63729078225257
0.6373651853432463
0.6381930562106771
0.6374087041321324
0.6378750102947672
0.6353494387168103
0.638401837210405
0.6372354868738598
0.6385288839973147
0.6377448438814142
0.6414057255128042
0.6390282582002501
0.6387818077112173
0.638223628549823
0.6310829596020854
0.6395179615612108
0.6359647070421199
0.6391260584892522
0.6394849715115714
0.6366376884566334
0.6390392548834632
0.6380398045616426
0.6369780397016138
0.6365140732588117
0.6388489576704126
0.6413109668595843
0.6394742088003413
0.6402517756913715
0.6385316136704526
0.6384747584785206
0.6386788600385835
0.6404359116421963
0.6395476760030847
0.6440921918245821
0.6382679272453199
0.6402364115311376
0.6395999297460124
0.6344179182607956
0.6393802300537325
0.6399196134658052
0.639601333577912
0.6406666080176895
0.6404351317355854
0.6400343377282631
0.6402562991497147
0.638771590934615
0.6362297193084913
0.6391070287679472
0.6378120718312706
0.6373360948266611
0.6365851227510613
0.6366026706498057
0.6390517333892372
0.6402861695729106
0.6398671257508941
0.6404169599115523
0.6369859947490448
0.638754277007854
0.6403675918230847
0.6400566430573338
0.6399627423013858
0.6396658318546304
0.6392352454147732
0.6408448166782716
0.6396471920866308
0.6397195674201188
0.6403347577547673
0.6400706813763293
0.6401645821322771
0.6411524898362571
0.6410785546895472
0.6393076987389221
0.6331614107200347
0.6349395198021408
0.6382394606540234
0.6402175377911548
0.6410798025401246
0.6393016154673575
0.6405649861862941
0.6398939545383077
0.6408177539188746
0.6402346177459326
0.6406744070837982
0.6405140582846048
0.6394490178168105
0.6409654682309722
0.6408342099483639
0.6413428650399686
0.6438255417543282
0.6409016718702036
0.6409376255649644
0.6406499960068781
0.6375608639119117
0.6416583372640625
0.6407371115753115
0.6410949327283755
0.6418433311121593
0.6385787200297488
0.6406960884875802
0.6402629283559069
0.6442062921617514
0.6410515699208115
0.6396212211964891
0.636998005310852
0.642292401338694
0.6395798861461133
0.6383162034645323
0.6422084833873652
0.6415072693535385
0.6395779363795862
0.6392413286863378
0.641553751787546
0.642947678873141
0.6403032495276886
0.6407579350818216
0.6425693461762114
0.6418273430266366
0.6417778969475079
0.6417484944682783
0.6393908367836402
0.6412552815275688
0.6418880197609618
0.6431900738477971
0.640283907843739
0.6424375419589756
0.642488391870004
0.6416460927302721
0.6388601883256091
0.6411646563793866
0.6404163359862637
0.6451429600013976
0.640345286494014
0.6415461866934207
0.642004771780608
0.6411233993196719
0.6411176280107515
0.6432355424032105
0.6399021435577218
0.6424987646279284
0.6422148006309133
0.642667458427858
0.6408088629835109
0.644491659990666
0.642646556930687
0.6435280853729451
0.6422541859147619
0.6419097011647437
0.64181322671698
0.64164952431936
0.642036591970331
0.6413643904624284
0.6412747791928404
0.6428665685856112
0.6447172089825275
0.6424640587837451
0.6422892037215896
0.6419013561640076
0.6388656476718853
0.6422901396095226
0.642644919126804
0.6416666042741377
0.6450292496175338
0.6379101060922561
0.643008199626144
0.6434468970947543
0.6433854404538183
0.6424752114482803
0.6426736196900837
0.6430421255637165
0.644340670070803
0.6418576813937992
0.6429217079829992
0.6430370561707458
0.6414136805602351
0.6426994345989033
0.6416443769357282
0.6431738517902912
0.6422116810044698
0.6417081732964968
0.6427133169365767
0.6430847084646697
0.6459105440878088
0.6423764752713451
0.6424251414438629
0.643144761273706
0.6427665845580988
0.6425935232811482
0.640767293961152
0.6416844641355266
0.6421135687528232
0.6430723079495568
0.6420048497712689
0.6401383772701521
0.6427229877785514
0.6420121029027499
0.6416702698352088
0.6430852543992972
0.6419919813121897
0.6397669077513981
0.6428949571862467
0.6447721144079324
0.642645855014737
0.6440454754185916
0.6400450224488319
0.6401859515734148
0.6426699541290128
0.642963043033375
0.6431021783727531
0.6401360375503196
0.6421152065567062
0.640472645243568
0.6433894959681947
0.6429924455126046
0.6437401419804387
0.6439349626518323
0.6425911055706546
0.6428403637234863
0.6403736750946495
0.6432465390864235
0.6431052200085352
0.643450250693181
0.6439206903608534
0.6429351223767061
0.6429553219579275
0.6422477126898917
0.6415897834729678
0.6415156923449359
0.6427070776836898
0.6422744634866442
0.6433444173660869
0.6407919390100552
0.6439106295655732
0.6425461049592078
0.6427787511012282
0.6424539199978038
0.6409940128129297
0.6412692418559032
0.6464101522627275
0.6426838364666861
0.6417067694645973
0.6432925535764645
0.6429863622410398
0.6431542761343586
0.6420243474365406
0.643389729940178
0.6429133629822632
0.6432675185742558
0.6392963121024036
0.6418202458764777
0.6416308845513603
0.6429631210240361
0.6426956130565101
0.6428430933966243
0.6425198221064217
0.6419816085542653
0.6422662744672303
0.6413682120048216
0.6428469149390175
0.6436081817818807
0.642857209706281
0.643005547943667
0.6433885600802618
0.6448437878254707
0.6423859901319976
0.639794906398728
0.6430957831385439
0.639837177337037
0.6429711540621279
0.6417385116636594
0.6429989187374746
0.6434726340129127
0.6428363861997709
0.6434447133562438
0.6428496446121555
0.6432063738959642
0.6441369584640457
0.6427146427778152
0.6436519345427502
0.6433528403574842
0.6433166526907401
0.6420480565975109
0.6422279810526368
0.6425103852364302
0.6461973157486229
0.6456849171052862
0.6440492969609847
0.6431616852471617
0.6432112093169515
0.6425376039771493
0.6434567239180512
0.642383572421504
0.6415069573908943
0.6455740143852216
0.6436805571153688
0.643093209446728
0.6456480275225923
0.6419997023876374
0.6431889819785419
0.6422856161511796
0.6432045801107592
0.6431636350136889
0.6426754134752888
0.6442686066999594
0.641202091896708
0.6438889481617913
0.6458052566953423
0.6422684582057406
0.6433064359141378
0.643289277968699
