0.5634870668930071
0.5695492855201171
0.570796442498549
0.5759883711370749
0.5896350283307166
0.6000042104609671
0.5994865081617634
0.6116594271836886
0.6121362542048905
0.6141181673553742
0.6187910106965686
0.6216397563403164
0.6265778279891469
0.6323303318688408
0.6331671994026677
0.6391130156873478
0.6438872788912535
0.6513536247843099
0.6455039268695176
0.6558084154206749
0.6592625300782885
0.6647329791731239
0.6592699829015333
0.6702254794047762
0.6742586861118252
0.6866612596562081
0.6785266951676969
0.6868751633666539
0.6963296459017694
0.694665899153928
0.6986143588090297
0.7091499617140019
0.7148864842819957
0.7155894314971063
0.720790503289922
0.7315566827161039
0.7290640590902853
0.7378656128425821
0.7335082467410033
0.7492108074849704
0.7560109324465344
0.7519599772635108
0.7561327899482467
0.7615565244396514
0.7730465497193204
0.7764153794923814
0.7782573793322609
0.7829810094380402
0.782342294802647
0.7905110500782087
0.7945133698270684
0.8005733602905281
0.8013092689610197
0.806004470771948
0.8040882500325389
0.8163883280490001
0.8100508927944414
0.8180065126918507
0.8255297920078382
0.8183164579389547
0.8326264932346036
0.8270330341396162
0.8363512913591353
0.8240524426743434
0.846606760309982
0.8487374994256716
0.8527875326099432
0.8490188627114661
0.8602465025129844
0.8566719133517866
0.8616560849382131
0.8652295984342002
0.872922909686688
0.87375347689571
0.8691640744415647
0.8636290086008654
0.8799365541925512
0.8833494862392455
0.8853883328126602
0.8904152236745922
0.8921204603662701
0.8957506767855005
0.8977435002545485
0.8961451385848641
0.8992830845037979
0.9001957864349703
0.908198274602269
0.8983852882191148
0.9088327634100493
0.9110386454240202
0.9102004717252948
0.9188104802368801
0.9191281088069168
0.9199357028803703
0.920323633855241
0.9139384851652707
0.9265934558679919
0.9259482872413352
0.9254567082401026
0.9328542883929116
0.9347126537106377
0.9283205900300279
0.930380181575361
0.9372960942135204
0.9387511619105106
0.939288379849963
0.941216740239606
0.9440466617421689
0.940488975891423
0.9402341969029754
0.9461085582843816
0.9427099940515714
0.9461495872288421
0.9533708351203463
0.9517687086224247
0.9538999087374902
0.9507701839740942
0.9539656779817938
0.9557432915754976
0.9558188954731551
0.9564954888906065
0.959451109556348
0.95906970940597
0.9598481836855085
0.9608604614818888
0.9610497017257206
0.9587503136716589
0.96496873425399
0.9638790085624487
0.9594635565394989
0.9625665433390893
0.9681142866626272
0.9663951431564413
0.9681775972435924
0.9657555833555254
0.9680352252696501
0.967638765806324
0.9705373762159051
0.971479812606827
0.9702721479082691
0.9707684905697199
0.9608812832870361
0.968441058386954
0.9732434425527933
0.9664501557486392
0.9753065684266752
0.9750576287636564
0.9665907605583072
0.9740863030785076
0.9732270002417173
0.9752497118369734
0.9743249470887966
0.9773928979358137
0.9768779616328659
0.9780575053694903
0.9768942502774832
0.977324516361713
0.9754792895262017
0.9719153033506511
0.9793423106302921
0.9799105691943928
0.9813893015260156
0.980112333254605
0.9782423661192504
0.9803423719432092
0.9818931738439403
0.9822845623141307
0.9814907213887268
0.9835469322719694
0.9784436691800864
0.983611779517521
0.9843186452273273
0.9843627475009608
0.9834978358384296
0.9831518558067712
0.9839443137340473
0.9855003402943727
0.9847632022922118
0.9849863259901768
0.9839964066635307
0.9854416397071671
0.9866585243932441
0.9816072005643861
0.9868559857926138
0.9869065420575108
0.9868112688531457
0.9875614685042923
0.9879184356877443
0.9868441534752975
0.9879533179738584
0.9846064625043852
0.9891420816980021
0.9879324193354818
0.9897360025606979
0.9894549466078205
0.9903538953909437
0.9871799146874554
0.9893805720418323
0.990594998064571
0.990951965248023
0.9839487700613482
0.9882514309036463
0.9868665887782611
0.9901784082951613
0.9896986616112451
0.9908092091079339
0.9905481297946815
0.9912288722065168
0.9919776888595352
0.9916110406891879
0.9902881261466399
0.9918181830754529
0.9912419338555022
0.9918871793153884
0.9908022941172946
0.9915867613887207
0.9927859744320526
0.9929109052629379
0.9893006654833324
0.9906870442733043
0.9918731956676506
0.9920058098214688
0.9911299110071438
0.9923762996532823
0.9931269603038048
0.9927698394538939
0.9924485228888495
0.992575605050156
0.9933377906850775
0.9935991773312469
0.9930873143574721
0.9923492543565594
0.994392096257899
0.9943361616669492
0.9917210658735838
0.9933872712847636
0.9897304705681864
0.993198722539996
0.9943014330472935
0.9942713144213974
0.9935650633774259
0.9945534460394851
0.99437258061765
0.9937262594925534
0.9947035781695897
0.9940174574317018
0.9944366595309085
0.9937016728591688
0.9937915677374812
0.9951564332232415
0.9950417980450861
0.9947951633789472
0.9947118761583569
0.9944060799056365
0.9957675647293065
0.9950640796815909
0.9959539621436533
0.9954102902129371
0.9927315765056894
0.9956965708254086
0.9956950341608222
0.9942659360953445
0.9961889181589344
0.9960922619564414
0.9960506183461463
0.9960045184085503
0.9958749775839053
0.9948498686382279
0.994913640218569
0.9957153181333643
0.9955344527115293
0.9959627211317965
0.996573545304944
0.9965039343991742
0.9965557199957403
0.995964257796383
0.9964639811199242
0.9965277527002655
0.9967737727005698
0.9962668270534718
0.9886612593488753
0.9956776698509942
0.9962889550235179
0.9972848673420514
0.9955690276647261
0.9971627025074217
0.9860182730932645
0.9971665441688881
0.9973202106275415
0.9974045735133423
0.997224630090259
0.996710154786687
0.9973446435944674
0.996330137634437
0.9975454856559275
0.9932179308473277
0.9972974679916609
0.9974451414584269
0.9977835150003818
0.9974457561242613
0.9979511651067728
0.9975262773485959
0.9979199708156661
0.9972716520266072
0.9975745286166131
0.9960145067283627
0.9980996069058321
0.9979287298038094
0.998030456999438
0.9963853038930937
0.9976167868927428
0.9980020287045872
0.9980558119651157
0.990503566521672
0.9979938843822785
0.997888622858101
0.9973521732509415
0.9980825499289216
0.9980346059938218
0.998350697899272
0.9985904175747713
0.9978820152003788
0.9984725554009841
0.9981326451944426
0.9984974493672861
0.9984259944640121
0.9984793167251649
0.9985619892799205
0.990066846446179
0.9972439920640493
0.9981470898415559
0.9983476245700987
0.9986354418471568
0.9985549206228225
0.998411857149816
0.9987407033713346
0.9986607968128348
0.9981254228708859
0.9988790031841227
0.9988178439335785
0.9986449691675935
0.9988410475688353
0.9985072840206398
0.9985885735772676
0.9988140022721123
0.9990778475816203
0.9991765014480759
0.9981344891919465
0.998334255588196
0.9982282257317251
0.9990349746396561
0.99906647626368
0.9989724323909841
0.9989564510792841
0.9990945972256136
0.9984705577370216
0.9988802325157918
0.9991273281813068
0.9988199952639997
0.9957241539547369
0.9985483129651004
0.9987912596362316
0.9990448092930099
0.9993080399366833
0.9991536051457365
0.9992580983376208
0.9993081936031419
0.9988846888430929
0.9990549512792809
0.9989980946895791
0.9992037004112576
0.9991594444711653
0.9992925196243593
0.9976745654811965
0.9994806073697512
0.998318735275872
0.999307732603766
0.9990254473192195
0.9993515275444822
0.9987256440583865
0.9993605938655428
0.9993716578505658
0.9992161473944084
0.9990011680187523
0.9990627882686723
0.9991946340901969
0.9986163872062839
0.9994209847837936
0.9989496897551033
0.9988290615850602
0.9991290185123519
0.9992401193619584
0.9993950151522811
0.999561435927003
0.9995162579881588
0.9994929006864435
0.999388407494559
0.9995496036096865
0.9995110333285645
0.9993536788749033
0.9983322579242335
0.9977523207092752
0.9994652407238858
0.9994644723915925
0.9994245191123426
0.999232743371943
0.9996012355397942
0.9993745775132802
0.9965675523130566
0.9991225645210885
0.9993971664827024
0.999389790492687
0.9993321655706918
0.9986657141395117
0.9993856414983033
0.9995818735660038
0.9994312804365233
0.9995154896558655
0.9995328539656934
0.9996147581881557
0.9995125699931511
0.9993673551897235
0.9993095766012698
0.9996166021856595
0.999559130930123
0.999536080961325
0.9994308194371474
0.999626590505472
0.9995646629226346
0.9991872581001816
0.999618599849622
0.9996126068577346
0.9990741595866126
0.9993679698555581
0.9995164116546175
0.9993850268324687
0.9995857152274702
0.9994975106802031
0.9996076895310576
0.9983067492920971
0.9995137993248203
0.9995390006240394
0.9996837544280911
0.9996759174386998
0.9991910997616479
0.999553445271153
0.9994180651210792
0.9996765321045343
0.9996485648090595
0.9996358104929911
0.9995961645466586
0.9993346242340303
0.9994739997120291
0.9980583474616836
0.9993750385126562
0.9996548651338641
0.9997361546904918
0.9997241687067169
0.9985954885679069
0.9997057287316786
0.9997235540408824
0.9997209417110853
0.9996906694187305
0.9996413424855026
0.9997495236723948
0.9996201365142086
0.9996520991376084
0.9997115680571074
0.9997837912926744
0.999705114065844
0.9993544472071966
0.9996792981007903
0.9996639314549247
0.999697123409994
0.9995655849213866
0.9994941300181126
0.9993917881566494
0.9995522159394837
0.9997014260708362
0.9997260127042208
0.9982899996481038
0.999537002960077
0.99972724203589
0.9997238613737995
0.9997444526792592
0.9997306226979804
0.9998438748780081
0.9997784129666216
0.9996765321045343
0.9997671953151399
0.9997183293812881
0.9997466040096803
0.9995542136034461
0.9994335854334033
0.9996978917422872
0.9994666237220137
0.9997003504056257
0.9996814494312113
0.9991393141650817
0.9995827955647557
