0.6794383068804466
0.7323716596175192
0.7603989004751264
0.7709288218061847
0.7890429983567893
0.8015704067795999
0.8106315088211413
0.8211073137067583
0.8262346034078016
0.8326741763267103
0.8354241264886393
0.8445621126486278
0.8485322120333111
0.8577772720026475
0.8607285695621207
0.869808598398641
0.8720802634677393
0.8751830305813989
0.8816913902816454
0.8803013723028623
0.8886328877125867
0.8954745060811861
0.898192839615703
0.900381594641064
0.9035097300560468
0.9104380701258681
0.9134900519359761
0.9149709636601608
0.9178285671722051
0.9190700717417248
0.9250206307584702
0.9255605906771709
0.9279867301462831
0.9318629796406417
0.9357190101426809
0.9366741680021021
0.9369988179738454
0.9397643816458614
0.9437551139805553
0.9435686219823463
0.9463153481443758
0.9470868045674345
0.9435424760899093
0.951772729331595
0.9497344341283266
0.9524091706128441
0.9526459446719215
0.9579416453485761
0.9554453359924288
0.9606115101192476
0.9614898179508555
0.9626437436832289
0.9633267332893095
0.9636944803150959
0.965213622249568
0.963435589551774
0.9671088065972818
0.969205365939719
0.9695238244030956
0.9720597486985909
0.9716402326109758
0.9733301101775829
0.9719162060283466
0.9744620977756963
0.9755008409980684
0.9760099488935625
0.9751181151973216
0.9764777194610416
0.9780446191261486
0.9774935570245114
0.9796088321246728
0.9799159546407694
0.980944918721453
0.9813058362570192
0.9821666783207932
0.9829751295745202
0.9820402540185948
0.9837659900614246
0.982848586766787
0.9814719112125622
0.9844326307737558
0.9846421940139437
0.9857829964758307
0.9852044995311416
0.9866299149509151
0.9869163558160964
0.9872962894316333
0.9874713561975705
0.9889358443532846
0.9877710193584116
0.9879339855728635
0.9878551306911346
0.989305924152412
0.9888216926791025
0.9893657726943512
0.9893164516646717
0.9899878634423123
0.9901736720044902
0.99091869357641
0.9895632662269604
0.9913945533641805
0.9908690446273046
0.9910809860950119
0.9921848261934999
0.9928022335377801
0.992454418168975
0.9927658003908808
0.9928478922594167
0.9919425862695377
0.9928984324350804
0.9930350465899316
0.992511799198403
0.9933459401794253
0.9941146044172741
0.9936378144422217
0.9937329857504302
0.994281697221728
0.9932350433490488
0.9945182992042749
0.9947875307930546
0.9941176514705525
0.9941930875487629
0.9948268226830673
0.9947950031352182
0.9952074608383605
0.995266554516275
0.9951588281148025
0.9955023967647068
0.9954951922775197
0.9954881696070437
0.9955617566742341
0.9959334127593145
0.9958980412921401
0.995676080424947
0.9957017393083356
0.9963203690453271
0.9959904074282309
0.9962662996774269
0.9962095241625822
0.996370029357977
0.9959149047921173
0.9964781404965976
0.9964892589131691
0.9964430141573108
0.9965682501574313
0.9966564685997944
0.997151237325545
0.9966965673014639
0.9964860901076285
0.9969361952335638
0.9967122847068143
0.9968244867214402
0.9968271279338452
0.9970498176912473
0.9968958952348212
0.9967298040456435
0.9972783044796869
0.9971516658935073
0.9977852516783703
0.9975208982968907
0.9968380629103418
0.9976563663571149
0.9975284858978624
0.9973216352980729
0.997439228502863
0.9974171523827058
0.997573516377827
0.9976554621436488
0.9975612859572619
0.9974818758852181
0.9978479086391544
0.9974593939241875
0.9978344136184275
0.9978705464430805
0.9976916972402019
0.9977904464415517
0.9978831404970683
0.997795063287329
0.9980153926742105
0.9979683200029704
0.9979959804935473
0.9978940170324792
0.9980347269334261
0.9979822728122029
0.9981596301440303
0.9978974455761788
0.998123237581218
0.9981472568674775
0.998156797374733
0.9984058115945562
0.9983418121121626
0.9984974699441636
0.9984434768743478
0.9982931907521488
0.9983731592612347
0.9985315573308139
0.9984313373621385
0.9982673614155932
0.9981647518558542
0.9984577787067312
