0.6557749500427752
0.7135102846807896
0.7480601141357917
0.7700682160151991
0.7857464775990056
0.7987045801926547
0.8099517926668031
0.8147980283760211
0.8274917386066578
0.8333350494969359
0.8445486906366114
0.8490752497067642
0.855674414599731
0.8592048091467352
0.8661546864559179
0.8710445226406619
0.873519833692835
0.8788521226463759
0.882286229503253
0.8879309733206993
0.8938296339591676
0.8951327596386891
0.9008501180085677
0.9018575774674268
0.9082521597869337
0.9091642898296772
0.9139050459574725
0.9142955396411968
0.9188772877552025
0.9233833599983493
0.9204809722096569
0.9310311643406202
0.9318329162956579
0.9330775733724421
0.9349579272076807
0.9372506166284944
0.9375689481127358
0.9411458873974468
0.9420242179452383
0.9438256699188464
0.9473036351717912
0.9494938845055624
0.9492657815627286
0.9530809005474263
0.9541649505030642
0.9560895079510952
0.9560607359226968
0.9583522051809491
0.9594879503491053
0.9598377759154594
0.961979964732342
0.964805331495352
0.9649868678764331
0.967041079996635
0.9656887192697594
0.9662944020132088
0.96962636241566
0.9712339871023856
0.9732368710508398
0.9731406647048834
0.9714244891982877
0.9751414396569102
0.9741690811997354
0.9767114158806042
0.9778380385976105
0.9777435484152569
0.9772782042064061
0.978076382969943
0.980389948082579
0.9793651563633363
0.9804857854037607
0.9796852813873427
0.9823610740763666
0.9835083344046955
0.9836458318453303
0.9832863818747729
0.9846873447516742
0.9848982920104945
0.9841135132110871
0.9855861442704339
0.9849030258444319
0.9853587932651788
0.9858814950344343
0.9879132184674281
0.9874261871090521
0.9882728390623439
0.9886563430993954
0.9883454972628679
0.9893013249973414
0.98862707705396
0.9900184274306828
0.989284300257603
0.9898157653732547
0.9903231962624536
0.9900130845074668
0.9905723415534594
0.9905520928069532
0.9913104446708854
0.9907238063834143
0.9920572873266577
0.9921138750934466
0.9924381308141241
0.9920524681805412
0.9925434596112304
0.9924972700102692
0.9929113217594466
0.9934709081501305
0.993506425792689
0.9927763717801594
0.9936184942519432
0.9937523887410146
0.9940190369167623
0.9939535866033691
0.9946033241592981
0.9945133376663985
0.9952470065345163
0.994125996565292
0.9949597802675707
0.9952012573824797
0.9952097290802632
0.9954711930531285
0.9955390559155862
0.9958760767190602
0.9957250959861215
0.9957712776510659
0.9958552288032964
0.9957627047690699
0.9959009858913497
0.9965821838013202
0.9965432020874897
0.9966213063794462
0.996326905953441
0.9965261813157599
0.9968482129677685
0.9969517343370807
0.9966546971695402
0.9966487947571501
0.9966641350773526
0.9971521862138693
0.9970057528184763
0.9973474340477335
0.9974157988632448
0.9971289594771117
0.9975447710379834
0.9974599687479665
0.9976274048114483
0.9976182863283066
0.9975210225081304
0.9969774509990652
0.9973462634852762
0.9975239647863069
0.9978373699882069
0.997981517810802
0.9980527356243026
0.9978511965132318
0.9979897752361362
0.9982313813113155
0.9979706970520872
0.9981402560000253
0.9982188523250148
0.9981468250378152
0.9983489752221689
0.9979583406741488
0.9981208405352686
0.998349219254681
0.9982056547293103
0.9981091388787042
0.9983479574280322
0.9981838624275639
0.9982351747272789
0.998325746501407
0.9986231685657555
0.9984421996098652
0.9984430805077146
0.9986261207639526
0.9985735982216973
0.9983952421992923
0.9986469805837417
0.9987025049242984
0.9986062807223044
0.9986315489993476
0.9988782400772017
0.9986290074900126
0.9986842997020818
0.9988206563403218
0.9988240569234603
0.9986576545261484
0.9988010424751484
0.9988400837091037
0.9986591048331928
0.9988456885208692
0.998721158531456
0.9989918342356584
0.9986504605270468
0.9988404447978617
0.9989206541182373
0.9988923979309217
0.9989136664555686
0.9988985999279409
0.9990168386401478
