0.5660891912320484
0.6086067019400353
0.6252597631645251
0.6926091206853111
0.7206538674729152
0.7539865961199296
0.7666892416225749
0.7982331065759638
0.8116103804484756
0.8254383471907281
0.839200604686319
0.8460956412194507
0.8612990677752582
0.8685992441421013
0.8728195515243135
0.8908557319223985
0.8981925925925927
0.9029750566893423
0.9075555555555557
0.9145249685059208
0.9229549004787101
0.9206200050390527
0.9261315192743764
0.9348885865457295
0.9410821869488536
0.9427172587553538
0.93907059712774
0.937210582010582
0.9520636936255984
0.9577759637188208
0.9633991433610479
0.9598274628369866
0.9643767195767196
0.9682942806752329
0.9652861678004535
0.9690223230032754
0.9721227513227514
0.97454310909549
0.9709565129755606
0.9779507180650039
0.9771033509700175
0.9800602670697908
0.9807367094986142
0.9802066011589822
0.983210682791635
0.9825173091458805
0.9842047871000252
0.9855044595616024
0.9837593348450491
0.9875849836230788
0.9884480725623582
0.9880122952884858
0.9888556311413452
0.9871556563366086
0.9896106827916351
0.9874515495086924
0.9904423280423281
0.9909667926429832
0.9873995464852606
0.9919693625598387
0.9915795414462082
0.9922321995464853
0.9924559334845048
0.9919794406651549
0.9940889896699421
0.9934331065759637
0.9946920634920635
0.9943236079617033
0.9944078609221467
0.9939237087427564
0.9943248173343411
0.9962598135550517
0.9954068027210885
0.996059057697153
0.9960562358276644
0.9955474930713026
0.996075988914084
0.9971833711262283
0.9969213403880071
0.9972244897959184
0.9969044091710758
0.9962380448475686
0.9970047871000253
0.9973228521038044
0.9968346686822878
0.9980444444444444
0.9975413454270597
0.9970991181657849
0.997837641723356
0.9979706727135299
0.9976215671453766
0.9973700176366842
0.998138775510204
0.9988414210128496
0.9991062736205593
0.9984907029478458
0.9985701184177375
0.9967234063995969
0.998762005542958
0.9981976316452507
0.9990659611992945
0.998793852355757
0.9980363819601914
0.9988926177878559
0.9992199546485261
0.9990530612244897
0.9987668430335097
0.9991195767195769
0.9993223481985387
0.9993348450491308
0.999184479717813
0.9997363567649282
0.999609372637944
0.9991792391030486
0.9992937263794407
0.999588813303099
0.9989458301839255
0.9994973041068279
0.999297757621567
0.9995251196775006
0.9995807508188461
0.9995440665154951
0.9996029226505416
0.999647266313933
0.9994489292013101
0.9996533131771227
0.9997536911060719
0.9994013605442177
0.9993179138321996
0.9995198790627362
0.9987946586041824
0.9997178130511464
0.9998774502393549
0.999790375409423
0.9997762660619803
0.9995263290501386
0.9998149659863945
0.9996432350718065
0.9998814814814815
0.9999024439405392
0.9998947845804989
0.9998585034013605
0.9996287226001511
0.9982766439909297
0.9999189720332577
0.9998617283950617
0.9998181909800958
0.999914134542706
0.9998891408415218
0.999933484504913
0.9999322751322751
0.9999423532375914
0.9996468631897204
0.9999149407911313
0.9997633660871756
0.9998460065507685
0.9998403628117913
0.9999536407155455
0.9999475938523559
0.9999439657344419
0.9999375157470395
0.9998980095742
0.9995360040312421
0.999991937515747
0.9996899974804736
0.99922358276644
0.9999778281683044
0.999963315696649
0.9999363063744017
0.9997073318216175
0.9998976064499874
0.9998310909549005
0.9999721844293272
0.9997420005039053
0.9998826908541194
0.999948400100781
0.9997230536659109
0.9998927689594356
0.9998710002519525
0.9999544469639707
0.9999371126228269
0.999914134542706
0.9999443688586546
0.9999524313429076
0.9997351473922902
0.999987503149408
0.9999665406903502
0.9999842781557067
0.9999689594356261
0.9999850844041321
0.9999145376669186
0.9999826656588561
0.9999600907029478
0.9999471907281432
0.9994618291761148
0.9999205845301083
0.9999254220206601
0.9996484756865709
0.9999959687578736
0.9998951877047115
