0.5598587386715375
0.5966351365076616
0.6188708084896659
0.6372527635371277
0.6607646826698458
0.6952308483838365
0.7150414010246608
0.7576262635512805
0.7895232846422429
0.8099041107978999
0.8418252748551838
0.8605685418813864
0.8767193538343193
0.8835476507228738
0.9017281368789639
0.9157527027634539
0.93074798239728
0.94355873983706
0.9404301444082392
0.9473300376796776
0.9557284598952029
0.9596845763075914
0.9626283531666414
0.9710467557680876
0.9700693818901113
0.9705988621170217
0.9762849469437501
0.9802060976807767
0.9831748500222282
0.9868928668357229
0.9856057969759686
0.9899615211067803
0.9908206777013898
0.9919445744094547
0.9918579927371297
0.9926488830131752
0.9931667080149653
0.9934264530319403
0.9934913892861841
0.9942323285974268
0.9956859016731908
0.9962636678327441
0.9966782608406082
0.9971577901027159
0.9970162623691077
0.9978920692853183
0.9976839402653062
0.9975857033678606
0.9977588667125106
0.9979753208933231
0.9988328124557725
0.9983532831936649
0.9985231164739947
0.9973925596372893
0.9987212553010462
0.9990592568295457
0.9990559267652255
0.9993040165570798
0.9992474054636366
0.9993489724254024
0.9994089135831659
0.999290696299799
0.9994755148695696
0.9995321259630129
0.9988178271663317
0.9991841342415528
0.9997335948543846
0.9996986291790225
0.9996919690503823
0.999671988664461
0.9997852108513475
0.9998135163980693
0.9997718905940668
0.999705289307663
0.9996636635036605
0.999878452652313
0.999688638986062
0.9998601372985519
0.9998967680060741
0.9998418219447909
0.9996353579569389
0.9998751225879927
0.9997652304654264
0.9998584722663919
0.9997968660764682
0.9999067581990345
0.9998801176844732
0.9998801176844732
0.9999633692924779
0.9999200784563155
0.999950049035197
0.9999567091638375
0.9999417238743966
0.999911753295515
0.9999683643889582
0.9999583741959976
0.9999716944532784
0.9999683643889582
0.9999800196140788
0.999965034324638
0.9999883447748793
0.9999317336814361
0.9999167483919952
0.9999267385849558
0.9999950049035198
1.0
0.9998901078774336
0.9997652304654264
0.9999750245175986
0.9998817827166332
0.9999750245175986
0.9999950049035198
1.0
0.9999883447748793
0.9999966699356798
0.9999966699356798
0.9999883447748793
1.0
0.9999950049035198
0.9999333987135961
1.0
1.0
1.0
0.9998867778131135
0.9999966699356798
0.9999916748391995
1.0
0.9999933398713595
1.0
1.0
1.0
0.99999833496784
0.9999883447748793
1.0
0.9998884428452736
0.9999916748391995
1.0
0.99999833496784
0.9999950049035198
1.0
0.9999716944532784
0.99999833496784
0.9999333987135961
0.9999966699356798
0.9999933398713596
1.0
0.9999184134241552
1.0
1.0
0.9999966699356798
1.0
1.0
1.0
0.9999750245175986
0.9999400588422365
0.99999833496784
1.0
1.0
0.9999900098070394
1.0
0.9999916748391996
0.9999966699356798
0.9999850147105591
0.9999916748391995
1.0
1.0
1.0
1.0
0.9999450539387168
1.0
1.0
1.0
0.99999833496784
0.999930068649276
0.9999916748391996
1.0
0.9999816846462389
0.99999833496784
0.99999833496784
0.9999950049035198
0.9999900098070394
1.0
1.0
0.9999567091638375
0.9999067581990346
0.9999983349678399
1.0
1.0
1.0
0.99999833496784
1.0
1.0
1.0
1.0
1.0
1.0
1.0
0.9998817827166332
0.9999950049035198
0.9999850147105591
