0.6569031702400423
0.7201850676371191
0.7464984479888064
0.778276733425846
0.7909423774321375
0.8072189408262358
0.8131097156859585
0.817104207482531
0.8309072538950517
0.8410221867016582
0.848564521100346
0.8486698189576927
0.8559714825667928
0.8621131973817064
0.8705380452566065
0.8767217644683586
0.8812643031700362
0.8826968929704104
0.8883167052908346
0.8932490419875572
0.9005166723916631
0.9018706946828385
0.9014319953179197
0.9069966959409808
0.9082024180531114
0.9172237716980831
0.92026187306126
0.9236126789093879
0.9245198170207417
0.9246771809209877
0.9280867666795709
0.9318737480887678
0.9357683070185226
0.9380256435683032
0.9429610991616816
0.9420163237191583
0.9445159515420141
0.9477170137295721
0.9468832673458826
0.9494858157066184
0.9488696047352687
0.9538375249300398
0.9512995578716797
0.9542547521258103
0.9560145880379107
0.9578194892601039
0.9620109598272624
0.9646977245012177
0.9634866923302016
0.9650203899242157
0.96681954773789
0.9682525556291077
0.9699537916844735
0.9712109450738434
0.9700425795311475
0.9722809585603553
0.9728120651569128
0.9737615036856293
0.9738162064474235
0.9715350997547356
0.9755692766120819
0.9756902940747841
0.9742185685300726
0.9786061908414044
0.979136970899858
0.9798703724294029
0.980687736976255
0.9797242603608296
0.9815465993281214
0.9798225696924017
0.9831198446538001
0.9831492758077605
0.9839822470449231
0.9841485159749552
0.9842770010894349
0.984266237539039
0.9841448050372512
0.9852336875433543
0.986899782605579
0.9871751274693369
0.9876246270057473
0.9878644524583744
0.9865544517760626
0.9884632653574791
0.9883689873981987
0.9888533166484365
0.9886255944679588
0.9886172967380108
0.989489647860149
0.9889134790052571
0.9891887262127598
0.9909627100748559
0.9901774439184388
0.9905904963092924
0.9902276789065497
0.9912608302084197
0.9907817988100353
0.9916472682179287
0.9921893031598129
0.9922145717158883
0.9927802730409085
0.9925136958778273
0.9926390224227979
0.9934849636313762
0.9928719051260201
0.9937059719442978
0.9931346065564665
0.9934961544278894
0.9924749080338999
0.9943224301080437
0.9940556881500316
0.9942496273696694
0.9937747127928003
0.9945155331459947
0.9944861630271938
0.9940548824859248
0.9945403042655198
0.9946811703621248
0.9949281491354574
0.9953498868295225
0.9946997494647078
0.9949380368313131
0.9947942868234165
0.9958722348806769
0.9948665646594183
0.9957010343097492
0.9960839597458229
0.99580724769449
0.9955930356465902
0.9963995420385491
0.9957949643686198
0.9961851011088007
0.9959249326374782
0.9959022336616217
0.9960649442418487
0.9964319822258779
0.9964286741202274
0.9962232175659728
0.996560558893097
0.9968775968743798
0.9967993589550428
0.9967385648843204
0.9970306028642298
0.9968631712144076
0.9969455076447117
0.9972742735319119
0.9973032560774492
0.9972009458911653
0.9967797269959567
0.9975036589204891
0.9973047178695218
0.9973648771745844
0.9974878477623939
0.9970663542089672
0.997355563209229
0.9973598265151272
0.9972324400335202
0.9973084043931618
0.9975081602635099
0.9974945738369823
0.9971222441046154
0.9973404600589852
0.9977781950683823
0.9978531431926166
0.9977830595706026
0.9978246031519864
0.9979716185409215
0.997868157841879
0.9978896239075111
0.9979813444936041
0.9981617094937464
0.9976460386890523
0.9980800291914078
0.998226592920162
0.9981515562949462
0.9981275755807385
0.9983736327231609
0.9980715758218028
0.9980053953982455
0.9982931731240147
0.9982507719986385
0.9981578001917737
0.998113940326083
0.9984872008446338
0.9984642607798973
0.9986197447972273
0.9985912230671448
0.9984563872443083
0.998410204990795
0.9984291258902719
0.9983852141446957
0.9985394591482857
0.9984186888779797
0.9983172637015097
0.9986974120378217
0.9986523894523407
0.9986888549084454
0.9987634764945758
0.9987218749297906
0.998717028738118
