0.6390533797072866
0.686921681398764
0.7156235886973759
0.7459887616739904
0.7630662615173246
0.7734608932388076
0.7881364564122448
0.7910486405875985
0.8051916190631956
0.8195695487710948
0.8277112986495241
0.8308610769014019
0.8401583409719203
0.8560246602286452
0.8629753127556138
0.8646082214391715
0.8730592872657068
0.8806869642605556
0.886054934048894
0.8902712031185627
0.894366040242216
0.8971211656616027
0.9042722537166007
0.9092983640651408
0.9134256851569678
0.9135711368268231
0.9189988047360022
0.9218263782138969
0.9224740218730358
0.9261391983988395
0.9320714313015741
0.9322932516456903
0.9421506161525434
0.9418338438916838
0.947193639116812
0.9420503626744174
0.9475631928656603
0.9538299042918966
0.9561032423841483
0.9543006877045743
0.9576751950165069
0.9564764270676264
0.9615612633195383
0.9618940434386449
0.9640803184644748
0.9664999018734957
0.9657794847606144
0.9678125899003542
0.9689275527033931
0.9704825133553316
0.9703846130403045
0.9707506191874491
0.9713741677262911
0.9740466467243304
0.9747971351187681
0.974272332128916
0.9776983312526027
0.9777597238096043
0.9793517398359386
0.9781332061106747
0.9792501728721706
0.9802125610243048
0.9812980755586146
0.9831752171751286
0.9830561582333852
0.9835533899294586
0.984118791927176
0.9842878982432913
0.9847383642949809
0.9852207547937704
0.9852980877490313
0.9861592581420395
0.9875189221297139
0.9879945666297377
0.9867698345220788
0.9876707864666312
0.9888930225547468
0.9891738426104203
0.9886559364122474
0.9891890925358651
0.990065302537886
0.9900311717523668
0.9900755207418988
0.9909294332338818
0.9913824032415841
0.9910724325347744
0.9915301683921927
0.9928521658973477
0.9927627893501726
0.9932692670327897
0.9928078129395812
0.9929239790383247
0.993106787668403
0.9935464005985496
0.9940952391851797
0.9930460300289327
0.9941581753854282
0.993883252126323
0.9939671802874361
0.9947416526916026
0.9950769605761292
0.9944333565797804
0.9954646491569534
0.9956840369732796
0.9950355996672271
0.9954089192706805
0.9954623396444348
0.9958393854201474
0.9958537345563453
0.9961771218642296
0.9962505500766757
0.9966144094089191
0.9967113136970696
0.9963083355084551
0.9961346379449446
0.9962856133973187
0.9967197938143413
0.9964601323853844
0.9969101500265681
0.9971068514458692
0.997154148833685
0.996503310745719
0.9972358031963907
0.9976529797282896
0.9970277684991634
0.9978167963877257
0.9975397818690029
0.9978278876033432
0.9978214193809973
0.9978819627358013
0.9977935187237497
0.9982631870625142
0.9980367715027678
0.9978790381469247
0.9981966596099816
0.9982067309893152
0.998220032511587
0.9983389684380589
0.998262921190798
0.9982005802257349
0.9984309679882836
0.9980083192609154
0.998352242182689
0.9982503895060322
0.9984979755971987
0.9984668051146671
0.9987486926254392
0.998791013847107
0.9987456251801181
0.9986862207086352
0.998657093866906
0.9984675154286549
0.9985552769043605
0.9988723626557507
0.9989422512029625
0.9989608384136788
0.9987848234011808
0.9990108699151122
0.9990734489742493
0.9990458856169403
0.9990189571771617
0.9990093778589147
0.998856259559874
0.9990091953201246
0.9988734896343681
0.9991339050278929
0.9988545373460713
0.9990001001264945
0.9993208763360332
0.9990672505918541
0.9991597183937577
0.9991379962777327
0.999128932829979
0.9992040594468204
0.9991289407664484
0.9989827787826052
0.9989545924124686
0.9992338053331422
0.9992326862909938
0.9992628290007726
0.9993792570029975
0.9992068610204254
0.9993427809908485
0.9994497804677401
0.9991359327957571
0.9993826776211951
0.9993626618460342
0.9992910590214892
0.9992117736948206
0.9992935748822053
0.9993338603995395
0.9994733597175428
0.9994252647145792
0.9991250836424482
0.999176369106005
0.9995299626154208
0.9992637972500071
0.9994279234317395
0.9994140504836898
0.9994716930590244
