0.6280687138774788
0.6634085502241104
0.6869946635228499
0.7210894422181523
0.7451657516580348
0.7664139117189732
0.7846753726459398
0.8034641067462593
0.8129620156776909
0.8239983540335006
0.8306738243053788
0.8406364656817534
0.8434437035932089
0.8497188442624064
0.8561862855002055
0.8636558815875262
0.8641734017618952
0.8754763173517341
0.8811676089247054
0.8806437241589058
0.8904982900819723
0.8898870903001268
0.8946604308169551
0.8966470948550562
0.9009750685556404
0.9055438412958174
0.9099627547378857
0.9172857217971202
0.9142742981266453
0.9220805068292955
0.9216743776659144
0.9252024099989204
0.9295918867614167
0.9328204581380032
0.9355786467623469
0.938612028450939
0.9386638033894339
0.9424190580330768
0.9450306140756815
0.9446477968719786
0.944570568898241
0.9502111143150842
0.9491439329573057
0.9516799188050131
0.9521810051139048
0.9508460649326775
0.9542486639972767
0.9570940965646187
0.9579311966984122
0.9588813012013789
0.9586670319537032
0.9636579821514538
0.9637612637276881
0.9644585560691579
0.9636916796602412
0.9670201992871204
0.9656841859028713
0.9692696736877172
0.9697898413331167
0.9701904481206836
0.9714959729442533
0.9725215392557196
0.9732859334384417
0.9711501083949269
0.9749049419307613
0.9736604066663334
0.9745250529366273
0.9774071201064573
0.9744570253689275
0.977632034319867
0.9767857533251243
0.9798766348862112
0.9793707298246788
0.9795207863504951
0.9819691160315266
0.9809410443951253
0.9823096305571802
0.9822268002504502
0.9823424805198725
0.9839477612530096
0.983166272225466
0.9826179223397884
0.9850755661437338
0.9837304536325406
0.9841760887495401
0.9847094049087823
0.9854799202577461
0.9866157492955665
0.9865326453576023
0.9827957222298128
0.9863906360776231
0.9868339346681763
0.9865334929036973
0.9879329105538871
0.9878939181030387
0.9882619929798022
0.9888424803208681
0.9890660210476293
0.9899134978464015
0.9884683411363011
0.9888819862744866
0.9898384713603194
0.9902277793101129
0.9907258823278232
0.9905306553264785
0.9910537653960567
0.9906471529359507
0.9915914152343885
0.991342982949462
0.9920797101715026
0.9898217443185201
0.9912847545782272
0.9919276564930432
0.9920470947498682
0.9896617855403189
0.9917278612715513
0.993108257997324
0.9916049155598177
0.9930205307576004
0.9925662353897268
0.9936867108723966
0.9931088905474496
0.9935837366870943
0.9933444781558124
0.9937100832441651
0.9932255249725388
0.9941152227153555
0.994015564087733
0.9942212779172799
0.9945626382122023
0.993481192493731
0.9947838104296457
0.9946902143330002
0.9946756052680253
0.994825711544975
0.9950309598460592
0.9950189769302006
0.9952311761753592
0.9949967204052825
0.9956478472485548
0.9955566569745771
0.9957226125411862
0.9952295770317837
0.9958843996735415
0.9955715752073102
0.9953944131978897
0.9954463978018757
0.9954716322874964
0.9957033890585828
0.9957449525769353
0.9963542298328381
0.9960120468673872
0.9964975504105492
0.9963358965401583
0.9966367594124453
0.9958573563788544
0.9968504725135221
0.9968224875009517
0.9968251811694633
0.9965554802749833
0.9970863444140765
0.9968900566474934
0.9967321696486359
0.9972658731559885
0.9970315808539217
0.9970811649657182
0.9969067801356403
0.9971799476180266
0.9971253279807937
0.9971755481963679
0.9971267441112711
0.9971709408860442
0.9975455580368576
0.9974510717502886
0.9978360637892544
0.9971893168225526
0.9971441232482838
0.9974398493160415
0.9977068174518335
0.9978888124285041
0.9978987839771102
0.9978313303242711
0.9977412683349274
0.9979081745035506
0.9977803922709142
0.9979634480128231
0.9979623037367534
0.9979998640656887
0.9975821908625191
0.9979308805654958
0.9982201087798585
0.9981564504277715
0.9982240337889228
0.9979043703186671
0.9980752832303597
0.9981904730957527
0.9981372962413898
0.9981482734736224
0.9981076481195008
0.9982229161652463
