0.6473678675883019
0.7296696118292658
0.7487894477672803
0.7713943439566089
0.7811800219014555
0.7962280264576505
0.8056840508107228
0.8112931244942212
0.8203040370879089
0.8309364607764301
0.8305829882958222
0.8458357612079156
0.8475230829473345
0.8565655063895766
0.861133184956218
0.8670837237434007
0.8703808344823797
0.8792169524541597
0.8773057229406608
0.8879388193829244
0.8936374566018482
0.8951634579549179
0.9016608667629776
0.9042448223424279
0.9090957238477713
0.9113371030024812
0.9145302796751419
0.9178133264545543
0.9220527693218027
0.9234610387699296
0.9292335937418301
0.9273020283303925
0.9329788478899701
0.935225915645946
0.9394146486353676
0.9387174777641264
0.9399335866021247
0.9402255745001874
0.9454349217543114
0.9449319638179071
0.9478352858179799
0.9490877850981333
0.9498203138622731
0.9528056096284926
0.9539312692805686
0.9550583532119291
0.9541988613395949
0.9566298804068666
0.9614173897747494
0.9615396095432656
0.9594459807358074
0.9637192358655206
0.9634613412536377
0.9615028891111418
0.9677808780086952
0.9661327910120645
0.9644834628273582
0.967881433403528
0.9686997765912558
0.9686639056171804
0.9708917402804031
0.9722783687734894
0.9690846236664957
0.9722377778783785
0.9743796214137074
0.9744819608833384
0.9755371879023002
0.975184096506882
0.9750861065179347
0.9780798180928383
0.9783396905155654
0.9792301482207638
0.978543788246689
0.9808265502724346
0.9806653171737544
0.9783586191659605
0.9815489664407613
0.9814380919402637
0.9820820450099165
0.9826451420213805
0.983515095640205
0.9835882022565489
0.9840688741607483
0.9845744230506484
0.9837726112958658
0.9850082236054948
0.9860930177256476
0.9844656072617618
0.9859085895256227
0.9857412633218441
0.9866577732028252
0.9869719428136838
0.9869959192461152
0.9879227716514041
0.9882738341407571
0.9878043286713034
0.9881488658751472
0.9885669205860703
0.9891728077161143
0.9896327200578344
0.9890278228976965
0.9891090195906914
0.9898988601609983
0.990822314734094
0.9900280544271743
0.9900138329240096
0.990315326662137
0.9888581803772347
0.9918506592799328
0.9914499577834253
0.9903631028226941
0.992134173887188
0.9920508056473027
0.9921391961216139
0.9915059730483609
0.9922404966550855
0.993050364423038
0.9934128211466634
0.993148916459416
0.9937142957240829
0.993274729925139
0.9936692063205607
0.9933649278928913
0.9935851525531276
0.9935298760399285
0.9936576737033982
0.9943126910173545
0.9939190236295979
0.9941156891350407
0.9947242247007039
0.9934824852224957
0.9950793258414795
0.9941057404697278
0.9952333140636223
0.9944070191821338
0.9949451838547414
0.9955807871137035
0.9949098089301026
0.99522661846071
0.9943628516215564
0.9949814827512924
0.9954659357018419
0.9955273564153609
0.9958431461705172
0.9957980248324816
0.9961401690768111
0.9959471398479263
0.9961365178974808
0.9955799546873954
0.9960772197645991
0.9959843180080712
0.9957766265797408
0.9961687866584792
0.9962996202296608
0.9958570632313238
0.9966037240819917
0.9964458313333812
0.996719580366532
0.9967612187136725
0.9968299715913977
0.9962508030039768
0.9967829299246418
0.9966383134176083
0.9970378652716445
0.9970676835910047
0.9970643922071885
0.9963506877740345
0.9968920608007241
0.9969437776801972
0.9969780497996504
0.9973973818910975
0.9970779175379678
0.9974081523378805
0.9972265641805536
0.9971511604082345
0.9967836793212158
0.9969017050236786
0.9975241342315055
0.9975674161415865
0.9972778084292331
0.9975035960816506
0.9976139149216199
0.9980550029323548
0.9976512932047138
0.9976090970680778
0.9974092338533908
0.9976970212984978
0.997851709950961
0.9975699900633421
0.9978694825719823
0.9974760451127199
0.9979953386170559
0.9977335309628353
0.9978622100188668
0.9980827902166822
0.9981300128456791
0.9981707953478687
0.9980854024598533
0.998235937496647
0.9980069138135692
