0.5596708293573339
0.6344856027316415
0.69433736768119
0.7222691961487839
0.7467956550732915
0.7590519978299375
0.7803377634596014
0.8012797984952179
0.8051076198362922
0.8211441256916268
0.8311948190115539
0.8492316720912259
0.86312687161622
0.8692301276775064
0.8788651551239958
0.8859617540813193
0.892662932959903
0.9029011686302699
0.9082718583812035
0.9141303956386616
0.9177001502847132
0.9221858927660881
0.9285255811886823
0.9384765236573007
0.9385324011548344
0.9467503573472349
0.9475570761202464
0.9542666758160936
0.9552282614810678
0.9564396945859162
0.9589265231735516
0.9622424215332123
0.9632488659667473
0.963441245807956
0.9672394375180735
0.9703354316098846
0.9719607613207137
0.9735442109031308
0.9740721692706102
0.9761650559016849
0.9780664585231749
0.9784995483216953
0.9810289737030419
0.98112267769089
0.9822387047278052
0.9825912144717657
0.9829926814139665
0.9832000664348732
0.9853957497447775
0.9845501294835031
0.9860991119441946
0.9868449365625794
0.9875026561407645
0.9886628924683134
0.9897690205657859
0.989438189947121
0.9908077373335679
0.9901019115971854
0.9916834575374018
0.9920333693696536
0.9906344163101555
0.991079935772456
0.9921564566347618
0.9918641019843387
0.9928694938157159
0.99327033367578
0.9927495867528721
0.9941065924965861
0.9928844989954144
0.9930096914648389
0.9943512889046237
0.9939609302745581
0.9951309311668065
0.9946968111619187
0.9950168918010983
0.9949423138184178
0.9962828810518354
0.9956316786487132
0.9956502447591162
0.9953157412307938
0.9957027404922703
0.9962582904737622
0.9966202512413538
0.9961510370326043
0.9969610255910428
0.9966214830098366
0.9962818284496774
0.9963718819236587
0.9967604040988955
0.9975309536700967
0.996654785550451
0.997233716737324
0.9972673552147971
0.9977859969333891
0.997606427484401
0.9981107806885935
0.9979317487385793
0.997164916868617
0.9978489738965416
0.9978702946891876
0.9979365862293481
0.99796189347272
0.9982200273551143
0.9982547856221173
0.9982074857123816
0.9986260182470154
0.9983450406582141
0.9983298115206097
0.9985835558280477
0.9986794546033742
0.9975447942686844
0.9989630301038843
0.9987272472205031
0.998844063664245
0.9986530723620537
0.9988196522524969
0.9987351753303738
0.9990239466543018
0.9988499761529621
0.9989544301202958
0.9990344726758813
0.9991835390580796
0.9987494638447731
0.9987317711702034
0.9992956523857967
0.9993788751436465
0.9992587889144778
0.9992299431361918
0.9994941686736281
0.9993821001374923
0.9993893115820638
0.999307074239
0.9994501385493189
0.9990457153627598
0.9995170571716159
0.9994013605174037
0.9995420508739196
0.9995511883564822
0.9996021611758757
0.9995968309777141
0.9992503009098425
0.9996187340609157
0.9996567621133456
0.9994788499528613
0.999458424991839
0.9996512527488592
0.9996976568269715
0.9996746787458214
0.9996888776770586
0.9995566977209684
0.9997217099060702
0.9995983090998934
0.9996975672438092
0.9997524817223474
0.9996817110240681
0.9996178830208732
0.9997895691515722
0.9998296576167367
0.9997601410827307
0.9997577223373466
0.9995777945557087
0.9998143388959699
0.9996938943341517
0.9998071274513984
0.9997321911360686
0.9998077097419539
0.9999029814351438
0.999855995066476
0.99986329609421
0.9997062120189787
0.9998099045294322
0.9998791075223697
0.9998930824957009
0.9996609725219774
0.9997411494523064
0.9998460065438708
0.9998285826187883
0.9998089191146461
0.999811964942167
0.9998034097501598
0.999874404406345
0.9998524565315621
0.9998388846824617
0.999866386713312
0.9998248649175494
0.9998950981168545
0.9998565773570315
0.999903742892024
0.999896665822196
0.9998258055407545
0.9999039668499299
0.999858369020279
0.9998923210388208
0.9998543377779721
0.999846991958657
0.9997794910458045
0.9998558606917325
0.9999152543283896
0.9998847960531809
0.9999243918109524
