0.6087847197882086
0.6891982065527928
0.7315447866977279
0.7542670204638958
0.7734526925512188
0.7891084707148861
0.8016295353682225
0.812453372244289
0.8241215585191388
0.825065885062085
0.8404120468951777
0.8434490297919874
0.8605333467498233
0.8647445598660514
0.8662406904978377
0.8830066139821272
0.8841052980781099
0.8897128410084942
0.8944874892341224
0.9024823170936467
0.9034733636372031
0.9093503726935559
0.918905030777535
0.923656495329391
0.9220008936751137
0.9279015435481017
0.9291759533606656
0.9346423828198188
0.9363584252912118
0.9414542947455256
0.9387046326687951
0.9450041723429118
0.9493766262775722
0.950705351192886
0.954066161032701
0.9530702948972447
0.9559739618739458
0.9580341088396293
0.9607970411206145
0.962917374209533
0.9650861970950033
0.9669834183442733
0.9680450346846697
0.9696486526647988
0.9718749971836735
0.9705335767579896
0.9741694886422136
0.9705946967587878
0.9748382559978873
0.9771063703132261
0.9769234217394078
0.9784157450242057
0.978985593194914
0.9803107915795695
0.9812100634280498
0.9810955883245138
0.9801866119861109
0.9835045157029162
0.9837020536646798
0.9844807638789324
0.9840160520361281
0.9832226479441326
0.9857798267530427
0.9872217859555499
0.9833773973339086
0.9852504683787817
0.987621283103625
0.9879590659651798
0.9884749974004897
0.9869298806456148
0.9901214170138308
0.990731095389141
0.9907477419199704
0.9904616945692956
0.991948630098921
0.9912979721312388
0.9909487933511679
0.9913556243768897
0.9916773615239493
0.9920436243858759
0.9929559901120781
0.9934307917509326
0.9931474807268242
0.9936336848148073
0.9934820831801741
0.9932337631769308
0.9939037386958857
0.993913025226619
0.9942386938023013
0.995046602384282
0.9944221387026565
0.9948309811569761
0.9950805289153375
0.9953610187149196
0.9944963395199521
0.9950478040169508
0.9959356995387522
0.9958975868851931
0.9959639770901417
0.9960703999486745
0.996465906892616
0.9966558562828519
0.9961390236230404
0.9965484277100203
0.9966863542424339
0.9963504717890674
0.9963722579118008
0.9968057077133806
0.9968193436319263
0.9968291787340955
0.9973258840467055
0.9966591738339158
0.9969162840413556
0.9973778415984045
0.997356434251186
0.996873848122434
0.9974963134366864
0.9972087771064004
0.9980493452806447
0.9978319934410709
0.997417978741786
0.9977039281332758
0.9976222432342498
0.9983717224277123
0.9978924930336979
0.9979675036469224
0.9979149648707261
0.9980187036475912
0.9981454628329204
0.9984539167145
0.998389812223867
0.997213100371763
0.998174014670028
0.9984040228362976
0.9983957681423121
0.9985620701853005
0.9983058416105253
0.9983150367126862
0.9986278269208533
0.9984899265108889
0.9987986481475741
0.9988328489643475
0.998721867738408
0.9987833861065586
0.9986546154926317
0.9988265534540612
0.9987491526367237
0.9984845452863288
0.9988921991692042
0.998963670190546
0.9989144816184748
0.9989156571286943
0.9990089795788929
0.9989234416185918
0.9989076114143036
0.9990531526406943
0.9989858089663453
0.9991073306005855
0.9989970677420025
0.9991553828461113
0.9992204146836952
0.9992397583574172
0.9991795461117329
0.9991082971312104
0.9993407085628174
0.9992076799896514
0.9991863640710056
0.9992723069292709
0.9993810481551811
0.9988502595768198
0.9992485093779397
0.9992436244799168
0.9994570971357661
0.9991021061107213
0.9992741616231727
0.9993585371344788
0.9994207608087611
0.999446909380531
0.9992496326432604
0.9994383804008278
0.9994995852995865
0.9994062497881633
0.9994468440744076
0.9988618840667675
0.9994812081564892
0.999607980403043
0.9995354514225039
0.9994378057069426
0.9995633240759292
0.9995429485654589
0.999510452238504
0.999586677545622
0.9994240783598247
0.9994433697886481
0.9995029028506501
0.999657782852673
0.9995401665246063
0.9992752587660442
0.999487255503507
0.9995804277496219
