0.6417091401613224
0.7137333252190023
0.7534044259184423
0.7649018631434126
0.7906068027925879
0.8064605116147031
0.8127644283574835
0.8190311486055125
0.8313770341100853
0.8406478315583723
0.8461494992674683
0.8557115995232629
0.8576083941177683
0.8696917528432534
0.873955238920917
0.8816475388887645
0.8849173994791054
0.8903703574926938
0.8950166592388739
0.8954246386777897
0.9074384753833228
0.9111847321373647
0.9151561797063219
0.9200380348454448
0.9220348046081172
0.9248687151670325
0.9275370546020485
0.9299454788228967
0.937427647186631
0.9332974276280793
0.9405146494182601
0.9441651150867847
0.9424063882462314
0.9499033891829566
0.9446494435738415
0.9499887967700332
0.9522270159954481
0.9549188699749525
0.9554598823216991
0.9584891058586787
0.9599122483503538
0.9591483673545625
0.9647761433147052
0.9629741147054682
0.9630403557072758
0.9681020671258099
0.9691647508972574
0.9716764034105323
0.9704714503688056
0.9745944000837542
0.974781222860776
0.97436744149392
0.9762921997074644
0.9767476894048617
0.975964767346281
0.978697186007069
0.9810439891507016
0.9787434584744337
0.978519474070016
0.9813691377001056
0.9814867522633743
0.9822471046827982
0.982965093265399
0.9835125316657477
0.982385486242949
0.9851445191561216
0.985941959981495
0.9852247977552173
0.9869433190482474
0.9867109385846473
0.9876637134783716
0.986071049391429
0.9879800301266504
0.9882203464003421
0.9888549357555378
0.9881697294604934
0.9900597841951981
0.9902477087806512
0.9901961992365039
0.9900109489772112
0.990369012310122
0.9905289244622385
0.9907931597417414
0.9916106214025913
0.9916973016481401
0.9917086126182353
0.9917677371928038
0.9927286884813717
0.9932072080670172
0.9918449997656565
0.9934626707198989
0.9926411191182598
0.9933786473668323
0.9931804752656244
0.9936794271215401
0.9931856077403408
0.9937290433682887
0.994165777915211
0.9942460913816621
0.9946464383564786
0.9941881836777973
0.9949849027489136
0.995041987583191
0.9946408177387868
0.9951688350221721
0.9955563298897847
0.9954240291964171
0.9949666217944724
0.9951134552015746
0.9959380786172254
0.9958539925029187
0.9961810343497216
0.9960464324108972
0.9963001795898928
0.9966806207915059
0.9966562694304876
0.9961580079482089
0.9969932903144088
0.996843315358584
0.996817754100333
0.9970985444001845
0.9968238070732321
0.9968451668151562
0.9969189077851127
0.9968189361036813
0.9968882768133851
0.9972519921446078
0.9972665736726403
0.9972494224205145
0.9968507246716085
0.9974167055315643
0.9976501424760338
0.9974364334812553
0.997806417962981
0.997496293757023
0.9978818011853773
0.9979550435521511
0.9980100572655168
0.998163264425188
0.9979673656755531
0.9979222263972395
0.9981149940583586
0.9981674136404818
0.9984121964224015
0.9981556947223287
0.9982276016693904
0.9983465760595202
0.998264833031497
0.9980068843361747
0.9979858628075979
0.998263626621
0.9985942388849965
0.998482586639503
0.9986755112037216
0.9982573191164061
0.9986818117348443
0.9986699917013602
0.9985720074591875
0.9984477715851263
0.998724754369767
0.9986543362587811
0.9988029618479515
0.9988480453384967
0.9986928995538645
0.998904230595004
0.9987919019228155
0.9983257741952825
0.9990018626768871
0.998693875839816
0.9987527807500454
0.9987570833817032
0.999046803211275
0.9991537413903172
0.999015370290373
0.9987954165522407
0.9990659314424528
0.9990614265801342
0.9988940702476377
0.9991383927804658
0.9991705474556248
0.9990852061165236
0.9992421440832234
0.9991428767223716
0.999141544789395
0.9990202970476925
0.9992185598040242
0.9993261534893481
0.99920364354938
0.9992748078217716
0.9991595014774309
0.9993008397893207
0.9992566210091895
0.9991794804720809
0.9992825692950856
0.9992646195805207
0.9990867786342524
0.9992703169063947
0.9993399888559749
0.9993183222813231
0.9992632179128332
