0.517082559806592
0.5493402602728583
0.6164670803599077
0.6484780478162583
0.7192532349523033
0.7349597623608407
0.7611323570100306
0.7798224081478553
0.7958414064654832
0.8037768236535194
0.8197975005004285
0.8291189834818039
0.8342218420290433
0.8378156703694051
0.8449757365623963
0.8551741458477222
0.860553211515501
0.8706200262640718
0.8761686287864383
0.8814451206632632
0.8853555595653155
0.8940203166161748
0.8948515987975211
0.9011701119370699
0.9056872069428203
0.9101635261006014
0.911907528818027
0.9170325428723365
0.9180703273328555
0.9222786970864963
0.926263833240156
0.9314598042862924
0.9297575920904851
0.9340318238789065
0.9368633300656525
0.9401758239452274
0.9438259450843077
0.9467935362784258
0.9429998334208111
0.9511555427346863
0.954829217255704
0.954307437523305
0.9558291781367967
0.9580601378505395
0.9601597243127377
0.9585487841705382
0.9612584755474013
0.9627429161098914
0.9611103062086457
0.9655350605151365
0.9669684003855588
0.9688121055833995
0.969922849397042
0.9693585936985917
0.9714063238606858
0.9698798876829673
0.9746145600228254
0.9741565859919078
0.9758548312455237
0.976533469809098
0.9751087492674919
0.9774565151892759
0.9798503300236837
0.980696870090167
0.9796338645128297
0.9801320746716905
0.980952945653734
0.9817545594252474
0.9807796361561641
0.9842479903848661
0.9841771953090471
0.9844927588138871
0.981855681369331
0.9856081064393523
0.9860315653746028
0.985565738417306
0.9862730145254633
0.9879808991787449
0.988186910312694
0.9862731872358719
0.9869980906000805
0.9880365551078327
0.9895713839319562
0.9897594277862378
0.9898500359842135
0.9887952395484727
0.9897971164356579
0.990456098395883
0.9903876726909783
0.9909006549869525
0.9886959634468783
0.9912629798348508
0.9914989832106486
0.9908853593214139
0.9922430736217839
0.9911770456123007
0.9916134416365763
0.9930770382116598
0.9931224016798504
0.9930653316842946
0.9926547450716654
0.9938587740946131
0.9936829333101209
0.993969384316755
0.9937453087535335
0.9936224414895997
0.9939254295178322
0.9944890105662502
0.9945173512648188
0.994746969752708
0.9942904205826593
0.9950980360408626
0.995371555355672
0.9949815806508384
0.9948772905502018
0.9955997705714933
0.9952338727770228
0.9956577580910938
0.9958813964810944
0.9960376562230411
0.9957271337032445
0.996102919168593
0.995943647788901
0.9960104597309275
0.9964324074501052
0.9961252096056692
0.9968402091074
0.99703589000005
0.9965192807855007
0.9968380502272955
0.9970673232943681
0.9968397449481776
0.9970024489472351
0.9966723561792936
0.9968916983978865
0.9972541851617924
0.9975669960944996
0.997365680524777
0.9975437773389784
0.9970329647175088
0.9973214018938388
0.9970435108468182
0.9975640600175576
0.9976615442486656
0.9971775557124918
0.9979177709338399
0.9976806395431879
0.9977604533406426
0.9979074514869416
0.9976889998063917
0.9979845774786663
0.9981004229850611
0.9979432241302693
0.9978869205371501
0.9983253998807262
0.9982103153795682
0.9980676511850785
0.9982655557242361
0.9979126921683947
0.9984083872319341
0.998287813778111
0.9984175516779767
0.9982972912617688
0.9983357193276245
0.9986110952793238
0.9985023740772732
0.9984826095299186
0.9983794690329375
0.9985072315575075
0.998390765373083
0.9985355884476772
0.9986533553573647
0.9987027613285506
0.9987179814332856
0.9988388355415223
0.9986747822423994
0.9987840647532771
0.9987202482573951
0.9986372932893889
0.9986384267014436
0.9987408979455924
0.9988870433342504
0.9985465555586067
0.9989337399109055
0.9985630170194016
0.9988318407699844
0.9989733985384208
0.9990267552601978
0.9988068517327776
0.9989270905601846
0.9989169546180952
0.9986886638414698
0.9988405302624042
0.998632489781157
0.9989564513296024
0.9990380138199414
0.9989874960255019
0.9989113955018265
0.9987322840139765
0.9989138782139464
