0.6594611737390497
0.7334580359589645
0.7477938522128005
0.761837073427502
0.7784964142670252
0.7914771015959083
0.8050405291570855
0.8143423363163503
0.8214457250006902
0.8317361896865583
0.8437931428184249
0.8512668416361451
0.8523116503076352
0.8595555844371605
0.8694960683709574
0.8744851724639724
0.8762957943064952
0.8816518882199904
0.88738834724493
0.8939549086076037
0.8942328455624089
0.9020649645622305
0.9078052454433407
0.9093793365860504
0.9121383502288712
0.9145967296726382
0.9196582392527777
0.922651355450829
0.9239597371672138
0.9284461695175261
0.9289876674608974
0.932187988545041
0.9355607127171
0.9383587020590644
0.9415077741015353
0.9414664329507177
0.9422447557683202
0.9470517900091376
0.9471570586367982
0.9491117536062588
0.9490794764032933
0.950342765039396
0.9532530856063229
0.9567429635347902
0.956916883308845
0.9593055265366424
0.9594772906391409
0.9615056136074477
0.9610979481454895
0.9621351251609671
0.9613724080551225
0.963190637441001
0.9671427453634676
0.9667702120430907
0.9686011222754054
0.9702850755069777
0.9687605479312001
0.9704424974009569
0.9715322592993175
0.9727059260110348
0.9735053594600406
0.9730446582085092
0.9749362599990669
0.9759087089974813
0.9737668853403364
0.9766369884062728
0.9761220819012926
0.9764726051881517
0.9766118413160494
0.9792016998458838
0.9800994671223316
0.9793800563488687
0.9809662472229754
0.9811056376718796
0.9810195410179808
0.9818050855764233
0.9818963833304861
0.9826175663842552
0.9831026696449012
0.9831159412514396
0.9837553679296114
0.9838534726868096
0.9847522382272664
0.9857049510157397
0.985439726253825
0.9865182299525257
0.9858421809705563
0.9854799678674732
0.986363238614395
0.9868818705249168
0.9863969963345143
0.9875860276314173
0.9878916169815317
0.9873446502875011
0.9870943006238306
0.9874434928920105
0.9883008618225384
0.9900801974923077
0.9882412553338703
0.9886528945617398
0.9890930180715927
0.9890526607171901
0.9895705813043234
0.9901697470787215
0.9911281480430347
0.9913679894106854
0.9907565985190729
0.991311450052017
0.9914166511642375
0.9914448026915511
0.9918031336568205
0.9925296407853058
0.9919939564035922
0.9908614885780151
0.992824229941193
0.992371440052498
0.991676240798158
0.9921513951764317
0.9924885600511864
0.9922665982188704
0.9930976771192223
0.9939013495733687
0.9933806825545769
0.9940214595415532
0.9934804342062639
0.9932990057507483
0.9941210303483109
0.9933538331107534
0.9942847577021554
0.994613092521833
0.9938668636510012
0.9944055114782878
0.9948853268332039
0.994843520308102
0.9946913163931468
0.9952226146825105
0.9950788405525223
0.9949545036355255
0.9952545711871349
0.9954045036897792
0.9954631938974723
0.9955685083391818
0.9956778110143966
0.9957108164196103
0.9961004504364933
0.9960789925828261
0.9957894092145797
0.9960602015890482
0.9961341334073753
0.9961762654533498
0.9962279846918384
0.9960943764581376
0.9959518802989825
0.9962179393588374
0.9961851316774125
0.9961970963779293
0.996468894250204
0.9962837958482585
0.9968109419380476
0.996564865037238
0.9966129577320793
0.9967330556439353
0.9968477812557608
0.9968698588047188
0.9968873911177893
0.9967685374190463
0.9971831834952718
0.9970400796971547
0.9972533465052741
0.9973392454353835
0.9973036045167346
0.9971478632749642
0.9975298801034288
0.9975780861277592
0.9976007423804907
0.9976154318112741
0.9974185447312097
0.9976167338947644
0.9975727885769663
0.998136202514492
0.997941068424608
0.997915431847443
0.9979066982429952
0.9980317609509743
0.9979967204374903
0.9979728440843033
0.9980769987071998
0.9980890960273312
0.9982791182338829
0.9980810448110827
0.9981668062990459
0.9979881797343002
0.9981222895112714
0.9983671004975767
0.9982052418746675
0.9981621646125295
0.99815257500875
0.9984848715380101
0.99836434200959
0.9986079256616421
