0.5902433534701709
0.6700512966979311
0.7047755358103505
0.7180648049582732
0.7500134355751344
0.760001102623797
0.7838657801283273
0.7932553277794222
0.807446352606899
0.809716829773713
0.8153024410655683
0.8360703101297254
0.8396329462601686
0.8411956396437159
0.8552914966177458
0.8602715907474046
0.8725684309624786
0.8743050055725327
0.872362942858933
0.8852065617921488
0.8910705489415274
0.884803185896045
0.8971870631750194
0.9061869887922805
0.9020778536505721
0.9170790446231618
0.9176366547489676
0.9190807138366401
0.9226300976481783
0.9249382580827958
0.9317206965187336
0.9339825124174421
0.939160909077441
0.9403587200181234
0.9436017572844931
0.9459076221937105
0.94779749546219
0.9486178178604376
0.9532990693052683
0.9535459250913348
0.9568103744013502
0.9566972281472925
0.9614063924093805
0.9618200981697833
0.965273359266469
0.9632018694295894
0.964854840618778
0.967074526874854
0.9704551220540499
0.970445766341286
0.9710984478698913
0.9742524611890314
0.9745301426018959
0.9749031365441779
0.9783391908454293
0.979408481298914
0.9789237492820214
0.976870671873664
0.9816120410068029
0.9796613556053567
0.9828382277278481
0.9826573731195596
0.9832605851112917
0.9854885178976907
0.985017202165803
0.9858522429327911
0.9860528892138547
0.9865428777910117
0.9870301753951158
0.9878577508820219
0.9855695171510855
0.9891086193236479
0.9884261731253621
0.9892621301734968
0.989053179491722
0.9900258263968601
0.9890341787142526
0.9903064591995244
0.9914551092454041
0.9906378829129266
0.9916705414106609
0.9915445189952219
0.9905083689840646
0.9923167800360433
0.992383938621586
0.9929752293133425
0.9931959083937989
0.9933633852973411
0.9937211400373889
0.9938454938566339
0.9936922241334026
0.9928847778965364
0.9947831581120857
0.9937254706714416
0.9942390896571265
0.9945218154388319
0.9950376720795283
0.9951235324455346
0.9947894852745325
0.9943582833667541
0.9951262909340405
0.9954998635802048
0.9957459091808362
0.9957692695275524
0.9951267731872757
0.9953859167857769
0.9956743813809819
0.9962897943795662
0.9965316926023744
0.99623175038017
0.9962516963739804
0.996757830789454
0.9964064707273058
0.9965212180621045
0.9965789051941065
0.9966941251370756
0.996763232025689
0.9972352036219765
0.9972967777150549
0.9970486680705765
0.9970749798070925
0.9970934597510679
0.9976689228916428
0.9969137143252205
0.9972834096553733
0.9977737068746008
0.9979460834710133
0.9973315192381232
0.9978161258691747
0.9978251729398683
0.9977869013231178
0.9977256744523687
0.99773151936158
0.9979145633995566
0.9977279313975097
0.9979495364041777
0.9980126344174798
0.9981001730247449
0.9982970095052498
0.9979778736042819
0.9983253081250952
0.9983074454652608
0.9981233790504256
0.998560570543386
0.998601542778254
0.9985406824199637
0.9977700417500129
0.9987340659673043
0.9984008386268021
0.9986090080583357
0.99846979119438
0.9976675725825842
0.9987901809537595
0.9985537804178335
0.998899633148035
0.9988422643031679
0.9989122296025399
0.998944694890338
0.9988293977868511
0.9990775460115884
0.9987945983933946
0.9989414155683382
0.9988259834339455
0.998858660913167
0.9992803238519518
0.9990494595831664
0.9991052659275511
0.9989858793166294
0.9990082751568751
0.9992287227557786
0.9990801308889292
0.9989673607923953
0.998998167129064
0.9988600883827434
0.9993200229382787
0.9991584681044655
0.9992542821772477
0.9991182288945151
0.9993837768159806
0.9992580148172886
0.9991436147048195
0.9992554202948829
0.9993320599790307
0.9993141008685495
0.999416357844555
0.9991721448062175
0.9989103777501166
0.9994320793000244
0.9991992474380393
0.9992929203064568
0.9994472027614824
0.9994052081497555
0.9992646409767408
0.9995290893608302
0.9994133871646256
0.9995492282559346
0.9994119789851788
0.999439390259071
0.9995277969221595
0.9993022181488328
