0.644383224445218
0.7178036023386974
0.7524528173560291
0.7668770376574837
0.7860655394564214
0.7962987663414456
0.8105751994748533
0.8082586975265972
0.8218900233078988
0.8421142695192876
0.8449223743513652
0.8466764627678154
0.8594043675205025
0.863099370542762
0.8722371425296512
0.8816499554103667
0.8833216579019799
0.8906651717315611
0.8905042485751766
0.8973874162189903
0.9037487249411846
0.9053849716776519
0.9115207761700632
0.9133917533831236
0.9129549028063205
0.9224452920723969
0.9246497705032154
0.926420854218378
0.9271814064435429
0.9329674496526154
0.9383920421678338
0.9372479397865193
0.9403944482753245
0.9457660960422354
0.9471853587595813
0.9444854606029071
0.9507981536931764
0.9515561578179563
0.9552377249192283
0.9536498682016311
0.9579011958574852
0.9581761677402593
0.9610368218342304
0.9633438347628246
0.9630354641851113
0.9644644043753772
0.9657446867966315
0.9679328334965462
0.9684870692186797
0.9719164566642657
0.9740168319230095
0.9717450013596237
0.973737899867554
0.9742614469056782
0.9759335263038067
0.9752892391215119
0.9758258823339053
0.9745378335150199
0.9795995844982575
0.9802798901412
0.9789347744907801
0.9810971614883677
0.9818546321046294
0.9822645604083041
0.9828732936274176
0.9838642286328936
0.9839184208886813
0.9833589190924193
0.9849817644134254
0.9857411222165348
0.9867353989494946
0.9873544652465226
0.986668670570668
0.9858527449390161
0.9872451278515738
0.988141483210163
0.9872704230564354
0.9888625000652951
0.98828320536844
0.9888546911993242
0.9896726393856564
0.9892142945203993
0.990443527343007
0.9908187324703964
0.9897587678329337
0.9910845365003276
0.9906811669008725
0.9916490946832909
0.9914254802946266
0.9920304072887901
0.9922763281729062
0.9919025722776106
0.9923196087196506
0.9927007726859607
0.9932179070047833
0.9926641384343868
0.9934991880902809
0.9935347287821062
0.9937614061997745
0.99412182703639
0.9924215380435847
0.9944228399742422
0.9949760086793396
0.9951741978038517
0.9946217829117847
0.995168159336794
0.9952773507468249
0.9952741284615467
0.9956385917532514
0.9953810371983162
0.9958104664327482
0.9950229972429977
0.9962629559756628
0.995763931749471
0.9960586779529393
0.9963785282537405
0.9956872047309051
0.9965293174025532
0.9968835245902091
0.9966304185938624
0.996545503148539
0.9969784944149673
0.9968866672473504
0.9963114840166369
0.9966619725702939
0.99710308856097
0.9972250470156372
0.9971199511461206
0.99756075127852
0.9969029246586597
0.9972885345292869
0.997636459056932
0.9975047700439201
0.9974689559621578
0.9977852389224202
0.997485247878993
0.9978000497559067
0.997469866377191
0.9978461597557867
0.9978570581934741
0.9977900856216939
0.9978216077468708
0.9982119183318536
0.9980875338732786
0.9978877628031109
0.9983149146728241
0.998119584198431
0.9983198834685745
0.9983945056500516
0.9980255884912158
0.9985968354376892
0.998461807351465
0.9984547310643548
0.9985218257326117
0.9986272109176928
0.9986196143934206
0.9985768116154987
0.9984899160838346
0.9986668922726437
0.9988514119002998
0.9988582227602866
0.9985324640517182
0.9987447951333661
0.9986171406126303
0.9986308446150124
0.9986980587254749
0.998703929973445
0.9988433535328329
0.9989269736937939
0.9988254212763751
0.9985432005788605
0.9988530150801253
0.9988431040313369
0.998940441466036
0.9989024747703025
0.9990974044497392
0.9990825139881157
0.9993092630711073
0.9990348724737337
0.999271174278897
0.9992154611256923
0.9990989598526824
0.9991403187070531
0.999053555888951
0.9992936771904202
0.9993210055670471
0.9993044163718336
0.9991100653235261
0.9991239418535384
0.9993413160505311
0.9994000842699267
0.999479221366773
0.9994058573098608
0.9992583806915485
0.9992445572469612
0.9993196147289206
0.999302977756825
0.9993057328903658
0.9993153732034883
0.9994829798148406
