0.5993962775063304
0.6576349559905654
0.6914621891953621
0.717334015074583
0.7424454770912163
0.7540788193953512
0.779302810371084
0.7871958870996028
0.8031142224141488
0.8268294360814851
0.8328560990315665
0.8305102801518189
0.8551049651551962
0.8631889345024929
0.8626064219324892
0.8771114345124928
0.8799127907178551
0.8908196369380738
0.8925491250559381
0.9015596566623771
0.9093943862660984
0.9129796435311335
0.912741626931393
0.9144264042921534
0.9217005882745553
0.9281714827617635
0.9293840616349275
0.9364869397812384
0.9406876848326996
0.9440659337716828
0.9442440991139469
0.948581273958065
0.9468211577319146
0.951371919416439
0.9537852424485019
0.9583268801633692
0.9608489800872999
0.9631947989670476
0.9665513288913045
0.9689270651353252
0.9695948669869026
0.9690159246658949
0.9704580407974337
0.9744576452931839
0.9734517441674609
0.9755557943802364
0.9780700430621616
0.9795001426611994
0.9779966215527138
0.9808375480177828
0.9807422091464424
0.9836464414154702
0.983756424919267
0.9822266062822961
0.984251036636672
0.984626640054207
0.9864612686992205
0.9860119297225575
0.9879786741093576
0.9888470710619386
0.9873756326076263
0.9885346742747791
0.9899841292514764
0.9906538154011351
0.990552856693412
0.9891468397461671
0.9914868735002268
0.9922301464486385
0.9923848241806088
0.992356691940834
0.9941489238790187
0.9936983452325653
0.9927621466069196
0.9931576508568217
0.994200560258018
0.9946984281747389
0.9949528910603643
0.9949311059299158
0.9944494859519131
0.9953514696913464
0.996152362491612
0.9960432054343421
0.9956198664654148
0.9962341476399116
0.9962222468099248
0.9967543130839279
0.9965055857371992
0.9969425776027504
0.9966740816550987
0.9963496518065079
0.9974688918089265
0.9976696521992353
0.9973757347564169
0.9974032058389704
0.9970676024333363
0.9978868754043597
0.997407073608716
0.9977978836423455
0.9980784787671506
0.9982969251131347
0.9983116358613131
0.9981380490328079
0.9980963961278534
0.998502247488272
0.9985574541162674
0.9981112391074761
0.9982218176527722
0.9985944128049491
0.9985963301608917
0.9988845947094662
0.9984750078107462
0.9986762971268321
0.9986306111628264
0.9986434706707847
0.998975636058867
0.9985228094778607
0.9986685285294794
0.9985144127811475
0.9988344789920763
0.9991413220585752
0.9989101153782163
0.9992519667195933
0.999263206392359
0.9991438013981558
0.9992428758077978
0.9991511071854534
0.9991847270301667
0.999229355142618
0.9990989088228158
0.9992051567883111
0.9991398344548268
0.9993289915358983
0.9995465122617723
0.9995893221918644
0.9995006610084611
0.9990718179056648
0.9993912394883027
0.9994881320791137
0.9995969916156339
0.9995061486133995
0.9996602313038704
0.9996066114532067
0.9992947105339635
0.9995264791979608
0.9996092560820927
0.9996794709790162
0.9994658180228879
0.9995919998786115
0.9996420825381404
0.9995686940865535
0.9997545123236565
0.9996744131262716
0.9996409585708637
0.9995497519321576
0.999586016405757
0.9997792726616018
0.9993106113651404
0.9994969254701597
0.9996489255153829
0.9994802973660389
0.9996563965919858
0.999814181762897
0.9996678346119178
0.9997886941520082
0.9996843304845942
0.9997368924837036
0.9996505784084366
0.9997663470379214
0.9997667437322544
0.9998225784596102
0.9998084958107921
0.9998111734975392
0.9997090577646782
0.9998561652464624
0.9997680660466974
0.9998348429260691
0.9997644957977012
0.9998073387856545
0.9997153718161437
0.9998022478750489
0.9998478016076103
0.9998892561653985
0.9997055536314045
0.9998807933529633
0.9998708429367797
0.9998725950034167
0.9997009916465761
0.9997800329924065
0.9998343801160139
0.9998627107029552
0.9998408263989236
0.9999012561689687
0.9998759338473853
0.9998860495528742
0.9997894875406742
0.9998654875632855
0.9998311404456286
0.9998738512021376
0.9999193718768379
0.9999049586494091
