0.6243104253676095
0.7090047358091567
0.7269501865177022
0.7405292068530895
0.7467176605763823
0.7618430015354571
0.7713608569158785
0.7806667484899105
0.7889185995096615
0.7940932678654928
0.7972861310295236
0.8044666153075571
0.8116722012925761
0.8203747273425314
0.8239168370739731
0.8351988570633453
0.8382903195012759
0.8443498530764268
0.8466564040903302
0.851661610498708
0.8557698446213584
0.8624034583957697
0.8724675555814432
0.869369080383016
0.8785786978963337
0.8817271176329322
0.8862578370603358
0.8885200509707959
0.8962916226635592
0.8936324920563268
0.9038039579798348
0.9047974585792944
0.909040317363239
0.9127115922502755
0.9112168942346742
0.9183733400456129
0.9181790213986275
0.9240128615044523
0.9237800998012435
0.9289826990067258
0.9309307440206046
0.9357504982781292
0.9371916459854952
0.9386001707193442
0.9378678850471257
0.9427163005538787
0.943775028609243
0.9455552620088901
0.9495851353515938
0.950025603278847
0.9531747441694584
0.9558210188195772
0.9539126557675331
0.9561347300607272
0.9586620235442916
0.9606122921163767
0.961843001535457
0.9621620474671894
0.9634368674733885
0.9636903669772482
0.96611244131667
0.9675989292712023
0.9676703373868198
0.9696537374384564
0.9674656729534191
0.9703697370492181
0.9682472559743102
0.9722804161151108
0.9730770971424502
0.972832755369997
0.9760166965645102
0.9750704870262774
0.9757569747958983
0.9768751518295007
0.9782419051039906
0.976078322873133
0.9776857705449729
0.9796423307235417
0.9792924138527214
0.9796048769426953
0.9818061256023773
0.9808392106229684
0.9812255087891801
0.9825640307331802
0.9836904316961981
0.9843570784849017
0.982742886173929
0.9837035234152004
0.9849116181840833
0.9857040971024633
0.9850175584822389
0.9871707533216423
0.9873827957153283
0.9871348481728107
0.9864884121875952
0.9883602876202587
0.9879137176205894
0.9876984531477563
0.9889259543560359
0.9873010695499884
0.9894584433844403
0.990029759159985
0.9905752428289669
0.9908642637907414
0.9885437242381019
0.9918764173161099
0.9918711057394383
0.9901415334091933
0.9922402903661914
0.9914804714035852
0.9920043713027855
0.9924218732483989
0.9920055362438831
0.9903229637395903
0.9925013712327505
0.9919198344859085
0.993387785084085
0.9937509508485001
0.9934376926399993
0.9935277767954366
0.993717657571574
0.993287507694043
0.994432487618456
0.9936385987515253
0.9943199783468886
0.9947749941695161
0.9947344569929867
0.9951021530838926
0.9946729277627886
0.9950670476763702
0.9951048897709157
0.9951044413610488
0.9954719849001443
0.9953096975105625
0.995678244193381
0.9954932312068303
0.995747576679821
0.9959210419566017
0.996096347100672
0.9964012565646394
0.996265975468282
0.9965852340479923
0.9958995691335912
0.9964119351913681
0.996233070505055
0.9960410909858292
0.9971436337702555
0.9966066467748351
0.9972451546886916
0.9972967634284309
0.9967710421530702
0.9971514971226648
0.9975036884022949
0.9971514832543183
0.9973625548637562
0.9975459221398673
0.9977075346032579
0.9974020426687414
0.9972133314564837
0.9977334869021558
0.9975032908430315
0.9978613114509318
0.9977600031804741
0.9976234461962477
0.9977109554620367
0.9978956078715809
0.9978599107479453
0.9979689529329127
0.9978749625265726
0.9981704507605517
0.9982591711952595
0.9979825346668211
0.9981728453616969
0.9979069521789368
0.9983528749891074
0.9978153471281774
0.9981547333012974
0.9983845410467228
0.998353993702384
0.9983344994301265
0.9983056301557021
0.9984310000071652
0.9982956172096009
0.9986237237943149
0.998498048839231
0.998725045933119
0.9983887385329
0.9986343654387865
0.9987407772607195
0.9986947112367585
0.998702482133525
0.9987286609487473
0.9986060000476148
0.9988284390783191
0.99886072458874
0.998831383790538
0.9986186294884036
0.9988531709627337
0.99893484627747
0.998963082230742
