0.5466535914261051
0.5794594301801599
0.6188131901480487
0.6436794400551668
0.6863175773038732
0.7164868690881036
0.7316496400344722
0.7571903695766455
0.777756182469571
0.8026372761369973
0.8197608123338974
0.8256517018414598
0.8385373878731861
0.8442361765529004
0.8758430561410113
0.8870676299080763
0.9038233707106742
0.9100386528046199
0.90959698583124
0.9160402194723746
0.9273985606934448
0.9376351129410505
0.9263811120702167
0.9469902409654452
0.9504935420094042
0.9546863400599584
0.9590633396273192
0.9561426778768596
0.9676258455735037
0.9718308832158912
0.9676989359020388
0.9737479852416565
0.9774534565649002
0.978051026424324
0.9769881784640129
0.981956931914536
0.9792038050026424
0.9824479044777114
0.9862341918292998
0.985866656851845
0.9880650958785389
0.9880683076863248
0.9870663104627156
0.9909156186914018
0.9911161396639859
0.991092007702783
0.9917074595190691
0.9925961754140107
0.9925894045759753
0.9929807242921697
0.9939920097166733
0.9944272530744813
0.9956798581110125
0.9945199614721955
0.9950116284802974
0.9960633653217814
0.9958057262539766
0.9968149283437002
0.996053990315271
0.9972164911225633
0.9963973933315231
0.9970430535021204
0.9971210049451423
0.9973229148075797
0.9973616301122431
0.9971819424874601
0.9973300328680783
0.997954686079643
0.9980310750215798
0.9976079844499892
0.9985277767554005
0.998578818457513
0.9984380197486249
0.9984536447594756
0.9985857629067798
0.9986824643628224
0.9981944431905855
0.9990440965584004
0.9990725688003951
0.9987328116200082
0.9992097216734178
0.9981074639635167
0.9993624995572914
0.9993685759504
0.9991942702737988
0.9991585063600739
0.9989503464932962
0.9991244785586656
0.9990222215432094
0.9992236105719517
0.9994986107629241
0.9993748259547403
0.9993772565119837
0.9994758676915747
0.999592013605565
0.9996039927805506
0.9994848954756219
0.999674131718147
0.9996727428282937
0.999531770508174
0.9995682288668256
0.9997326387032214
0.9997142359126638
0.9995204857781151
0.9995637149748021
0.9996550344826628
0.9995921872167967
0.9998354165523726
0.9995755205385559
0.9997578123318142
0.9998045137531345
0.9998111109799381
0.9997100692431037
0.999659721985918
0.9998097220900848
0.9996359372471787
0.9996072913939523
0.9996520830917244
0.9999177082761863
0.9998671874077691
0.9996916664525461
0.9998894096454233
0.9998692707425492
0.9997796873470051
0.9995152774411649
0.9998378471096161
0.9998906249240451
0.9999222221682098
0.999874652690731
0.999874131857036
0.9998946179823736
0.9998326387726658
0.9999553819134598
0.9998934027037518
0.9999524305225213
0.9999611110841049
0.9999086804921392
0.9998151040382667
0.9998519096193816
0.9999593749717881
0.9999182291098814
0.999727430366271
0.9995484371864147
0.9999137152178578
0.9999614583065682
0.9998699651874758
0.9999265624490018
0.9998829860298514
0.9996920136750094
0.9999395832913773
0.9999093749370659
0.999982465265601
0.9999649305312017
0.9999038193776525
0.9999697916456886
0.9999397569026091
0.9999534721899113
0.9999239582805266
0.9999619791402633
0.9999517360775945
0.9999364582892071
0.9999829860992959
0.9997687498394096
0.9999305555073301
0.9999598958054832
0.9999685763670669
0.9999453124620226
0.9999534721899113
0.9999684027558352
0.9997565970531924
0.9998034720857445
0.9999388888464505
0.9999592013605565
0.9999432291272425
0.9999706597018471
0.9999394096801456
0.9999727430366271
0.9999664930322868
0.9999501735765094
0.9999730902590905
0.9999777777623456
0.999990451382258
0.9999671874772135
0.999976562483724
0.9999611110841049
0.9999887152699412
0.9999928819395013
0.9999593749717881
0.9999140624403211
0.9999864583239293
0.9999895833260996
0.9999741319264805
0.9999717013692371
0.999992534717038
0.9999574652482398
0.9999126735504678
0.9999894097148678
0.999992013883343
0.9999892361036362
0.999932812453342
