0.6512201410220443
0.7156387299783257
0.7336413266371828
0.7471816777337937
0.7622255603960397
0.7733492699156347
0.785357565282607
0.7950713948998221
0.8043722677659928
0.8165835715878416
0.8257477012546814
0.8343479397038515
0.844966007036483
0.8478104434061623
0.8547135019654339
0.854025645668907
0.8625093734673829
0.8675800353877773
0.8674496812486832
0.8748526381353458
0.8798936129568806
0.8849993407465505
0.887042579520565
0.8904369644789243
0.889813458293532
0.8961098047686051
0.9019070838088501
0.9058816158943002
0.9087774590203236
0.9079791223388237
0.9128769538851701
0.9151955674500345
0.918718212005819
0.921465444961269
0.9191307202637188
0.9248733429393956
0.9279771956122741
0.9260824064954976
0.929278540173635
0.9323993458873836
0.9313683891878355
0.9347181608807479
0.9346613769276477
0.9381542258020221
0.941080667176136
0.9423716853795475
0.942181667489266
0.9425693528318514
0.9454402534443889
0.9473991802281787
0.9470239787316178
0.9502113109284979
0.9502604862347398
0.9522887532060217
0.9535627727324189
0.953409668188437
0.9543116335385866
0.9572237262793903
0.9577330366681795
0.9567720858143698
0.9602081428673432
0.9605436424918066
0.9619983339408135
0.9597367986034986
0.9622479935510401
0.9623129558159754
0.9629740693317969
0.9607283901942227
0.965258243344128
0.9651552488605214
0.9684658584467698
0.965366860515475
0.9689534979615388
0.9690218011069875
0.9684752295930041
0.9703374801387171
0.9698105054146673
0.9712025588947899
0.9718692274309649
0.9710825185243642
0.9727106147333762
0.9738018174383695
0.9751650619220007
0.9753227285067773
0.9751458317948838
0.975580868571589
0.9760308094836403
0.9764385070624404
0.9776240349572364
0.9775709947416491
0.977613817181838
0.9783166987855426
0.9786100715276065
0.9797722588949559
0.97905421822296
0.9810025778787967
0.9801908257444597
0.9799223892212411
0.9818564033910877
0.9815086071861585
0.9820481019504168
0.9820593835200813
0.9824600767375232
0.9826059975228889
0.9836382115769023
0.9838949589524755
0.9844530480851469
0.9836096449240748
0.983885926143175
0.9852001605548807
0.9842049589877568
0.9851227050019596
0.9858084179733531
0.9853272650857507
0.9853981317235947
0.9861069932358956
0.9862404647957604
0.9861855456299458
0.9866167363812278
0.9875801389975619
0.9879228271016218
0.987606924267092
0.9868469959090406
0.9879574051362486
0.9880246161615484
0.9875321392154572
0.9878085290171082
0.9885676752660616
0.9888088260958201
0.9887411744456764
0.9886026703206299
0.9880721218143639
0.9890889376037423
0.9896032868523535
0.9903513230605994
0.9897507041885285
0.9898145192552097
0.9902755985338509
0.9903193384179113
0.9901268089660193
0.9906811134460137
0.9909175983734069
0.9911039984189878
0.9910135585961125
0.9908571934282856
0.991360306743377
0.9901705724549819
0.9918263808193564
0.9917360841995553
0.9891789305071329
0.9926114594140347
0.9920260106258757
0.991761722270831
0.9924143096959224
0.992216769710091
0.9923274578182049
0.9923975155947282
0.992437801294744
0.9925306944538038
0.9918385719645915
0.9926368394050445
0.9926631368399258
0.992958837025362
0.9929651662865128
0.9933576481452562
0.993809260284394
0.9930406689271789
0.9933890190604834
0.9931754891137983
0.9935968444890998
0.9938831215975165
0.9937453382088222
0.9939821661941296
0.994190764289883
0.9941073839064716
0.9943215732167624
0.9940081300130575
0.9945367885534756
0.9942644635160097
0.9945158195318853
0.9947156759454673
0.9949183712419725
0.9951639141572288
0.9950757026371357
0.9949846018769946
0.9949052217377017
0.994945682113995
0.9947661841418621
0.9949402183659302
0.9946135768744899
0.9951751138965651
0.995138615996547
0.9951471593975386
0.9951383799475233
0.9952118462719466
0.9954320406693961
0.9953754534238154
0.9953000373344577
0.9957395244220868
0.9958739323097446
