0.5575411122822246
0.6115020522041045
0.6827976067952135
0.7221042222084444
0.7551524087048174
0.7765082522165044
0.7923435426870855
0.8089301630603261
0.8273636679273358
0.8397618203236407
0.8308399280798561
0.8607982763965527
0.8666649017298034
0.8748037696075391
0.882218848037696
0.890847814495629
0.8881646103292208
0.9077661479322958
0.9079422158844317
0.9150752061504122
0.9153935271870542
0.9224672577345153
0.932815264430529
0.9287685039370078
0.9341310558621118
0.9408076632153264
0.944479744559489
0.9484836257672514
0.9539707483414966
0.9513247938495876
0.9497993179986359
0.9608837125674253
0.959893161386323
0.960553115506231
0.9600257424514848
0.9676790129580258
0.9676677661355324
0.9693051150102301
0.9706103416206832
0.9719336598673197
0.9728604253208507
0.974099460598921
0.9764387996775994
0.9756687705375411
0.9783186062372125
0.9767651063302125
0.9802471076942153
0.9800171616343231
0.9833418190836382
0.9815801599603199
0.9827184822369645
0.9852751193502387
0.9841714055428111
0.9852802033604069
0.9855625395250791
0.9885472874945747
0.986224192448385
0.9872659185318371
0.9878417632835266
0.9881339946679893
0.9901756091512183
0.98930356500713
0.989162229524459
0.9896018848037694
0.9886733089466179
0.9920883377766755
0.9916921817843636
0.9912350424700849
0.9928555273110546
0.9931959575919151
0.9904804141608282
0.9930365676731354
0.9938312852625706
0.9934215388430777
0.9934279372558744
0.993966197532395
0.9943145390290781
0.9948779961559923
0.9948034472068944
0.9943491102982204
0.9950712629425259
0.9949623659247319
0.9948851757703515
0.9956791865583732
0.9950041044082087
0.9954529605059209
0.9957927211854425
0.9947934527869056
0.9963345526691055
0.9967937007874016
0.9966782317564636
0.9970317068634139
0.9971323454646909
0.9967814495628992
0.9970131068262136
0.9967363382726766
0.9968765825531651
0.9976137888275777
0.99701023002046
0.997655998511997
0.9977147746295493
0.9973479818959639
0.9975875007750015
0.9973415586831172
0.9973404426808853
0.997942761485523
0.998176179552359
0.9979530287060576
0.9981416082832166
0.9980578089156178
0.9981707731415463
0.9981151218302436
0.99829023498047
0.9984215512431025
0.998270456940914
0.9985216442432885
0.99871317502635
0.9983561287122574
0.9985078802157605
0.9986232996465992
0.9982100068200136
0.9985226858453716
0.9985657387314774
0.998684158968318
0.998480748961498
0.9986412300824601
0.9989258850517702
0.998864058528117
0.9985483786967574
0.9985809659619319
0.9987528551057102
0.9990508897017794
0.9990904085808172
0.9992110608221216
0.9988820633641268
0.9990522413044826
0.999136437472875
0.9992121272242545
0.9990766693533386
0.9991092566185131
0.9991775063550127
0.9991589063178126
0.9991240622481244
0.999239382478765
0.9993151962303924
0.9992974641949284
0.9993166346332694
0.9991285262570525
0.9993165602331205
0.9992149296298592
0.999412536425073
0.9994327236654473
0.9995444974889951
0.9994817533635068
0.9995538719077437
0.999329729059458
0.9995380494760989
0.9994131316262632
0.9992745241490483
0.9994930125860252
0.9995059086118173
0.9994903837807676
0.9996687209374419
0.9995854919709839
0.9992521793043586
0.9996040176080351
0.9996703081406162
0.9996191456382911
0.9996342984685969
0.9995008494016988
0.9995548391096782
0.9996316200632401
0.9997036394072788
0.9996334552669106
0.999646450492901
0.9997482298964597
0.9996542129084259
0.9996453840907682
0.9996548329096658
0.9995502263004526
0.9996172360344721
0.9996601401202803
0.9997070618141236
0.9996747225494451
0.9997427490854982
0.99959627999256
0.9998015500031
0.9997165850331701
0.9996301816603633
0.9998308884617768
0.9997716907433816
0.9997621179242359
0.9997381114762228
0.9996863785727571
0.9997054002108003
0.9996904457808916
0.9997928203856408
0.9996932977865955
0.9998267716535434
0.9998168268336538
