0.534538118805615
0.5934823044694506
0.6650309481918408
0.7025934141741453
0.7223972507373138
0.7345180879207118
0.7638218168930294
0.7696002050555042
0.7839906712403325
0.8007375669278382
0.8156635823956052
0.825117527182512
0.8396652025872435
0.8485697062136881
0.8560703707454147
0.8680216257610471
0.864946584306925
0.8779411224890195
0.8901790438337785
0.889002316367733
0.9003722010556561
0.9073025707884512
0.9107930078604609
0.9183068364492487
0.9215308595876105
0.9214987405541561
0.9284581598167158
0.9342619900510107
0.9325713580496944
0.9403197346936193
0.9370265053225826
0.9409421477665406
0.9503837828943205
0.9513017227193904
0.9539770958064884
0.9571401402478388
0.9586341657911724
0.9558011721073884
0.9608604420085313
0.9628132792425603
0.9650511689429515
0.9661285647380479
0.9679083389238381
0.9686080908319938
0.9704715327266052
0.973829822918117
0.9717377821095401
0.9757864891206662
0.976096603926433
0.9748460185056265
0.9770884333506322
0.9784994873612396
0.9803403035327772
0.9799050036074579
0.9798884852473957
0.9832774704758046
0.9816824044656531
0.9828638785868892
0.9843495816614558
0.9866622153589104
0.9853522651038569
0.9851590445932432
0.9869389137121374
0.9882699391162361
0.9875642697112768
0.9869466982266497
0.9897029226738225
0.9899336734048073
0.9884093009126236
0.9891956634558181
0.9900453147348836
0.9911022049795578
0.9908839537739073
0.9904481475387011
0.9905662443198358
0.9922219409389516
0.9902033467083527
0.9930974773109882
0.9931248813336202
0.9917987291621837
0.9936503044188196
0.9939856714301988
0.9928267913876687
0.9935299292431933
0.9943638216270269
0.9931606394693874
0.9941559814184272
0.995293849600648
0.9950433527840715
0.9955883953773907
0.9954063769730264
0.9955808640178221
0.9953872004860576
0.9958086401782211
0.9959442046504563
0.996279445084364
0.9961794488816881
0.9960996417857549
0.9956189005480804
0.9959748996873536
0.9961462222953559
0.9961595129298888
0.9961286280267837
0.9965969646722276
0.9966129134336671
0.9970204928926749
0.9970251129703935
0.9967105679531157
0.9967648696884929
0.997261496398871
0.9971996000151894
0.9974911079326103
0.997524461096414
0.9975345240054175
0.9972985835980913
0.9973316203182159
0.9975012974190853
0.9978567902484716
0.9979969747984254
0.9976496462159664
0.9980993126843284
0.9981678543852764
0.9981493740744021
0.9983001278432465
0.9982463324177563
0.9980460868574611
0.9982769008771818
0.9981800058225636
0.9983075326253433
0.9988285887877676
0.9986991000341758
0.9984814500715162
0.9985165753199245
0.9984061997645659
0.9987069794817919
0.9983127855904205
0.9989125096515322
0.9988512461552094
0.9986527726795186
0.9986347986785312
0.9989283951242357
0.9987257445919775
0.9989334582231055
0.9986405579534956
0.9988375757882612
0.9989149779122313
0.9989435844208447
0.9988437780843765
0.9992414212118527
0.9990500360745794
0.999188385251193
0.9990724402870776
0.9993315443717328
0.9991527536928978
0.9991464248193107
0.9994022378897004
0.999360340746554
0.999323569991013
0.9992713251395517
0.9993733149374076
0.999265850663899
0.9994289457362379
0.9994091363619103
0.9991714871587155
0.9994457172512435
0.9992082579142564
0.9994144526157235
0.9995610293280003
0.9994669822664962
0.9995069807475666
0.9996420389099149
0.9995126134450592
0.9996133691125654
0.9996201410073035
0.9995824842094604
0.9993935040441502
0.999551852461299
0.9995398908902194
0.9996495069807476
0.9996412794450844
0.9997572876979355
0.9997299469640394
0.9997181752591674
0.9997302634077188
0.9996350771489689
0.999730073541511
0.9996266597470982
0.9997490601622724
0.9997767173398477
0.9996742528764732
0.9996326721770059
0.9995934331607661
0.9997025429414074
0.9994994493879978
0.9998051339822538
0.9998007037707429
0.9996911509689506
0.9998361454628305
0.9997751984101869
0.9997989949748743
