0.5384059924565192
0.5920269892340368
0.6649878180595064
0.7031139408262556
0.7304685574919564
0.7569737389109069
0.7724260328194327
0.7945583133240447
0.80800853617671
0.8170953315579027
0.8324695703440926
0.8418794705957939
0.8581534345009687
0.8609378204530623
0.8675286155923799
0.8779359988309366
0.8902756620701993
0.8970409600427314
0.904557935394143
0.9135237932068361
0.9177596315435412
0.9242123562921548
0.9203492072290432
0.9360415118203878
0.9413209909825925
0.9437641314289027
0.9454776152119305
0.9496657839903854
0.9551464730321818
0.9578457491704438
0.9599382210587579
0.9523633972370805
0.9655014499910556
0.9680902194261007
0.9704201824645564
0.9735544811148429
0.9763131678336303
0.9741404236342244
0.9761646161869897
0.9803028982184384
0.9812276674922334
0.984035585879531
0.9832126561165435
0.9857898357012742
0.9878814509484781
0.9862894086404854
0.9867211557600295
0.9878343356874166
0.9894051635302683
0.9902747046477819
0.9913100310154472
0.9926666481900936
0.9920897759883496
0.9929076162953294
0.9932648860289393
0.9944217546529469
0.9946614126011906
0.9945824000564376
0.995005983890108
0.9951379066210799
0.9964222635985477
0.994883433820695
0.9967149325143172
0.9967355422916157
0.996416519064044
0.9968809193270832
0.9974437829271425
0.9973881516456329
0.9972213585824101
0.9972547171950547
0.9976143048987274
0.9979257191376144
0.9977246604299834
0.9986146601528347
0.9977226448038419
0.9977356455924555
0.9984223694189203
0.9988115868268754
0.9988962431248253
0.9989691080098464
0.9989741470752004
0.9984897921133586
0.9990547721208669
0.9992988644466225
0.9991296526320299
0.9993639691709981
0.9990419728948674
0.9994877286160962
0.9995318708285987
0.9995642216281724
0.999385435589407
0.9993802957427456
0.999389366060383
0.9994320973345866
0.999383117619344
0.9996550255858544
0.9995354989556536
0.9996603669951297
0.9992269065933651
0.999589114611022
0.9996879810732705
0.9997621561152837
0.9996974545161363
0.999738170164198
0.999768606118937
0.9997796920627163
0.9996688326249248
0.9997878553485899
0.9994463074988851
0.999669134968846
0.9998198030229353
0.9995393286453229
0.999610984154659
0.9997125717121988
0.9995047606569933
0.9993314168088102
0.9998484249141469
0.999870294457784
0.9999114132310739
0.9997655826797246
0.9998514483533594
0.99994436871849
0.9998921640014211
0.9997880569112041
0.9996966482656796
0.9997219443737576
0.9999045601021923
0.9999013351003656
0.9997087420225296
0.9998655577363511
0.9998953890032477
0.9999136304198297
0.9997199287476158
0.9997086412412226
0.9997222467176788
0.99977576159174
0.9998414710039583
0.9999263288645222
0.9998051897334083
0.9998639452354378
0.9999431593428051
0.9999164522964281
0.999802569419424
0.9998437889740212
0.9999594859145526
0.9999693624826468
0.9999380194961439
0.9999280421467426
0.9999413452792776
0.999936910901766
0.9999721843592451
0.9999439655932617
0.9998584022635482
0.9998942804088697
0.9999439655932618
0.999694531858231
0.9999633156042218
0.9999746031106151
0.9999656335742846
0.9996838490396801
0.9999628116976863
0.999863138984981
0.9999695640452608
0.9999498109090725
0.9999251194888371
0.9999632148229146
0.9999517257539071
0.999490953617923
0.9999244140196876
0.9999799445198905
0.9998891405622085
0.9998583014822411
0.9999799445198905
0.9998254467761319
0.9999580749762534
0.9999401359035927
0.999927336677593
0.9999702695144105
0.9999740992040796
0.999990425775827
0.9998008561372037
0.9999756109236858
0.999981758583418
0.9999429577801909
0.9999517257539072
0.9999738976414655
0.999972083577938
0.9999682538882688
0.9999836734282525
0.9999638195107572
0.9999911312449765
0.9999867976487722
0.9999681531069617
0.999986596086158
0.9999813554581897
0.9999754093610717
0.9999848828039375
0.9998749303979099
0.9999887124936068
0.9999814562394966
