0.5480144396747127
0.6151708401717005
0.6975305765036464
0.7342155103062888
0.7512965446048028
0.781726596159865
0.7820707995985131
0.8126486068134245
0.8158867017360342
0.8295187773987104
0.8427099631774093
0.8481448701418761
0.8569114605819891
0.8629955600148846
0.8709783453648109
0.8790190091578604
0.8859442783647007
0.8851088366242765
0.8923411192261574
0.8977650148704963
0.9017784800280417
0.9063604237573127
0.9124822039890302
0.9208807203501344
0.9230891954963885
0.9245063968715336
0.930434581839137
0.9352709438069331
0.9385906037798211
0.9384845316410132
0.9437806162241467
0.9464163244569211
0.9489225499935404
0.9510042339292697
0.9530074583750627
0.9543535845926419
0.9566650876617635
0.9576447347547814
0.9614417538585323
0.9620382361496916
0.9608158339225462
0.963621397135928
0.9670634085182591
0.9680812731736145
0.9683170043737332
0.9694972553287734
0.9690866235709976
0.971451787655617
0.9717172555545208
0.9729560674091546
0.9742921331448341
0.9747150951273773
0.9771490262864444
0.9772692306418231
0.9769574323834398
0.9797629879287714
0.9803398400113463
0.980801149913081
0.9788903024683884
0.981660730675624
0.982090915961482
0.9827264286283035
0.9820248327046146
0.9827823517186187
0.9837692681232526
0.9843481138988871
0.984715819911485
0.9852152016826033
0.9851515568657083
0.9861553046405936
0.9868886616283282
0.9861343018510182
0.9867262446564425
0.9872752540486384
0.9884060614158067
0.9879238790813505
0.9892428143928198
0.9900274859726823
0.9893638008893222
0.9896841490237099
0.9894705554846005
0.9887824169890622
0.9897371812590888
0.9898334536297053
0.9908005174522982
0.9919928225822976
0.9923350630000872
0.9921038559496033
0.9921485760185347
0.9918572361181606
0.9928591205568403
0.9916526372019688
0.9933103009642236
0.9932001724268447
0.9932134688259406
0.9934166414847897
0.9939692932008442
0.9943838126600859
0.9941168571594377
0.9944478255433918
0.9948931859006518
0.993447988474123
0.9946217982669717
0.9944839113877662
0.9945874607380492
0.9955107093216377
0.9953321204318204
0.9957558415513361
0.99556855709256
0.9952192313963591
0.9960121077899663
0.9954937629306331
0.9958224308995188
0.9952329725423684
0.9963026195409156
0.9959033288294276
0.9964574068028242
0.996581736569226
0.9961368976393815
0.9963630744489156
0.9964410815238882
0.9971098965328512
0.9973906545239104
0.9967354809763033
0.9973386498072621
0.9970956953038284
0.9969122602062669
0.9969741260355088
0.9972837158954265
0.9973864217601843
0.9979373865051886
0.9975966030169423
0.9972790460528373
0.9978262917934809
0.9975941492408692
0.9979769689804671
0.9981785773570697
0.9978753213066407
0.9979396255758552
0.9979566026390608
0.9979147350848142
0.9976324588198099
0.997664173875554
0.9983496055493617
0.9984470434636129
0.9980474690342661
0.9983610616164028
0.9984247677776995
0.9982450440164488
0.99835693620538
0.9986536744131149
0.9981795128591976
0.9983294232411609
0.9985831436871152
0.998762192659946
0.9987521781863478
0.9988120963308318
0.9987143286904209
0.9983780080074075
0.9988591628231331
0.9990021259515898
0.9988562643001468
0.9988037074838819
0.9988494550715442
0.9988252853772246
0.9990153456701831
0.9984971541718549
0.9986424330514804
0.9990902931931147
0.9990310805092519
0.9989067354067496
0.9987255393798548
0.9991545821262289
0.9988588254289231
0.9988667771970098
0.998904772385891
0.9990549588176628
0.9991299370127952
0.9992210334495074
0.9991683692805393
0.9991719579280461
0.9990569985190233
0.9991066874845029
0.999196135290416
0.9993032042757538
0.999307475379731
0.9993282941361007
0.9988798818948501
0.9990406348998362
0.9992129819967677
0.9992931591299549
0.9991167326303019
0.9992550642564205
0.9992505861150872
0.9992270605369866
0.999398058057078
0.9993109950147858
0.9994582215791693
0.999378412512393
0.9992869633453703
