0.5662094062499999
0.609543875
0.6687157187499999
0.70544859375
0.72151003125
0.7540911562499999
0.7764410625
0.808987
0.8162339062499999
0.8426105625
0.8571940625
0.8684828125
0.87601990625
0.8916869375
0.8977170624999999
0.89640190625
0.9152055
0.9145633749999998
0.927726
0.9330131250000001
0.9360684374999999
0.9421407500000001
0.9478388749999999
0.9485640000000001
0.9517454375000001
0.9560655
0.9608095624999999
0.9668068124999999
0.96883953125
0.9702893749999999
0.9726654375
0.974935875
0.9770024374999999
0.9794599375
0.981391625
0.9825533749999998
0.982307375
0.9844826875000001
0.9844755624999999
0.9866958125
0.98865646875
0.9853552500000001
0.9875313124999999
0.9869095625000001
0.9906594375
0.9907884375
0.9907640625
0.9931471875
0.9926964375
0.993760375
0.9924739375000001
0.9930964375
0.9933183750000001
0.9932876875
0.9942725625000001
0.9941338124999999
0.9942739375
0.9953856875
0.9950265625000001
0.9957538125000001
0.9949365
0.9963298750000001
0.9960936874999999
0.99696925
0.996430375
0.9971936875
0.9972244375000001
0.9970049375000002
0.9969178749999998
0.9978026875
0.9981340625
0.9978248749999998
0.9980787499999999
0.9982990625
0.9979968124999999
0.9976395
0.9982613749999999
0.998541375
0.998545125
0.998612
0.9982424999999999
0.9985836875
0.9982798125000001
0.9985011875
0.9986911875000001
0.998984625
0.9993008125
0.9984871249999999
0.9986075000000001
0.9991713125
0.99913675
0.9990334375
0.9993104999999999
0.9989018125000001
0.99920675
0.9992185625
0.9991140625
0.9993519374999998
0.999258875
0.9994340625
0.999292125
0.9994340625
0.99916775
0.9994741249999999
0.9993585
0.9995680625000001
0.9996124375000001
0.9995993125
0.9991950625
0.999392625
0.9994670625
0.9995271875
0.9995898125
0.9995287500000001
0.99952390625
0.9995853749999999
0.9997320624999999
0.9996083124999999
0.9994730625
0.999684
0.9998006875000001
0.9997324375
0.9996279374999999
0.9997424375
0.9997898749999999
0.9997193124999999
0.9995839999999999
0.9995721249999999
0.9995954375
0.999655375
0.9998349375000001
0.9997555625
0.999680375
0.9998195000000001
0.9998803125
0.9998488750000001
0.9998788750000001
0.9996956875
0.9998200624999999
0.9998541875000001
0.999782125
0.9997508125000001
0.9998388125
0.9998611875
0.9998223125000001
0.99971425
0.99985425
0.99985675
0.9998460625000001
0.9998751250000001
0.9998528124999999
0.99990225
0.9998848124999999
0.9998584374999999
0.9998530625
0.999904625
0.999830875
0.999815625
0.999816625
0.9997338125
0.999707875
0.9998683125
0.9999391875
0.9997580625
0.999904
0.9999221875
0.9998894375
0.9999311875
0.9999436875000001
0.9999009375
0.999873
0.9999421875
0.9999100625
0.9999514375
0.9999488125
0.99984675
0.9999074375
0.9998514375
0.9998821250000001
0.9997219375000002
0.9999176875000001
0.9999205625
0.9999325
0.9999455625000001
0.9999288125
0.999885875
0.999868875
0.9998989374999999
0.999943875
0.9999261875000001
0.999922875
0.9999375
0.9999416875
0.9999083125
0.999916375
0.9999402500000001
0.9999644375
0.9999379999999999
0.999937125
0.9999218750000001
