0.5544391109012219
0.5737034247769711
0.6111821639908512
0.658015377480923
0.6976286606895329
0.7447455324055756
0.7612428883994559
0.7773722944953645
0.8099008219298139
0.8291322702019795
0.8494565224280131
0.8609940695240608
0.8748081255361031
0.8798246117558182
0.8955306581758123
0.8988148645239983
0.9091587473841063
0.9213682738459873
0.9232986527275462
0.9277231959273451
0.9356366538216178
0.9454141256183125
0.9457677703775345
0.9548245529055638
0.9583466953590326
0.9631990346385355
0.9645017076533036
0.9652841444196106
0.9689698000413219
0.9728456777928656
0.9749602127011161
0.9744269388578451
0.9705635554679943
0.9807688233443929
0.9797978846864577
0.9812868866603855
0.9846589156958336
0.9842496800809635
0.9865948174474164
0.9853756212549737
0.9875646696391177
0.9885046440093791
0.9875170462025197
0.9898630889575012
0.9908970426570185
0.99115942425257
0.9925256555420372
0.9925582495290621
0.9930527727433146
0.9930544024426659
0.9928658100121847
0.9952870905538824
0.9935201343017126
0.9954187340459224
0.9949957365254194
0.9958745066311561
0.9954927948275515
0.9965582560478594
0.9965711125649639
0.9965788989063087
0.9962431808399507
0.9972184653628228
0.9971085511954658
0.9962562184347608
0.9968573964176674
0.9971626934294688
0.9974922548538332
0.997555269895415
0.9972504255778778
0.9982589378597448
0.9971188726246906
0.9977859628924701
0.9978210919673748
0.9978538670321055
0.9973993619908117
0.9977803494835935
0.9977090048675499
0.997991848243845
0.9981689422400144
0.9989082825123664
0.9989256659721129
0.9983969190714842
0.9986107718419097
0.9988403783727308
0.9980572172956008
0.9989010394041384
0.9984887254682715
0.9989350820128091
0.9987967386456582
0.9992164767674587
0.9992552273964774
0.9993236747692301
0.9993459473270305
0.9992684460689931
0.9993238558469358
0.9991715694964465
0.9991583508239307
0.9996421904535472
0.9995920319290696
0.9996054316792911
0.999635128423025
0.9993875951993403
0.9995947480946551
0.9994341321697039
0.9995706647597977
0.9997240375765212
0.9996063370678197
0.9997215024886414
0.999619736818041
0.9996132180206361
0.9997109999817111
0.9992829322854487
0.9997307374516319
0.999656495592297
0.9997845175302232
0.9998076954765522
0.9998408326966943
0.9997568126412519
0.9998095062536091
0.9997622449724228
0.9999219555088456
0.9998679943525486
0.9998069711657294
0.9998685375856656
0.9997428696579135
0.9996554091260628
0.9992208226323954
0.9997881390843371
0.9999022180389248
0.999838659764226
0.9998755996161877
0.9999429605227061
0.9998221816930077
0.999887912900175
0.9999188771878488
0.9998775914709503
0.9997349022388629
0.9998971478631654
0.9997569937189577
0.9998951560084027
0.9999214122757284
0.9999511090194625
0.9999554548843992
0.9999634223034497
0.999886102123118
0.999966138469035
0.9999492982424054
0.9999369849584182
0.9999686735569148
0.9999871434828957
0.9998602080112037
0.9999619736818042
0.9999728383441459
0.9999167042553805
0.9999909461147152
0.9999355363367727
0.9999398822017093
0.9999914893478324
0.9999837030064874
0.9999554548843992
0.9999942055134178
0.999963241225744
0.9999889542599526
0.9999873245606014
0.9996226340613321
0.9994357618690551
0.999940606512532
0.9998078765542578
0.9999889542599526
0.9999842462396046
0.9999735626549686
0.9999782706753166
0.9999942055134178
0.9999645087696838
0.9999878677937184
0.9999860570166615
0.9999701221785603
0.9999358984921841
0.9999425983672948
0.9999923947363608
0.999993481202595
0.9999724761887344
0.9999945676688292
0.9999391578908866
0.9999985513783545
0.9999942055134177
0.9999833408510761
0.999995835212769
0.9999880488714242
0.9999985513783545
0.9999978270675317
0.9999974649121203
0.9999706654116775
0.9999706654116775
0.9999978270675317
0.9998551378354442
0.9999914893478323
0.9999806246854908
0.9999904028815982
0.9999990946114716
