0.5682504460203895
0.6677859811421456
0.7244360816832615
0.7563038291281643
0.7787785741804678
0.8134832215714569
0.8337962018209802
0.8449507691550399
0.8519732405207828
0.8569619974736816
0.877519196415248
0.8927593851294496
0.8973334560058975
0.9075830951586391
0.9138354836884248
0.919622666072102
0.9299350344122704
0.9346985646341005
0.9392005920259346
0.943035151309728
0.9459369606428429
0.9533928072405108
0.9548106394903333
0.9563717835273032
0.9618642998225996
0.9642321298243941
0.966360137870009
0.9690215196359435
0.9715212880502969
0.9735902490233674
0.9764816539594945
0.9761768620551861
0.9783818432589585
0.9776717522487064
0.9779719657338514
0.9811275139639363
0.9850790894052378
0.9845002585232239
0.985920222523768
0.9857463152688778
0.9866186373539315
0.9878286239083983
0.9882596978185212
0.9894963312570082
0.9897166162023131
0.9908071399308304
0.9911124889972593
0.9912132868921749
0.9921888535405861
0.9929077380225647
0.9940544018908242
0.9934702537442264
0.994539932342108
0.9944992595073175
0.9950075851566584
0.9930517038695926
0.9942621143517598
0.9950358793025996
0.9948891760938497
0.9961936137399472
0.9953892896580245
0.9963703794787597
0.9963757088555637
0.9961077865489629
0.9969572165381997
0.996976426519134
0.996421396149438
0.9971590787968709
0.9975677693244174
0.9973601416490218
0.996925870112816
0.9971886568381331
0.9978874350348967
0.9981887143954027
0.997747538893792
0.9978781812988099
0.9984300867157436
0.9985033656467984
0.9981884721510024
0.9983817831823473
0.9980780571533995
0.9985708791611291
0.9986492936734678
0.9984626443631278
0.9985166648643684
0.9987146754370768
0.9988522218074998
0.999051346704449
0.9989914638887241
0.9990213083988266
0.9990133143336204
0.9990574633755537
0.9987987342439397
0.9992797589493801
0.9991435933720382
0.9990849460027542
0.9989295583322577
0.99923957060339
0.9992418719251918
0.9991839270646684
0.9993604263346408
0.9992642310833286
0.9994891065600171
0.9993600871924804
0.9992842889196636
0.999442329166342
0.9995620705733518
0.9993688322153269
0.9994464715455852
0.9997311329402384
0.9995228996538424
0.9995401232306954
0.9991168253658181
0.9996993262504946
0.9995911156769336
0.999622122960157
0.9995882087441313
0.9995261941776848
0.9994703326190031
0.9997521839786142
0.9996203303515954
0.9995495707623023
0.9998043876468534
0.9997740344235106
0.9997280079874761
0.9996986964150542
0.9997886902097216
0.9996651576778492
0.9997540250360557
0.9998012626940911
0.9997285167007166
0.9997814228777162
0.9998433889952827
0.9997782979249539
0.9995416493704165
0.9997496646368524
0.999771829999469
0.999865263664619
0.9998100077169376
0.9998161122758221
0.9998910384687983
0.9997875032121607
0.9997622128967818
0.9998808884284307
0.9998439703818431
0.9998357340722369
0.9998122605898592
0.9999068085792502
0.9998968523344027
0.9999044588085684
0.999905112868449
0.999838544107279
0.9998780057200686
0.9997897560850825
0.9999207618567005
0.999914584624496
0.9998813244683511
0.9999508728356433
0.9999420066905966
0.9998866780695951
0.9998966827633227
0.999923983707223
0.9998084573527765
0.9999229420563023
0.9998181229043437
0.9999277384954259
0.9999190661458993
0.9998527154046896
0.999871998058944
0.9999476025362407
0.999935756785072
0.9999488864315617
0.999927956515386
0.9998977970875634
0.9999594967362896
0.9999483534938812
0.9999616769358912
0.9999140516868157
0.9999176853528184
0.9999538282173254
0.9999609986515707
0.999883868034553
0.9998810822239509
0.999963905584373
0.9999520840576441
0.9999436539525177
0.999964026706573
0.9999703977342977
0.9999624521179719
0.999963929808813
0.9999687020234965
0.9999454465610791
0.9999503398979628
0.9999665944972149
0.9999684597790964
0.9999420551394765
0.9999393420021945
0.999957340761128
0.9999630577289724
0.9999729170760596
