0.6109421359977663
0.6927179400016996
0.721531615049351
0.7531648265731039
0.7775067610387403
0.8153608857701319
0.834827490924984
0.8551784870521679
0.8634491714115748
0.8788689239883937
0.887110665420243
0.9018696548458766
0.90879259915745
0.9147732083672255
0.9228610569510373
0.9224040403549879
0.9328215712221831
0.9344227464215906
0.9435595721691413
0.9496279231264189
0.9486673967147834
0.9534856754361473
0.9582804016074008
0.9569078949604827
0.9643104177542522
0.9665043110879094
0.9678563925748764
0.970613934854132
0.9711450472872074
0.9734594519782928
0.9746831356456918
0.9764506355546381
0.9783278175041581
0.9786636040257866
0.9780224307688572
0.9807882674307081
0.9808216003593584
0.983798506719761
0.9841305636829388
0.985125617647416
0.9857184329055835
0.9877520911993588
0.9874829511102478
0.9875700032779322
0.9880368002525223
0.9897465988417974
0.9889702776530006
0.9906592820114363
0.9908666804258883
0.9916059682647599
0.992465262416686
0.99333378334082
0.9929050492296858
0.9915402736466389
0.9938082822421056
0.993818062620646
0.9937131105148783
0.9938367007005063
0.9951131323677597
0.9951786715876119
0.9952835459942455
0.9953172674185675
0.9959797496631013
0.9956983039735823
0.9957155920309825
0.9962745984533016
0.9964698758027899
0.9964267139336399
0.9961551943085386
0.996618018914883
0.997173130668091
0.9964105913632556
0.9972972356104844
0.997816965120373
0.997523592613726
0.9965981473612646
0.9973904260097853
0.9978577183163568
0.9976987847369764
0.9981263630734863
0.9981111728927144
0.9978930908472848
0.9979741310444463
0.9983120445798783
0.998243300270733
0.9984528548361642
0.99796896405201
0.9980783061588705
0.9987103691922933
0.9984841287377532
0.9985626048634801
0.9987552210176159
0.9986341657662469
0.9988049678884047
0.9989033349925336
0.9990739428668551
0.9987762969078172
0.9989990214765263
0.9989141157474294
0.9987244715851836
0.9988282582039361
0.9990988842889923
0.9989719627529774
0.9988464398013815
0.9990515849409365
0.9993200937245809
0.999121096529034
0.9992279619759861
0.9992404521118382
0.9994912454928432
0.9992878291590283
0.999393888477461
0.9992939285410773
0.9994254537508043
0.9994455389770422
0.9992897327878206
0.9993182483701393
0.9994688098677901
0.9994278041496194
0.9993481819616604
0.9995389916109215
0.999211819980818
0.9992584006118806
0.9993703456397433
0.9995162451893308
0.9994082433925385
0.9993779601549128
0.9995053478857336
0.9994449173839673
0.9995634279886849
0.999612592115966
0.9995186732872805
0.9995533271012151
0.9996410688487173
0.9995168473576224
0.9996164576479015
0.9995127875778508
0.9994992096541174
0.9996139130012505
0.9997252947103885
0.9996055409195207
0.9996876300549964
0.9996250239774672
0.9997069188651071
0.9997087836443322
0.99971503842465
0.999629316854642
0.9998087241559324
0.9996731391664339
0.9996889120907135
0.9997892216732023
0.9997053260328521
0.999698371960325
0.9997828891937501
0.9998380944287293
0.9997975937549322
0.9996600080127233
0.9996920783304398
0.9996488290497638
0.9997983513214924
0.9997831028663697
0.9997901734875985
0.999756801709381
0.9998647646566063
0.999827488496886
0.999891396034916
0.999840697349731
0.9998838397940972
0.9996265488229795
0.9998773907659434
0.9998293921256785
0.9998424844298219
0.9998318007988443
0.9997838118709708
0.9997048598380458
0.9999021379402445
0.9998836066966941
0.9998223215044495
0.9997152132477024
0.999771991890153
0.9999206497590113
0.9998716216052155
0.9998439024390243
0.9998862290424795
0.9995075525986719
0.9999335089657517
0.9999076157292185
0.999895436389904
0.9999034782503126
0.9998945428498586
0.9998426786776579
0.9998741662518665
0.9999331981692141
0.9999267297162768
0.9999433961806019
0.999930556398645
0.9998787505007952
0.9999190375019728
0.9998893758574221
0.9999053818791049
