0.5662187295139657
0.6637433127551329
0.734242377687064
0.7665726477508092
0.8044456474089566
0.8235489151199502
0.8452547688471516
0.8549085483319593
0.8671916990086268
0.8789637595769068
0.8830655271571919
0.891807355868809
0.9050833919845562
0.9147655331898892
0.9179336161998028
0.9281802569929015
0.9310793299684289
0.9399733435218885
0.9428454865370308
0.9430728950913954
0.9531915783546824
0.9536540047055038
0.955995286452573
0.9600952200929035
0.9636190713668081
0.9651349031752098
0.968399364555893
0.9705005932152264
0.9707414506625912
0.9712578334573387
0.976173355587283
0.9791685334513061
0.979694648997567
0.9809219087454001
0.9818168070944521
0.9827974501799756
0.9831247280259003
0.9859471616159585
0.9851616240020913
0.9870781556033703
0.9870242956825998
0.9894988276458404
0.9910300227231595
0.9897484043515856
0.9911722495927928
0.9905524100625389
0.9915399062921033
0.9924710008244687
0.9938282772627641
0.9926236843692815
0.9949780289167286
0.9945517504876429
0.9949796698103722
0.9951603289830884
0.9960397514528747
0.9956166904623056
0.9959649460073599
0.9969835548673811
0.9967643829556193
0.9967910233465381
0.9970050795310583
0.997187572643729
0.9969378994148284
0.9973508254740695
0.9981075831004041
0.9977814796195378
0.9976766554726617
0.9979345009953949
0.9979236582275934
0.9980157734923284
0.9981510346075728
0.9983517062478635
0.9982402541776428
0.9984935631120674
0.9985146695087372
0.9986157936013191
0.998554372700034
0.9989601238713829
0.9988775322246577
0.9989592873373686
0.9988208409579924
0.9988393734038489
0.9990139516177682
0.9992679683886665
0.9991398821613142
0.9992112127732309
0.9992980836131834
0.9993134951436787
0.9992061935691448
0.999368255947234
0.9994101791711074
0.9993783265297914
0.999504160550182
0.9992983088338796
0.9994117878903658
0.9995466629129884
0.999470377445756
0.9996815057612257
0.999665225522331
0.9994258159222988
0.9995707293530937
0.9995565082748497
0.9994694765629712
0.9995091154054978
0.9995673510426513
0.9997331134750347
0.9996924450521828
0.9996056385610008
0.9995603370266847
0.9997622956423817
0.9997382935510467
0.9997531581169942
0.9998037684248627
0.9998251965653844
0.9998161555631523
0.9997655774296688
0.9998378410987553
0.9988081964246215
0.9995712441432565
0.9998006153351163
0.9997963683162743
0.99985219087454
0.9998547969997387
0.9998592370648917
0.9998724929115808
0.999800164893724
0.9998121981137766
0.9999009028936837
0.9998878400933058
0.9998722033421142
0.999820885197772
0.9999305033280379
0.9998467212290615
0.9996398721068189
0.9999342999054879
0.9998892879406382
0.9998525447927767
0.9998988437330331
0.9998945645398057
0.999921494500191
0.9999433409077199
0.999861424923083
0.9998505178065114
0.999904409901667
0.9999526714794185
0.9999246797643226
0.9999016107301574
0.9999375816927748
0.9999355868808945
0.9998877757445354
0.9999248084618633
0.9998907036135856
0.9998832713306118
0.9999785396850932
0.9999484244605763
0.9999244867180116
0.999931275513282
0.9999725874238372
0.9999710430533492
0.9999550845583061
0.9999640612117677
0.9999234571376863
0.9999308572462748
0.9999116813127149
0.9999401234692031
0.9999652194896338
0.9999473305314805
0.9999186631542962
0.9999124213235738
0.9999565324056385
0.9998403185264132
0.9999469122644734
0.9999340425104064
0.9998984254660259
0.9999430513382533
0.9999875163385549
0.9999766092219832
0.9999743570150215
0.9999490357738945
0.9999319190009853
0.999924358020471
0.9999228458243681
0.9999577228578899
0.9999685334513061
0.9999605863781698
0.999969080415854
0.999982722355165
0.9999489070763539
0.9999417000140762
0.9999636429447605
0.9999841702024975
0.9999695952060167
0.9999425365480906
0.9999715578435119
0.9999763196525167
0.9999716543666674
0.9999111665225522
0.9999489070763539
0.9998838826439301
0.9999805023225885
