0.5593570109410309
0.6129050022340168
0.7074399427120196
0.7615363440016107
0.7924802567304268
0.8136140637612881
0.840283449984862
0.8512348742929585
0.8665527918693757
0.8729855677777536
0.887814288656589
0.8979798735946758
0.9047334473012054
0.907054112224005
0.9224653262034495
0.9301903126954156
0.9336969056486164
0.9403880305989155
0.9443276429618899
0.9498531168909969
0.9514915878777433
0.9610163306821642
0.9634676105692016
0.9628646631740571
0.969036054029299
0.9708434779321208
0.9727605084880003
0.9741801650606168
0.9783061264623214
0.9798824811028246
0.9804453841748647
0.9825721211112296
0.9860208525660212
0.9849378829889367
0.9866228913738677
0.9866462487156232
0.9878423928129593
0.9897414289082075
0.9893428914944219
0.9919622378709025
0.9909666921204076
0.9926259498116764
0.9917213514336334
0.9921143486809684
0.9923881658676195
0.9930930523254539
0.9930895952615886
0.9944098834087483
0.9948698945094689
0.9943350246796686
0.9952905039463937
0.9950492629384715
0.9954539166960183
0.9951781050494451
0.9961898280859757
0.9966732851711151
0.9970068475127689
0.9967675566434374
0.996508321174884
0.9969112464004984
0.9971242990415202
0.9977141716438414
0.9977644320338807
0.9970604763240101
0.9980878004692654
0.9978971744220354
0.9981229029638958
0.9979750470016642
0.9980235788597707
0.9988608974564386
0.9983739833074342
0.998421717381572
0.997649152250378
0.9986470913527797
0.998420033170971
0.9990654404017923
0.9991969417926622
0.9988897949646447
0.9991594016247936
0.9991399888815508
0.9985901827629998
0.9990199667155665
0.9988870027207536
0.9994108365389844
0.9993678891686599
0.9994769639657379
0.9994773628577225
0.9993500276720234
0.9995807202030237
0.9995336952701915
0.9993880110532083
0.9995069251859025
0.9994230692265073
0.999651678654922
0.9996636897357869
0.9996594792092844
0.9996684764396001
0.9995839113388992
0.9996790249165218
0.9996031024754838
0.9997135069125099
0.99975964541871
0.9997912022068123
0.9997983822625321
0.9997668697957615
0.9996653296250562
0.9997533517896221
0.9998203656430079
0.9998192132883862
0.9998033019303402
0.9996175512295867
0.9997873019296312
0.9997881440349317
0.9997141717324841
0.9999160553979415
0.9998385373889657
0.9997767091313776
0.9996647977690769
0.9998677894678245
0.9998836121832072
0.9998683656451353
0.9996539390428338
0.9998479335112659
0.9999070581676258
0.9998985484719578
0.9998703601050576
0.9999367091384691
0.9998721772796533
0.9999240332376302
0.999769750682316
0.9999112686941283
0.9997426260273741
0.9999260720188841
0.999929440440086
0.9999374182797748
0.999948144042023
0.9999329861466143
0.9998738614902544
0.9999494736819711
0.9997491855844515
0.9999450415488108
0.9998866260337562
0.999948365648681
0.999904354566398
0.999848686973903
0.9998886648150102
0.9998617174453946
0.9999287756201118
0.9999289085841068
0.9999481440420229
0.9999695069238562
0.9999633905800949
0.999796609409268
0.9999541274217896
0.9999000553972324
0.999920487531102
0.9996691412595742
0.9999171191099001
0.999937950135754
0.9999365761744743
0.9999459722967744
0.9999209750657496
0.9999163213259311
0.9999695955665194
0.9999598005522349
0.9999853739605705
0.9999730526303846
0.9999739833783483
0.9999785041541719
0.9999723878104105
0.9999066149543098
0.999954747920432
0.9999693739598614
0.9999737617716903
0.9999543490284476
0.9999754903036229
0.9999476121860438
0.9999688864252138
0.9999852853179073
0.9999783711901771
0.9999818725753739
0.9999508033219192
0.9999624598321312
0.9999855955672287
0.9999792132954776
0.9999796565087936
0.9999797008301253
0.9998806426539898
0.9999775290848766
0.99998342382198
0.9999799224367834
0.9999727423810634
0.9998599445921306
0.999988698060441
0.9999711911344572
0.9999923767309641
0.9999760221596021
0.999952177283199
0.9999805872567573
0.9999176066445477
