0.5371273041051627
0.5490466586666541
0.6557947746793354
0.6931013271114487
0.7099451034298492
0.7288651036954744
0.75734952320238
0.7938566114947054
0.819261241033189
0.8414781214501897
0.8556784854351336
0.8682581925909258
0.8795882884192007
0.8908147708043294
0.8940819145811165
0.902388617013464
0.914078234887867
0.9200687227636293
0.9283441263189475
0.9294959835874743
0.9381168954951492
0.9463284317631746
0.9534547124292382
0.9556880655282276
0.9587835293492646
0.9623350973985898
0.964269084795445
0.967846531791456
0.9705406766260573
0.9727948793669989
0.9770432258487903
0.9762157831496612
0.9800136406463136
0.9822046596947808
0.9840863032598488
0.9826520236750371
0.9860270289484828
0.9881753721490191
0.9889832835676304
0.9899088709513608
0.9892334792710613
0.9918247919137373
0.9914077990746862
0.9925623907224854
0.9934192279987938
0.9926250861329472
0.9925954962429628
0.9940004789069983
0.993339735687087
0.9934674702616721
0.9960843688818265
0.9957737238651936
0.9952159104936101
0.9962994082803256
0.997183198723748
0.9966146431478798
0.9967910106109541
0.9971415970962454
0.9971192337800528
0.9977852016175025
0.9974047811012204
0.998074020428157
0.9980774384022475
0.9982763644943196
0.998111715799556
0.998092477488246
0.9980017546902418
0.9982271456674151
0.9982097628277544
0.998495798430935
0.9983046848510702
0.9987404277194183
0.9991243150379923
0.9989531233642553
0.9987817363777132
0.9992538074278241
0.9989258772279332
0.999356737276152
0.9993386708416732
0.9990310531735205
0.9989890609204077
0.9988785138726779
0.999056834463804
0.9992739246467572
0.9993978506216417
0.9994581046220383
0.9996485346070852
0.9994519522686754
0.9993038075059493
0.9994707022979724
0.9994299795780931
0.9995444328819264
0.999533397708434
0.9996666986979668
0.9991907213917521
0.9994907218605029
0.9991989245295696
0.9996353509927359
0.9995743157411183
0.9995818352841176
0.9997335933337396
0.9998300778594967
0.9995402336566152
0.9996685541696159
0.9997050776641838
0.9996129876765433
0.9997665035414118
0.9997691402642817
0.9997606441572565
0.9998325192695613
0.9998220700344844
0.9997790035609431
0.9998570310266109
0.9997296870776362
0.9996429681921378
0.9997174800273125
0.9997497066401667
0.999748437106933
0.9998333005207821
0.9998608396263119
0.9998545896165463
0.9996640619750968
0.9997891598268123
0.9998497067964169
0.9996339838030996
0.9999136717401121
0.9997967770262142
0.9996949213983147
0.9998968748388669
0.999848730232391
0.9996499017967215
0.9997641597877497
0.9996976557775872
0.9997775387149042
0.9999192381550597
0.9998428708482356
0.9998867185729977
0.9998691404205319
0.9999222655035398
0.9999451171017455
0.9998081051689144
0.9999288084825132
0.9998991209361264
0.9999587889981078
0.9998820310656735
0.9999405272508238
0.9999651366642761
0.9998857420089718
0.9999500975782775
0.9999282225440977
0.9999419920968626
0.9999225584727477
0.999900878751373
0.9999108397044371
0.9998868162294003
0.9999400389688109
0.9998591794674679
0.9999609374389647
0.9999032225050352
0.9998856443525693
0.9999471678861999
0.9999076170431517
0.9999582030596923
0.9999708983920287
0.9999425780352782
0.9996612299394219
0.9998697263589474
0.9999549803984069
0.999970605422821
0.9998224606600947
0.9999683593255614
0.9999268553544615
0.9999563475880431
0.9999393553739927
0.9999455077273559
0.9999695312023925
0.9999382811535643
0.999953515552368
0.999970605422821
0.9999691405767821
0.9999418944404601
0.9998889646702572
0.9999356444306944
0.9999770507453918
0.9999304686413573
0.9999644530694579
0.9999728515200805
0.9999674804179381
0.9998499997656247
0.9999558593060301
0.999947851481018
0.9999124022068785
0.9999521483627318
0.9999809570014953
0.9999680663563536
0.9999825195039368
0.999962792910614
0.9999798827810668
0.9999799804374695
0.9999869140420531
