0.552941250612245
0.6557691559183674
0.6888874253061226
0.7357790693877551
0.7717827526530612
0.7998739004081632
0.8218039183673469
0.8408013257142857
0.8538661224489796
0.8654399085714286
0.8722289371428572
0.8863210318367348
0.898638288979592
0.8981426285714285
0.907476937142857
0.9143945991836734
0.9155519085714288
0.9194804375510204
0.9271580408163265
0.9330901812244898
0.9362201861224488
0.93528933877551
0.9425547363265306
0.9465139265306122
0.9478271869387754
0.9532254432653062
0.9541051689795919
0.9574826710204082
0.9591561991836737
0.9618432261224491
0.9632903248979593
0.9662010448979591
0.9665994122448979
0.9685388408163265
0.9701654465306123
0.9702120881632654
0.9720535836734693
0.9724734759183673
0.9753218742857142
0.9750037420408163
0.9773552195918368
0.9779469844897959
0.9802682122448978
0.9814588342857143
0.9803473502040816
0.9821761697959183
0.9833815118367346
0.9845564604081631
0.9852633338775509
0.9848880326530612
0.9861954742857144
0.9875984457142858
0.9860259918367347
0.9886005681632654
0.987745789387755
0.9891396963265305
0.9893654726530612
0.9911702204081633
0.9904039444897959
0.9899394873469387
0.9919751967346939
0.9925778742857144
0.9913291885714285
0.992346749387755
0.9932608848979594
0.9936461453061224
0.9933579363265308
0.9943517518367346
0.9944909061224488
0.9943350334693878
0.9943436016326531
0.994708029387755
0.9947657404081632
0.995342746122449
0.9957509355102041
0.9955668375510204
0.9957429942857143
0.9957804081632654
0.9955624946938775
0.9960326269387756
0.9966290677551022
0.9965926791836736
0.9965828310204082
0.9961554677551021
0.9963066253061225
0.9970122448979593
0.9962151836734695
0.9964863346938774
0.9970934204081634
0.9972712163265307
0.9970495869387755
0.9974670759183674
0.9977126661224489
0.9976498677551022
0.9974305697959184
0.9979006955102041
0.9979910530612245
0.9980334367346938
0.9981602220408164
0.9982691265306122
0.9982435526530612
0.9984878628571429
0.9984063020408165
0.998289175510204
0.9983767771428571
0.9982353502040816
0.9985616587755102
0.9984251820408163
0.9985450318367347
0.9988680097959184
0.9984049240816326
0.9987230955102041
0.998912666122449
0.9989075722448978
0.9985198889795918
0.9987375934693877
0.9988273828571429
0.9988002089795919
0.9987230824489796
0.9992182987755102
0.9987702726530612
0.9990528653061226
0.9991209012244898
0.9993407346938774
0.9989161273469387
0.9991680653061223
0.999355546122449
0.9991427395918366
0.9991662171428571
0.9992807640816328
0.9992996832653062
0.9991428310204082
0.9992577959183673
0.9993780897959184
0.9994036636734694
0.9992880848979591
0.9993924440816327
0.9992717322448981
0.9994789485714286
0.9992401632653062
0.9992574563265305
0.999478262857143
0.9992938187755103
0.9993933453061226
0.9995081142857143
0.9994904555102041
0.9994981551020408
0.9995937567346939
0.9991933257142857
0.9995954677551021
0.9994481893877551
0.9994976130612244
0.999555787755102
0.9995817926530612
0.9996827951020408
0.9995465273469387
0.9995952326530612
0.9996526236734693
0.999737652244898
0.9996919379591837
0.9995505240816327
0.9996433893877551
0.9995186024489795
0.9997439608163265
0.9996766563265306
0.9997336163265307
0.999633044897959
0.9996787722448979
0.9997515493877551
0.9998076604081632
0.9997577926530612
0.9997722775510205
0.999747278367347
0.9997943379591836
0.9997526726530611
0.9997739624489796
0.9998366302040816
0.999854321632653
0.9998719999999999
0.9996369632653062
0.9998101812244898
0.9998642677551021
0.9997943248979592
0.9998266906122448
0.9998303346938775
0.999504052244898
0.9998596048979591
0.9997664130612245
0.99982208
0.9997935281632654
0.9998651428571429
0.9998445714285714
0.9998972995918367
0.9998648424489796
0.9998215314285714
0.9998346318367347
0.9998822008163266
0.9998093322448979
0.9999047444897959
0.9998029191836735
