0.5681832386452416
0.6002896893105581
0.6326055162844768
0.6573884836780229
0.6705002843767772
0.7024700154375965
0.7282326764542277
0.7611641322758268
0.7901283758023487
0.8170535440846505
0.8331661447884049
0.857900674379215
0.880708629428934
0.8992353077206732
0.9155932224576404
0.9231167069794187
0.9311901949387185
0.9449293433083957
0.9474684216776355
0.9537231482696766
0.9550137813361333
0.9660810380064875
0.9678841742760893
0.9766107913174457
0.9792983081144258
0.9818514490715566
0.9831873949212183
0.9859467871674198
0.9857952237201482
0.988921805761286
0.9891546197163732
0.9919124494528092
0.9929468309176932
0.9925093281833011
0.9914280714254463
0.9945609035056469
0.9948109050681566
0.9937483984274902
0.996556228476428
0.9954280964256027
0.9961249757810986
0.9972968581053632
0.9979874874217964
0.9973296708104424
0.9981656135350846
0.9984656154100964
0.9984499903124394
0.9985093656835355
0.9990656191601198
0.9989031181444885
0.998820305126907
0.99889530559566
0.999024993906212
0.9996796854980343
0.9989953062206639
0.9996624978906118
0.9995296845605285
0.9996156225976411
0.9995953099706874
0.9996921855761598
0.999865624160151
0.9995187469921687
0.999621872636704
0.9996046850292815
0.9993421833886462
0.9996296851855324
0.9998281239257746
0.9997921862011637
0.9998031237695235
0.9999468746679667
0.999860936630854
0.9998781242382765
0.9999624997656236
0.9999171869824187
0.9999609372558578
0.9999546872167951
0.999870311689448
0.9999390621191382
0.9999499996874981
0.9998999993749961
0.999995312470703
0.9999718748242177
0.9999796873730461
0.9999812498828117
0.9999593747460922
0.9999937499609373
0.9999828123925775
0.9999578122363264
0.9999781248632804
0.9999687498046863
0.9999656247851549
0.999831248945306
0.9999531247070294
0.9999874999218745
0.9999937499609373
1.0
0.999995312470703
0.9999937499609373
0.9995453096581853
0.9999968749804686
0.9999874999218745
0.9999374996093724
0.9999124994531217
1.0
1.0
0.9999671872949206
0.9999671872949205
1.0
0.9999468746679666
0.9999921874511716
0.9999062494140588
0.9999828123925775
0.9999812498828118
0.9999984374902343
0.999995312470703
0.9999968749804686
1.0
0.9999984374902343
0.9996218726367041
0.999945312158201
0.9999656247851549
0.9998609366308538
0.999995312470703
1.0
1.0
1.0
1.0
1.0
1.0
1.0
0.9999937499609373
1.0
0.9999968749804686
0.9999984374902343
0.9999984374902343
1.0
1.0
1.0
1.0
1.0
0.9999984374902343
1.0
1.0
1.0
1.0
0.9999984374902343
0.999382808642554
1.0
1.0
0.9999984374902343
1.0
0.9996546853417834
0.9999109369433559
0.9999734373339834
1.0
0.9999984374902343
0.9999984374902343
1.0
1.0
1.0
0.9999984374902343
1.0
1.0
0.9999843749023432
1.0
1.0
1.0
0.9999984374902343
1.0
1.0
1.0
1.0
1.0
1.0
0.9996906230663942
0.9999890624316402
1.0
1.0
0.999974999843749
0.9999859374121088
0.9999921874511716
1.0
1.0
1.0
1.0
1.0
0.9999609372558579
1.0
0.9999984374902343
1.0
1.0
1.0
0.9998937493359333
1.0
1.0
0.9999749998437489
1.0
0.9999968749804686
0.9999984374902343
0.9999984374902343
