0.559854899412406
0.5860237182257367
0.6143583227445997
0.6213698650017092
0.6510059565657673
0.6973005582466347
0.7378147595121227
0.7842450125452307
0.8072944549435948
0.8293967566225272
0.8511910712788394
0.8751672966156903
0.8771980356555448
0.8904223292203898
0.9084524700236716
0.9173441843665142
0.9279334554531441
0.9315724591876882
0.9416114655022284
0.9467908074742485
0.9498404433723128
0.9556659937177098
0.9602092054257316
0.9643363927785913
0.972510545733654
0.9700035152445514
0.9744374802469055
0.9802630305923026
0.9847264236740434
0.9848521984790923
0.9864022117015719
0.9869758576874205
0.991323150949116
0.9907954611420351
0.9931650262192094
0.9935113100574696
0.9948952360373843
0.9956724598326873
0.995443485187598
0.9964408148917367
0.9968201549287599
0.9977457284941208
0.9970160733750862
0.9979682531492076
0.9984274118125116
0.9984322493050135
0.9981827153167913
0.9988712517495598
0.9986414708557202
0.9990083140371132
0.9987785331432737
0.9992139074684434
0.9994311915066532
0.9994602164616645
0.9992860667315966
0.9994944820335528
0.9995468882023233
0.9991864950109327
0.999397732183515
0.9994727133172944
0.9996666161417449
0.9996484755448629
0.9997093473255116
0.9996641973954941
0.9998472158618154
0.9997230535542669
0.999702494211134
0.9997343410367714
0.9999092970155896
0.9996956410967562
0.9997041067086346
0.9997472410167765
0.9999294532343475
0.9998730158218254
0.9999665406768619
0.9998351221305607
0.9997254723005179
0.99993590322435
0.9999443688362283
0.9999217938712195
0.9999048626474629
0.9998714033243249
0.9999802469056173
0.9999504157018557
0.9999371125974754
0.9999834719006185
0.9999657344281117
0.9999391282193513
0.999923003244345
0.9999117157618406
0.9999572688162333
0.9999375157218506
0.9999608969356097
0.9999810531543676
0.9999673469256123
0.9999871000199949
0.9999278407368468
0.999974603164365
0.9999125220105909
0.9999842781493689
0.9999830687762434
0.9999911312637465
0.999994759383123
0.9999766187862409
0.9995964725004676
0.999930662607473
0.9999911312637465
0.9999915343881217
0.9999879062687453
0.9999891156418708
0.9999903250149963
0.9999935500099975
0.9999258251149711
0.9998302846380588
0.9999580750649836
0.9999750062887403
0.9999713781693638
0.9999242126174704
0.9999919375124968
0.9999883093931204
0.9999604938112346
0.9999955656318733
0.9999991937512497
0.9999919375124968
0.9999971781293739
0.9999689594231129
0.9999967750049988
0.9999995968756248
0.9999987906268745
0.999989518766246
0.9998597127174452
0.9999713781693638
0.9999967750049987
0.999994759383123
0.9999951625074981
0.9999951625074981
0.9999983875024994
0.9999887125174955
0.999966540676862
0.9999971781293738
0.9999866968956198
0.9999959687562484
0.999997581253749
0.9999995968756248
0.9999927437612471
0.9999995968756248
0.9999939531343727
0.9999991937512497
0.9999907281393714
0.9999951625074981
0.9999987906268746
0.9999903250149962
0.9999951625074981
0.9999790375324918
0.9999979843781243
0.999989921890621
0.9999987906268745
0.9999991937512497
0.999992340636872
0.9999883093931204
0.9999963718806236
0.9999919375124968
0.999982262527493
0.9999959687562485
0.9999613000599848
0.9999915343881217
0.9999991937512497
0.9999951625074981
0.999810128419301
0.9999983875024994
0.9999979843781241
0.9999891156418708
0.9999975812537492
0.9999979843781241
1.0
1.0
1.0
0.9999947593831229
1.0
0.9999991937512497
1.0
0.9999963718806236
1.0
1.0
0.9999983875024993
0.9999991937512497
0.9999979843781241
1.0
0.9999967750049987
1.0
0.999994759383123
0.9999935500099976
0.9999871000199949
0.9999979843781243
1.0
0.9999979843781243
0.9999987906268745
0.9999995968756248
0.9999625094331104
0.9999697656718631
