0.6180981915660739
0.7087887934768378
0.7725394219134615
0.7915656546677958
0.8144570366904144
0.8344877791573826
0.8457309939207286
0.8722467672349857
0.8775071941407357
0.8878542572897659
0.9012887549103102
0.9063369116478429
0.9162364527654969
0.9189749768501946
0.9232850216704331
0.9284413070848887
0.936323015831263
0.9362320067370778
0.9412858357208321
0.9436137587966293
0.9463436439791322
0.9528361587105568
0.9536490461805491
0.9518789018942692
0.9572284313232986
0.9581351996104582
0.964308976824088
0.9652918655479868
0.9691999482615199
0.968114436974185
0.9708098377476515
0.968289714920183
0.975203091334635
0.9742191346145859
0.9771314968282492
0.9782434390425374
0.975797719946885
0.9788496653018731
0.9813539184976537
0.9820801954353844
0.9813632298418693
0.9840574281307812
0.9840453953741526
0.9853246016077694
0.9844622065828909
0.9869716494488547
0.9879714837116744
0.986053544580335
0.9883773064266866
0.986398388670697
0.9885032192172853
0.9888086661163191
0.9888908068869138
0.9906433094590046
0.9899540247434931
0.9908157789706812
0.9911071520537764
0.9908890830620162
0.9903732330102579
0.9924312774143735
0.9925605128596626
0.9920611653261997
0.9925714380647276
0.9918143237270375
0.9938192135671903
0.9943915645708495
0.992805503265497
0.9943149694691545
0.9931924976039309
0.993875603763935
0.9949296131203722
0.994241617911324
0.9951552530181769
0.995685778128151
0.9960488572638968
0.9953955600631147
0.9955849513804642
0.9960728120219974
0.9957335848002786
0.9961357684172969
0.9962121261865141
0.9964708264984876
0.9966479951932261
0.9970074431420605
0.9966220784866415
0.9969315679488818
0.9972023880393924
0.9973727452920159
0.9967006513589854
0.9972979855614832
0.9977012609078996
0.9979991764563018
0.9980763569781088
0.9977687107981136
0.997370292856411
0.9974705420950682
0.9980192547839306
0.9982703683676943
0.9977594231871458
0.998329052778392
0.9970567766531295
0.9980091285982077
0.9982827096565442
0.9982268415912511
0.9987106675806604
0.997991747949744
0.9983907117561457
0.998241508738384
0.998023669168019
0.9986616821572256
0.998682551593114
0.9985453101322378
0.9983087371182853
0.9989470507286303
0.9987302237768378
0.9990899090581501
0.9988336690928639
0.9991650643428126
0.998671017234689
0.9990289304334998
0.9990754475991644
0.9989028752434141
0.9992120878177635
0.9990398002609866
0.9992046355779581
0.9993006128320133
0.9988945211401926
0.9992604561767557
0.9992462162280827
0.9991920886009606
0.9992075785006838
0.999010086234756
0.9993645343793895
0.999239634207363
0.9994649418396985
0.9993237448375242
0.9992240335524836
0.9994959532834751
0.999370103781537
0.9993986469675437
0.9992610415968678
0.9994785963682593
0.9995704915036951
0.9996051104011352
0.9994444363136097
0.9995427394259481
0.9993461332012711
0.9993718758640386
0.9996595386493964
0.9995211500815435
0.9996287328937672
0.9996512636570007
0.9995245281138121
0.9992278941607903
0.9995469006553936
0.9995942563958136
0.9995739090913767
0.9996338197198765
0.9996985877530904
0.9995001461572509
0.9996137967698259
0.9997097423795507
0.9996601240695083
0.9996893476086182
0.9996824966110901
0.9996484156672661
0.9996527984070244
0.9996449189687587
0.9996692851031546
0.999710580954306
0.9997050115521584
0.999746750423935
0.999685629399798
0.9996583519870068
0.9997211818049847
0.9996248722854604
0.9997084924285006
0.9996783195594793
0.9997038565340994
0.9997448834084425
0.9997770340481127
0.9997474624213687
0.9997202482972383
0.9997900082235703
0.9997506268544071
0.9996514297897353
0.9997184287482412
0.9997579841612214
0.9997278271143655
0.9997180331941113
0.9998050867469985
0.9997462757589795
0.9998226493503618
0.9998082353578717
0.9997716228676171
0.9998066531413524
0.9998014951154999
0.9997214982482884
0.999743775856879
0.9997791700404137
