0.6121019381667157
0.7229667561031992
0.7769867637395033
0.7959756352547902
0.8118376220445036
0.8270361919257773
0.8418182131048328
0.848815100142077
0.8645215946369249
0.8738471648272872
0.8796152497513007
0.8871091134354797
0.898681990789682
0.8992415643514466
0.9072004568795567
0.9179442692654342
0.9162819250759084
0.9262925159024735
0.9308364025734864
0.9341131432742082
0.9331121575676034
0.9396675285647125
0.9409008436297898
0.9453780684825832
0.9496875478892373
0.951733674802534
0.9534722976184602
0.95552802185957
0.9607834094799261
0.9619424913572102
0.9625383373636051
0.9626576611091342
0.9678210299660002
0.9692253242182528
0.9686201795830163
0.9700963823658516
0.9739731118978294
0.9746839375277595
0.9751110510827188
0.9772845796006784
0.978090378516531
0.980354672560993
0.9819190110206933
0.9805887681394692
0.9820390035921799
0.9845532891951491
0.9806654753339584
0.9847074957857471
0.9865392412526656
0.9850636878154195
0.9872252164268851
0.9875313698854293
0.988484128695101
0.9886691467339215
0.9889939169305174
0.990504112954964
0.989917195450425
0.9898401830635086
0.9913107430331712
0.9920612047178853
0.99237650096233
0.9925227076152654
0.9932344812897561
0.9930562878730815
0.993236091666818
0.9942554863208858
0.9939758261623935
0.9937748666893503
0.9936535039986701
0.9942365643904075
0.9947386448936761
0.9948640919681145
0.9953959709404862
0.9956785012064842
0.9956672545408737
0.9949486757246048
0.996038511388223
0.9967937197891965
0.9963802879458082
0.9965603449843248
0.9965237543603557
0.9966434807001503
0.9965884032072477
0.9973713321714376
0.9970772435539462
0.9973359558237208
0.9976633298961306
0.9978422895406011
0.9972450604281006
0.9977795887304775
0.9977057841107733
0.9973925008376557
0.9980786383482726
0.9979939247226645
0.9982584940896565
0.9984193240052676
0.9987086723999553
0.998263104443342
0.9983502596083667
0.998246143536544
0.998368688036197
0.998617660122129
0.9983897008594738
0.9985932771952426
0.9989455406840987
0.9983738438401779
0.9986895946265353
0.9989603587504513
0.9989886961919777
0.9991236302054789
0.9988194507575267
0.9990871239964364
0.9988495024714092
0.9991411625363957
0.999031215341179
0.9990496567559213
0.9990827409137071
0.9992500577917574
0.9990671436326471
0.9991293054859313
0.9994256278522504
0.9991192795900291
0.9989936571922816
0.999262109645899
0.9991647727420306
0.999450121167887
0.999264395342374
0.9987055555411255
0.9994213551582714
0.999061747570798
0.9994588743464337
0.9994050695708864
0.9994099786235432
0.9993222130736643
0.9994196149120916
0.9994452510759657
0.9996151848167416
0.9990754487627369
0.9995511073939684
0.9996184834923364
0.9995334451939335
0.9993938748529233
0.99958332792212
0.999574795521074
0.9993272779692626
0.9996838076586416
0.9996634052202189
0.999614171837622
0.9996746129250942
0.9994541081498065
0.9996367171164902
0.9996082108451103
0.999747573395532
0.9996489962415877
0.999728560556671
0.9996508858372533
0.9997588720087897
0.9996990283192598
0.9996088601906999
0.9997936899192994
0.9998017288176976
0.9998079755222687
0.9997490539034761
0.9997997677940172
0.9997855081648716
0.999755742163048
0.9997082100658956
0.9997507162281852
0.9998009885637255
0.9997935730370932
0.999807585914915
0.9997632875587982
0.9998394557964484
0.999240304621003
0.9998134430121324
0.9997233138443078
0.9998244689002425
0.9998869619197772
0.999849754417498
0.9998454038020483
0.9998751178562245
0.9997805341776559
0.9998104430355088
0.9998654555938525
0.999867533499739
0.9998147546902232
0.999862273800464
0.9998304169058422
0.9999074552665823
0.9998488323467609
0.9997638330090934
0.9999194681599883
0.9998372220476205
0.9998573647478071
0.9998752736991658
0.999875455515931
0.999932740783838
0.9998876632130139
0.9999026760830434
0.9998620140622282
